-3.917180812673283e-35
2.1738879680633545
-0.14367908239364624
-3.91733320219972e-35
3.918012497885364e-35
-3.9583559036254883
-20.460481643676758
9.85354995727539
-3.918192725046574e-35
-16.112104415893555
20.513017654418945
0.42555853724479675
2.6507673263549805
0.16273047029972076
0.11169395595788956
-0.14387382566928864
-3.91733320219972e-35
51.830650329589844
0.3620336949825287
0.09629139304161072
-3.9171607236584984e-35
3.917995278729834e-35
9.24956226348877
-0.7154644727706909
-3.5288100242614746
1.6488193273544312
-13.323119163513184
-6.556687355041504
1.8541491031646729
-12.373602867126465
0.5402672290802002
-6.549112319946289
