0.03162277660168379
2.6810622313582217
3.2554054169505426
0.03162277660168379
0.03162277660168379
3.449997337450852
8.027705888273019
3.341265541665594
0.03162277660168379
10.989057498465911
6.849946622988603
0.04061476859449108
8.19577799336365
5.06611151983417
1.2785893521494904
0.1199474757202012
0.03162277660168379
19.007947980404968
18.77146538877018
16.087721458872952
0.03162277660168379
0.03162277660168379
6.312236861683665
2.6619925102168644
2.7179688966668274
3.8889285852374122
8.11722512999579
11.177856746501652
15.987471699514387
2.374043237011224
2.3204033473048065
3.2647821645229422
