0.6804928779602051
0.5984107851982117
3.538217306137085
0.4488668739795685
0.02729351632297039
0.632807195186615
0.8182492852210999
0.6493987441062927
0.766455352306366
0.700066089630127
0.7768929600715637
0.06035296246409416
2.451878547668457
3.5270280838012695
1.1923575401306152
0.44477948546409607
0.46937060356140137
0.7852866649627686
3.462785482406616
3.674933910369873
0.5434255599975586
0.9692554473876953
0.7228447198867798
3.544435739517212
0.5841048359870911
2.4384593963623047
0.7303479909896851
2.2318115234375
0.9514555335044861
1.0964975357055664
0.7868455648422241
0.7489830851554871
