-0.454986035823822
0.38078972697257996
2.2514801025390625
0.784987211227417
-0.7473978996276855
4.951090335845947
2.867600440979004
1.7249234914779663
-0.21854667365550995
1.3899487257003784
2.740771770477295
-0.26462414860725403
1.8010221719741821
3.269286632537842
4.367405414581299
-0.6871078014373779
2.3015642166137695
2.4191746711730957
5.117063045501709
3.727877616882324
-0.3126971125602722
-1.2350144386291504
0.6503468751907349
2.676893711090088
-0.8095963001251221
2.308671236038208
1.0191915035247803
2.5476467609405518
3.033607244491577
0.23937611281871796
0.03492004796862602
-1.0651915073394775
