-0.088205
-1.134281
-7.242759
-3.464562
-5.454593
0.809997
-3.330830
-2.426488
0.070050
-2.035676
3.408443
-2.114895
0.418322
-0.462776
-2.311282
-0.519807
-0.964488
-1.966588
-2.344238
-0.308490
-0.661415
-1.868985
-4.332740
-0.291437
-1.779954
-2.134639
-2.943494
1.428972
-2.253676
-1.167018
-3.300797
-0.103613
-0.434892
-2.559059
-1.916544
-3.329201
-0.618794
-2.130964
-0.849229
-0.033402
-0.000816
0.449818
-2.861573
2.983662
1.108884
-0.863677
-0.511796
2.180046
-2.136827
-5.078823
-9.257065
-1.788624
3.455279
-0.592651
1.546338
0.329393
1.170227
0.545978
-2.409384
3.401838
2.020264
1.952600
0.877804
3.921648
1.203397
-0.961112
3.881375
-0.521120
5.146924
1.303476
-2.292812
-0.583274
-6.256805
-2.007424
-5.871077
-2.420472
-1.774366
-0.065674
3.741458
0.723603
0.298286
-3.042581
0.786134
-0.226385
-2.236271
-1.815064
-0.755568
-2.249732
-3.218366
-2.670902
-2.113545
-2.275760
-2.842097
-2.146689
0.822735
-1.916955
-3.466422
-1.480759
-0.887357
-2.610813
-6.136739
-1.583994
2.406538
2.685026
-0.892149
-3.328099
-3.231006
-1.156931
-0.602151
-2.840421
1.404240
1.414624
2.272782
5.123344
2.971089
2.935197
0.202889
5.917072
3.100025
-0.101744
1.540883
-0.173187
2.688452
-0.539983
-0.636038
1.360763
2.764615
-6.156321
-6.218752
-5.206599
-3.870097
-6.006436
-4.976422
-0.186741
-5.701936
-2.487021
-1.650908
-4.204219
-4.371948
-1.741780
1.539167
-0.280211
-0.051949
-5.647093
-3.198170
-2.764158
-3.345605
-2.690155
-3.838936
-0.613716
-1.639718
1.389016
-1.092768
-1.636050
-0.106615
-0.647125
-2.595602
-0.615909
-0.662993
-1.225687
-0.729243
-2.447610
-1.170105
-1.152141
-1.376197
-3.235686
-3.916299
-0.639585
-2.453348
-1.309374
-2.705699
0.218251
-0.741395
0.214354
0.097966
-3.137081
-0.997875
-1.781551
-0.143686
-2.371185
0.345576
-2.059421
0.219428
2.052703
-2.989211
0.462179
0.874329
-1.948404
0.013824
1.903343
0.562197
-1.614148
-0.074254
0.880421
-1.559827
0.189467
-1.733935
-2.455240
-1.621705
-0.052044
1.392807
0.601077
-2.102828
-4.144566
-2.356736
-1.692608
-0.277415
-1.419196
-0.859868
-0.328199
1.567721
-0.870179
-2.815785
-0.657177
-4.113132
-2.010827
-2.299094
-3.208194
-1.431128
-3.054906
1.764659
0.583738
-4.431677
1.780248
-0.712686
-1.323147
-1.891476
-1.605081
-3.829425
-4.200489
-3.069770
-2.647591
-1.571939
-1.254285
-1.856045
-2.984455
-0.919368
-0.777173
-2.558067
-2.530445
0.694102
-1.199059
-2.502155
-2.443849
-3.210418
-2.858227
-4.562489
-4.647537
-2.729592
-2.615315
-2.856534
-4.953964
-0.214843
-0.069401
0.390082
-2.856717
-1.031072
-2.850740
-2.113423
-0.000305
0.513225
-1.148940
0.421243
-0.763163
0.491525
-2.682506
-0.169332
-2.993256
-0.761870
-3.988088
-3.768222
-0.647203
-1.434261
-1.336849
0.237382
-1.543607
-1.917348
-0.015288
-0.842477
-0.640592
0.503025
2.837136
2.954110
1.356232
-0.184208
-1.890752
-2.488761
-1.267720
-2.529043
-6.434371
0.166202
-3.623466
-0.689917
-3.099222
1.614719
-2.891256
-3.738868
1.050017
0.845485
-1.049721
-4.379929
-4.341433
-2.287995
-3.567527
-6.029984
-1.668596
-1.746062
-1.999292
-2.376692
1.090302
0.024098
-1.116011
-2.137018
-1.989313
2.340131
0.203804
-3.178760
-2.380956
-2.312603
-2.991885
-2.850198
-3.618150
-0.865770
-4.647037
-0.734046
-1.451101
-2.380940
-2.359016
-0.028495
-0.452263
2.493187
-1.389879
-0.472869
2.363648
0.644246
-2.657603
-2.456321
-3.275558
0.850256
-2.646972
-2.055141
-1.066959
1.469108
-1.210541
-3.455462
0.969411
-1.211302
2.108612
-2.454021
-1.068505
-1.551188
-4.534545
-2.806718
-0.277976
-1.240046
-0.574792
-0.350018
0.008131
1.355806
1.621891
1.781458
2.373313
-1.411746
0.132493
-2.111869
-3.377373
-4.300476
-1.163981
-3.018835
0.855056
0.286357
-1.690896
-1.188519
0.157157
-0.607922
-1.405790
-1.951888
2.750480
0.386057
0.594506
3.296784
-1.902004
-1.568079
-4.778690
-1.820668
-0.138480
-3.182774
-0.037435
-3.845723
0.323440
0.281982
-2.491083
0.039219
-2.368763
-1.942405
-1.371985
-1.971499
-0.851654
-1.937448
-0.296587
-0.462905
0.591778
-0.770512
-4.611392
-2.971779
-2.900682
-1.075791
-1.248022
-3.205073
1.294131
-1.827995
-2.138768
0.260040
-0.380905
-2.723515
4.151350
-1.297347
-4.423991
3.667169
2.689144
2.177182
0.653127
-3.249333
1.250220
-2.548800
-1.078929
1.144829
0.918170
0.509068
1.911727
-4.057398
-0.763364
-0.907432
-1.681421
-1.546562
-2.760636
1.721675
-0.218972
4.172382
5.682325
2.017136
3.901140
0.758813
-1.692631
-3.303466
-1.840694
0.422718
1.602593
-2.342635
-3.541442
-0.942261
4.072597
1.309664
-1.012316
-1.187358
4.075414
-1.412107
-3.355674
-5.866905
-2.881880
-2.699824
1.335099
0.556493
5.151290
6.759633
-3.453049
-5.686136
-0.451016
-0.626828
7.911068
9.660146
-2.642226
-1.864564
6.151605
-3.027429
-2.831139
-1.011245
1.191020
-2.211440
2.027663
-5.564778
1.425447
2.238336
-2.807336
-2.441236
4.982492
-2.667380
2.951439
4.579449
-3.007802
-0.216330
-0.548942
-1.866476
1.240623
-1.247257
0.754780
-4.799599
-4.133243
-1.145230
4.627530
-2.489274
0.247289
-0.701738
4.756558
8.736919
8.087071
3.926860
4.305473
2.970332
0.445691
-3.109111
2.822638
4.251846
1.381080
3.161531
4.425151
2.859106
-3.515857
0.068771
-1.033892
-4.543708
4.736102
1.466835
-3.215444
1.703280
0.158125
2.471666
-1.424156
3.820582
-1.420188
1.237270
2.252262
5.617300
2.572451
-1.386610
1.883021
0.833401
-1.968451
-1.157404
0.333973
0.439031
0.859801
1.633436
-2.144889
4.415150
1.195690
-1.207951
-5.355639
-2.279932
-0.152721
6.847280
6.987991
-0.187248
-0.991800
-1.019592
-3.465949
0.429711
-3.148247
0.725072
-0.811335
-3.020768
-2.621547
0.980304
3.926108
-1.409023
-3.171346
1.635036
6.499376
-1.248244
-4.960427
2.398850
-1.462678
6.828859
1.852227
-0.499706
-3.857744
-1.699824
0.865674
-4.610793
0.681830
-4.549819
1.384666
-0.012850
3.022652
4.544623
6.568553
0.134858
-0.336099
3.094218
1.535814
-0.735038
2.508831
2.625027
3.830686
-0.672715
-2.834232
-0.441384
3.780055
-0.910897
3.004347
5.886508
-2.628208
-2.309561
-1.883889
4.402734
1.952001
4.947810
0.303115
-0.041182
-4.197899
-0.576813
-0.272155
-3.202422
-1.126830
-3.866124
-0.010650
1.011282
-0.420519
6.900650
4.287478
1.362708
0.881281
3.470241
4.806432
-1.248536
-4.406973
7.113746
-3.018343
-0.021342
4.934936
0.179198
4.726402
2.694916
7.006879
-3.622769
6.454694
1.039153
-2.947062
-5.123034
-3.462762
-4.563112
0.203510
-2.569361
0.815643
0.784355
-2.272734
-1.112537
6.879869
-0.306213
-2.080346
-0.104323
0.297112
-3.490726
6.295652
-0.723793
-1.213538
-2.645912
-4.236483
1.727010
7.424784
-1.590118
1.469624
1.493294
-2.239814
-1.434903
-2.584927
5.684855
0.969496
-3.042499
-4.490768
0.928624
-4.428556
-1.784974
2.150133
2.041258
-4.057356
-2.449886
2.663684
4.802337
3.795301
8.447658
0.229278
0.444836
0.439191
2.623947
-1.536203
5.622154
0.652967
-0.763115
1.435279
-1.729059
4.327592
4.078499
0.059181
-2.768921
0.541170
0.846255
-2.928722
-0.440018
2.149281
1.328181
-3.553276
-1.820775
-2.615856
-2.214085
-0.619835
-0.117975
-2.597636
2.337053
1.255082
2.472989
1.548836
4.950336
-3.413927
3.598415
5.609491
-2.305157
1.991872
-1.621323
0.873867
2.854779
-2.855382
2.790944
-0.192115
-2.198767
5.653858
4.157868
1.787852
-1.499370
5.283281
-4.532218
-0.041171
-0.246419
-4.597172
-4.303078
-3.886033
-0.217162
1.758351
6.129063
10.421723
-2.035104
0.168414
-2.751369
-2.397201
0.143880
1.999412
4.773393
-5.227665
4.881221
6.655998
-1.626957
2.360803
-3.465780
1.333274
0.220841
-1.378337
1.230457
-3.256102
5.463109
2.748548
1.041910
-1.518502
6.276977
2.886968
-0.397791
0.267424
-0.178662
1.383868
-2.719027
3.483597
-3.174489
-0.509767
3.379422
3.228896
2.137014
-3.709752
2.897208
2.108828
3.791281
-5.836857
-0.501055
-3.414564
-1.240069
2.987471
-1.914694
-1.858785
2.671425
0.901980
-0.242877
2.389593
0.952839
-1.277914
0.341791
-1.554000
-2.379894
-2.889884
0.631601
-2.962998
1.048402
0.171828
-2.792514
0.602944
-1.250642
-1.288553
1.182290
-7.021396
-3.607923
1.709921
5.735508
9.574859
3.880899
-0.629478
-1.342840
4.339341
0.678306
-5.486207
1.735896
3.068078
4.314152
-1.947037
-4.005299
-5.008167
1.275973
5.158745
1.190401
-5.051731
3.227893
5.732136
10.607062
-5.653119
-1.096906
2.106359
0.202137
-2.696254
-1.790411
0.629166
-0.158292
-0.151879
5.343622
-3.136696
2.984986
-1.666675
-0.675642
-4.314486
5.388415
0.303265
2.785106
-1.872113
1.944167
9.052791
-3.866297
0.799650
-1.361079
-1.938797
3.027230
5.449207
0.059233
-0.077981
0.326862
2.434423
2.645801
4.148584
1.500935
-4.922621
-1.645663
-4.296879
-2.237616
-2.457153
9.646767
-1.919190
-1.521147
-3.440845
-0.929865
-1.842465
-6.628476
-0.474021
-2.096739
-5.180010
4.810776
-1.381953
-5.215486
-0.614918
-2.071186
8.043764
-1.937762
3.125042
-2.040824
-1.099093
-3.822758
-0.638054
-5.830412
6.408389
-2.471037
2.737615
-2.921645
-5.437108
4.451359
-2.353909
1.175175
7.002031
-3.429239
4.813599
5.102480
-0.875247
0.188230
-0.737525
-0.429408
1.426020
-5.090669
5.240746
5.615466
3.431712
-1.403923
-3.808435
-0.290491
-3.654661
-1.129878
-1.922644
3.663839
-0.399163
-3.408089
0.872427
2.389773
8.920988
2.317546
10.404510
7.493803
7.719735
4.862789
5.079183
6.841290
6.538524
3.540632
3.084039
1.382264
3.782092
3.381037
3.743215
4.356194
1.540025
2.469540
5.273391
4.135632
2.101447
6.296879
2.646459
1.702245
1.552158
5.547441
4.981987
3.527825
5.145709
5.330822
4.056141
4.395347
3.487319
0.786655
0.986582
0.017717
5.673025
5.132634
1.548099
6.374818
1.702942
9.465789
2.247046
3.984027
11.581976
11.687747
11.010467
1.053517
1.531822
-2.108616
-1.580028
-1.622783
-2.993621
-1.281720
-2.486304
-1.044883
-1.767275
-1.782500
-2.776840
-1.994481
-1.390271
-2.805409
0.744893
-0.450948
6.782468
1.577969
-2.445733
6.211465
1.276906
0.010959
-0.884449
1.144455
5.076961
6.265733
0.717402
3.720087
1.829888
