2.259643672939609
3.4355873440890345
1.7259259533431148
3.7652753075279226
2.1358735920652556
2.6710034250103907
2.756956677832208
2.4613308209681612
1.5521450477295233
1.2290973399811267
1.2342885437638407
2.5204126660472945
1.3211799619620157
1.8451047739398962
3.001724157155253
1.9081973340855387
0.6908628285541811
1.600696333517457
2.1727556764306635
2.7968389542457266
2.7850241739809376
1.3414354843482104
1.5574162218514154
2.2402213007737495
2.211531504928211
2.7945906321226124
1.812100550865863
1.0857933337343013
3.1381134430490736
2.609291317631539
2.4860483114407947
1.796683877085186
2.250904553315397
2.5458569652836167
2.1478949012973243
1.8097182206273656
1.344676102632718
2.4532459158284667
2.8054834922205605
1.2783507881232843
2.395474485729244
2.924475437957932
1.248524730246481
1.5907149721491995
1.791878449217474
1.7321426392949772
4.1877854179928224
2.095554104273323
2.6912992504980195
2.0896997878641943
1.6067170576579874
2.025388641739024
2.33648493059598
1.6979654046613069
2.018529901463996
2.2051159839877212
1.6789374733529272
3.260129925063708
5.339024340476744
6.348352769478251
2.3843991011655152
1.6936901647830505
1.724368556454086
2.3611199351526064
1.9288389558977432
3.0011131408576577
1.4524390378886678
1.6469406132231625
2.220106129729929
2.683368181590747
2.308360250524951
1.5326486003325877
1.9251557116263527
1.7403992719863985
3.8844476493247067
1.7138964218037305
1.7191405323585878
3.2098589681381506
3.1162690190156805
1.962011358086299
2.2041878972416202
2.348896647408114
2.532981953679741
1.690626237061448
3.98408998865735
2.487107905631143
1.936792817047867
1.3724607345995652
1.97734044286119
2.76355723453704
1.5210210408768714
2.4060912787863655
2.3740949564697713
1.4940323777424631
3.2352521620615637
2.8373086227880226
2.559480157911261
2.3262603411887914
0.7201542287787001
3.3637022423162515
1.907788722134564
3.4121344703838874
1.6657632583578308
3.893452618112842
2.7841272067901044
3.0523555002213363
2.0265541555310813
1.5489687614714127
1.5644449186836111
3.2672410937401026
0.8758349935901222
3.430655386010591
2.9230090833660487
2.0912507529978472
1.8052519409524257
2.0434865089906413
2.5101780797090485
2.5550149738746413
1.2908500811329948
3.4656866587183637
2.105474882042613
1.7730015494635147
2.1273838754736976
1.8959250636562939
2.4170348157541355
2.718373691517301
1.0344149606597886
1.709316046498428
2.4110878356224243
2.775018131093772
2.070730623682601
2.128940536026951
2.970744629579393
1.9441165728055574
2.225137692595018
2.7660521400044407
2.8520785893209686
1.393879098772097
1.8043277467116974
1.5519746126674423
1.538067979805883
2.213883250107146
2.4392385055898287
2.0435924448300367
1.8564238202949432
2.7122109493820266
3.153154812115168
2.111775497707099
2.1800559934372066
1.3790801204175498
1.9233172396290088
2.4648693006735827
1.5123065370777224
3.070217696184642
1.4479996155322075
2.8872240960223117
1.548529563037764
1.873311318927711
2.960949831974649
2.7311434720212713
2.192746454217106
3.3748202206801508
2.2218558000252755
2.501979344917743
2.066055025939227
1.8843510655643383
1.6740892883743772
2.464887678670802
4.090488278965186
2.3679252609946317
2.329821195495164
1.5537285308704964
1.0583569368348562
2.8594319615761625
2.3304821756496032
2.218893036006201
2.7988221749816815
4.65695272951912
2.7467250528734697
1.4414004031840681
1.8175644529686397
2.1665121215086804
1.7998288168570402
3.4577443672152497
3.2746389839429155
3.3332160481482163
2.6771447177682175
2.163501559604958
2.331717583039259
1.4834138110471056
3.2737214797482896
1.9732332985670322
1.7070846237812125
2.1123312292455223
0.9675628468705253
1.0359043862874613
1.243009456445103
2.814820595507607
2.1992119366013463
1.7003783242613026
1.9224016230380683
2.5548723861566742
2.041165742834638
2.946293201801451
1.1103300688985818
2.5544096677932315
2.1492517934829207
1.9452582848282622
2.3681789778847304
2.8289084978998074
3.349852592299655
2.4569049216393846
2.0714207575044625
1.1978488818464725
3.1895828287600554
2.1222332335425556
1.764512196097378
2.293124103852682
2.314709113612259
2.2840279324121275
3.230282255423979
2.4106779256187822
2.6883172103042035
2.121252250243091
2.0627250724287687
1.9843277995585997
1.765977490373458
2.1820527129410103
2.4953881786242844
1.9261006555211424
3.3539738125219474
2.367483809354339
2.231833996680536
2.3316959058970155
0.9346237634821802
2.6292476938601554
2.874193422704137
2.5420037381484595
1.8352576959924356
1.8004626278291906
2.391067678517175
1.4123729331327806
2.1344532397383165
1.4055705064088133
1.1499552452666726
2.1112071976238687
1.9384036451178712
2.952938590811864
2.5556024110709554
2.2877286236022454
1.9092395855573507
2.205661493325399
2.134273395046822
2.30853758375389
2.252355735977148
2.7779909521660007
2.896084565239937
2.737483946173987
2.4985880824378963
2.250436544666622
1.1506448724741114
1.7005008677721825
2.792091340819809
2.2775809845412303
3.253587148125025
1.4029330068296995
1.9295977554765302
2.201392841719305
2.692194201460527
2.1287735534189256
2.850506074378007
2.4486560475200263
2.0367756910013686
1.88992821986015
2.188655891421369
2.8029421124286924
2.22071484371908
2.0413699079476553
3.5092889377439094
3.0728093564364545
2.2303447684387936
2.028849565715195
1.930250220409549
2.0648586948992715
1.694553209006881
2.0603426605706354
2.5908668903947762
1.8090767796819862
1.7769511569539072
1.5246046479347597
2.282268260543869
0.03162277660168379
1.4170532048533435
1.5953301696097704
1.6389923912742197
1.3863304608095064
3.321721549594359
2.0678411915820605
3.145584908147875
3.244450390416914
3.064538639312348
2.309162014649449
1.7980906680863398
1.3170742799873556
2.893337412478242
2.3906014786105425
2.0532883382590272
2.983963475798982
2.161293119901666
1.8679102247667274
2.144943353576329
1.3800218346844852
1.8499327173112246
0.9474265432946609
2.2422024027365697
2.1077792484723177
3.0806477197547237
3.5811948410499794
2.040030665634646
2.417129607835844
1.978050865965731
1.5866573788801135
0.903258358570134
2.0826609908542313
3.0279437371674627
2.5834151262029943
2.1579196549202346
1.7766643393658155
2.8387325711977183
2.922042691074919
1.5196813438835235
2.427120425310611
1.6121670330395153
2.5195421465970766
1.7730388649748843
2.166281230192916
2.2588266545658606
3.507125219767453
3.029607359370703
1.8279675345135968
1.6372242370666135
1.7443691196431377
2.61141213504893
1.9787732635884858
3.064070719348518
2.425128562901427
1.156856769848856
1.2791693288338426
2.3239012585146925
2.196403818839468
2.0247233251248042
1.635392941960885
2.35919624833785
1.2869130383613507
3.4613466147249783
2.065894731925128
1.9879254577907144
2.4610689790026568
2.5939559994438577
1.5182590447741697
1.5107718805158095
2.1854888555957794
1.9467610740087014
3.3327389216360164
2.4248585838691534
1.7653127278688905
2.2295960386319758
1.273200152599027
1.447837093151807
2.070254821204201
2.8406648061919757
0.8321686471314118
2.0495727642810744
1.692889635097301
2.2174717782857796
2.187486937565631
0.5652924585453782
1.2251483811800932
2.1747256612410117
1.9296114704428515
1.6291018803715895
1.0306943267953335
2.6461354518022446
1.304123470253213
1.0846937237744818
2.4403703028676627
0.6463694958914472
2.307859471384825
1.4864078699041157
2.722058543554597
1.3760228950708249
3.6692394880152146
3.550804559578675
1.6502782517678818
2.519895272576505
2.1005690430370123
1.8025420877355018
3.481421011486015
1.586363584210891
1.3591510372483342
2.0863441501809774
2.3592640581131525
1.906496457536569
1.4351866230582597
2.4724585915580053
2.367544030461849
3.4167666100251584
1.9577264097972618
1.6621462613415814
1.5190881159666298
1.657810649385417
2.9854147454570827
2.2886471057807456
2.635437347049516
2.428842099613463
2.128755633648571
0.5740758609618585
2.782233430992531
1.5511413697255003
3.5368120496412168
1.7517426740281667
3.0051697970894056
1.8916814266866953
2.5182756144761216
1.8148400758007361
1.1557478772242296
2.697597179058858
1.2506937775771017
1.6825572001014286
2.1116483689468586
2.6782374027482585
1.9276893744351817
1.783653130898361
2.159119303203579
3.2135264520929
2.6800547669636456
1.9132516383741405
1.3793675505519498
2.0950468404991565
1.7582225612200877
2.0732165602808488
1.12261496067772
1.7240440196460316
1.8021843335140557
3.7910084021537322
4.119990755089322
1.9105593829855974
2.0782889569074174
1.3195656287151192
1.8060413453913
1.070921542669627
3.027075431657644
2.3364133983638684
3.0036137711663815
3.3032372831462
2.6161957323886256
1.8560900034169414
3.1235028420464834
3.863009029289988
2.752575288551928
1.0744795386565995
0.5407163551628953
1.5904468866837969
1.4715567456528034
3.696957318638196
2.237261118151168
1.4609549866308085
1.2236146239856796
3.5633839064156354
2.79306769793039
1.4310429139223697
1.309760077032711
1.2019918286399656
1.8913361215491322
2.69038831637883
3.6582101084840577
1.5703030337527564
1.5090046101595136
2.2441996038404075
1.352110409144703
2.877687703232229
2.680382654713632
1.9644803147663485
1.8070020030252811
2.051133032514355
1.2059224592241131
2.6245978049108256
1.6753538287500847
1.6871703711804449
2.9787979464047862
3.0291809533651137
1.5612866309261382
1.238980531230121
1.0043218091305026
2.7002091884815256
2.496160816324415
2.544227220914407
1.7165926696359495
2.847818097574021
2.0827027748549893
1.2056212653482434
3.1051046022742055
2.1390786428239488
2.387924778882968
2.1476539045080294
0.7291659897574053
0.8788746880183659
3.1487383565350484
2.5210303906640745
2.3358944434851368
2.583478619663665
2.0228568936548705
