2.137026786804199
1.1299221515655518
0.5857306122779846
1.1435422897338867
0.8776631355285645
0.8723635077476501
1.0882258415222168
0.7334868311882019
0.9128121733665466
1.0304591655731201
1.5480984449386597
1.011745572090149
0.7013670206069946
0.5872471332550049
0.617581844329834
1.0651499032974243
0.4204455614089966
0.8012749552726746
0.8723783493041992
1.5288574695587158
1.8011717796325684
0.7797814607620239
0.6744686365127563
0.7406468987464905
0.8135365843772888
1.4878779649734497
0.8084026575088501
0.5016818642616272
0.698466956615448
1.3439396619796753
0.8486320376396179
0.6691650748252869
1.0743921995162964
0.6864439249038696
1.0742318630218506
0.5953402519226074
0.5114014148712158
1.7022392749786377
0.8278800845146179
0.5966861248016357
1.242785930633545
2.1660962104797363
0.8039384484291077
0.5606985092163086
0.9565788507461548
0.8435270190238953
1.3495259284973145
0.7426843047142029
1.1638224124908447
0.940403401851654
0.9627247452735901
1.2280700206756592
1.6115961074829102
0.5926820039749146
0.8736457228660583
1.238627314567566
0.6927555799484253
0.9464043974876404
1.5464773178100586
1.3252912759780884
1.5014978647232056
0.6623976230621338
1.635617733001709
0.7568380832672119
0.6947802305221558
0.9046735763549805
1.5715258121490479
1.0595571994781494
0.9484629034996033
0.7001361846923828
1.0322656631469727
0.7826971411705017
0.879787802696228
0.9143977761268616
0.7389060258865356
0.8566330671310425
1.0464119911193848
0.8826016783714294
2.2298758029937744
0.7582433819770813
0.9855083227157593
0.7325798869132996
0.8798625469207764
0.7406454682350159
1.5078471899032593
1.1481503248214722
0.9123393893241882
0.6061909794807434
0.5550446510314941
1.365557074546814
0.8110270500183105
1.7700101137161255
1.1541885137557983
1.1453622579574585
1.2513971328735352
1.1721320152282715
0.7723433971405029
0.9207490086555481
0.41863274574279785
1.1532254219055176
0.7010460495948792
0.725574254989624
0.8672334551811218
1.5725810527801514
1.6994963884353638
1.6332850456237793
0.9717764854431152
0.8201375603675842
1.1572694778442383
1.3483089208602905
0.8506714105606079
1.0071600675582886
0.9866396188735962
0.5798743367195129
0.6905654668807983
0.9506734013557434
1.3946763277053833
0.6506539583206177
0.6089617609977722
1.0706874132156372
1.0848097801208496
0.6132068037986755
1.1408541202545166
0.624981701374054
0.8769914507865906
0.9961620569229126
0.6406477689743042
0.8330928087234497
1.2037913799285889
0.9625430107116699
0.5862328410148621
0.814952552318573
0.8499904274940491
0.6889461874961853
1.1678060293197632
0.9510568976402283
0.7026083469390869
0.7181940674781799
0.6832608580589294
0.9103843569755554
0.6852599382400513
0.7508283853530884
0.6156231760978699
0.6326653361320496
0.6125931739807129
1.3514530658721924
0.8684180974960327
0.8802982568740845
1.38905930519104
1.8597419261932373
0.6792141199111938
0.6208909749984741
0.7785898447036743
1.0982955694198608
0.75030916929245
0.6321715712547302
1.3902658224105835
0.7077757120132446
0.6747647523880005
0.9560239911079407
0.6065187454223633
0.7550139427185059
1.6878182888031006
0.9124233722686768
1.2188010215759277
0.7998985052108765
0.8416948914527893
0.7252081632614136
1.4401271343231201
1.4967116117477417
1.030604362487793
0.6543627381324768
0.6008783578872681
1.4183558225631714
1.176836609840393
1.1332865953445435
1.376288652420044
1.969464898109436
0.8332697749137878
0.742624044418335
0.6119874715805054
0.5697804689407349
0.6502596139907837
0.8271660804748535
1.1593266725540161
1.4636316299438477
1.7636662721633911
1.052093505859375
0.6518555283546448
0.8283202052116394
0.632088840007782
0.8518368601799011
0.8821122646331787
0.6494467258453369
0.9058137536048889
0.5547282099723816
0.7933313846588135
1.2605947256088257
1.2165635824203491
0.696738600730896
1.004852533340454
1.6128880977630615
0.6079703569412231
1.4341394901275635
0.6898491382598877
2.1634974479675293
0.8126025795936584
0.8267607092857361
0.6002883315086365
0.6920033097267151
0.795482873916626
0.9073213338851929
1.6134365797042847
0.5638968348503113
1.1660740375518799
0.6242203116416931
1.247984766960144
1.368093729019165
1.3789230585098267
1.1998910903930664
1.41511070728302
1.2978568077087402
2.2681777477264404
0.7901690602302551
0.9518427848815918
0.7014561295509338
0.8618307709693909
1.08725905418396
0.7933188080787659
0.8130084276199341
1.4541776180267334
1.3007405996322632
1.1096783876419067
0.8482856154441833
0.8023048043251038
0.9647101163864136
0.9270080327987671
0.6598049998283386
1.6658365726470947
0.6574890613555908
0.7923030853271484
0.7416999340057373
1.0245147943496704
0.5924033522605896
1.4025304317474365
0.6655232310295105
0.862916111946106
1.2979742288589478
0.6390451788902283
1.2200007438659668
0.9009554386138916
1.1213823556900024
1.0707060098648071
0.9649248719215393
1.7238218784332275
0.6260122656822205
1.7926207780838013
0.7401174306869507
0.6381214261054993
0.5526975393295288
0.5820233821868896
0.6462252140045166
1.373999834060669
0.6938023567199707
2.0432791709899902
0.958655834197998
0.903956949710846
1.2851665019989014
0.7888258099555969
0.6360979676246643
0.744828462600708
0.7434871196746826
0.6974300146102905
0.7407295107841492
0.915919840335846
1.0176092386245728
0.8589648008346558
0.9074296951293945
1.5405913591384888
0.6119992136955261
0.6893430948257446
0.6146815419197083
0.9900691509246826
0.7063220143318176
1.6096938848495483
1.9869322776794434
1.0329036712646484
0.9448986053466797
0.9896124601364136
0.7121204137802124
1.0359256267547607
0.8958590626716614
0.6903219223022461
0.6051520109176636
1.0560468435287476
0.5805431008338928
1.9501304626464844
0.8649371862411499
1.750134825706482
1.1884708404541016
1.033060908317566
0.8384484052658081
1.0733661651611328
1.3173164129257202
0.8332332968711853
1.193684458732605
0.968447208404541
0.7617891430854797
0.7589827179908752
1.9458048343658447
0.941415011882782
1.0039143562316895
0.6244961023330688
0.4679178297519684
0.778968095779419
1.5391963720321655
0.6099548935890198
1.9170129299163818
0.7357590794563293
0.8947739601135254
0.869572639465332
0.7692755460739136
0.964706301689148
0.6892552971839905
1.5619206428527832
1.1842488050460815
1.2172093391418457
0.8046749234199524
0.9223718643188477
0.5981644988059998
0.8711661100387573
0.8339732885360718
0.7164736986160278
1.067737102508545
0.8907814621925354
0.8153457045555115
1.6168636083602905
1.6794770956039429
1.0884190797805786
0.6195909976959229
1.2090375423431396
0.7628751397132874
1.1816965341567993
0.8636717796325684
0.9282252192497253
1.9505058526992798
1.3153846263885498
1.2787203788757324
1.4032148122787476
1.4249409437179565
2.482271194458008
1.1137398481369019
1.392803430557251
1.0196013450622559
0.6749875545501709
1.1383955478668213
0.6446495056152344
1.0619590282440186
0.9704868793487549
0.926013708114624
0.696636974811554
1.1093248128890991
0.8663635849952698
1.206620216369629
0.7183033227920532
0.6973965167999268
1.967924952507019
0.8630223274230957
0.7052060961723328
0.5987648963928223
1.3332457542419434
0.7332451939582825
0.7346519827842712
1.2560796737670898
1.418790340423584
1.213265061378479
0.9736534357070923
0.5447482466697693
1.1466670036315918
0.6842005252838135
0.87786465883255
0.8977934122085571
0.80379718542099
1.0071660280227661
0.6388837099075317
1.589868426322937
0.451764315366745
0.9425658583641052
1.4602805376052856
0.8433329463005066
0.9445064663887024
1.634787678718567
1.3350993394851685
0.7048196792602539
1.2763299942016602
0.7941844463348389
0.6087291240692139
2.1964144706726074
0.5591374635696411
0.9557128548622131
1.0859429836273193
0.7919832468032837
0.9196585416793823
0.9379953145980835
1.4256970882415771
0.6616859436035156
1.0106407403945923
0.7959571480751038
0.7851217985153198
0.9179766178131104
0.9014705419540405
1.171079158782959
0.795979917049408
0.7418433427810669
1.4988356828689575
1.3417280912399292
1.1374379396438599
1.766566514968872
0.8345457911491394
1.871866226196289
0.6703811883926392
0.9776901602745056
0.6330757141113281
1.0020383596420288
1.26223623752594
0.7925652861595154
0.9841572642326355
0.6898441910743713
1.736817479133606
1.12806236743927
0.7300809025764465
0.7325706481933594
0.5341134071350098
1.4986913204193115
1.6305609941482544
0.9301837682723999
0.8571150898933411
0.878637969493866
0.5945172905921936
0.6324632167816162
1.3937218189239502
1.663174033164978
0.8821327090263367
0.889378011226654
0.8225628733634949
3.5559775829315186
0.7619965076446533
0.6962936520576477
0.9111195802688599
0.7012946605682373
1.6734726428985596
0.8516284227371216
1.4209123849868774
1.5304090976715088
0.8922343254089355
1.7419308423995972
0.5969915390014648
1.3585741519927979
2.0299558639526367
0.8201461434364319
1.2788318395614624
0.5432135462760925
1.0470242500305176
0.5825257897377014
1.2348132133483887
0.852361261844635
0.8620021939277649
0.6681458950042725
1.5781362056732178
0.7796519994735718
0.7026236057281494
0.7282589673995972
0.7872878313064575
0.6152620911598206
1.026815414428711
1.2726695537567139
0.6405205130577087
0.6801435947418213
0.5926245450973511
0.6208059191703796
0.958095133304596
0.6125677824020386
0.7093828320503235
0.5291270613670349
0.6762713193893433
0.7546128034591675
0.959137499332428
0.5956325531005859
0.6477873921394348
1.008198857307434
0.7211883068084717
1.6747465133666992
0.5500698685646057
0.569751501083374
0.8197840452194214
0.7746882438659668
1.0407730340957642
0.6452306509017944
0.7043134570121765
0.6843998432159424
0.5992288589477539
1.2036558389663696
0.8454813957214355
1.9830998182296753
0.7169928550720215
0.685926616191864
0.7688983082771301
2.226029634475708
1.3613650798797607
0.8180879354476929
0.6781035661697388
0.8673615455627441
