-2.0909743309020996
-1.0320361852645874
0.8289965391159058
2.527860403060913
1.4854066371917725
2.5019729137420654
3.891798734664917
-4.368195533752441
-0.6488580107688904
0.8786607980728149
-5.525087833404541
0.5658197999000549
0.5893194675445557
0.05659916624426842
0.38515570759773254
1.0840827226638794
-0.07716011255979538
0.8396146297454834
1.758209228515625
2.979388952255249
-6.418605804443359
0.8119342923164368
0.36811426281929016
-1.083648443222046
2.3310976028442383
3.927075147628784
4.557131290435791
0.6081187129020691
-3.1404006481170654
-0.1257837414741516
1.6233060359954834
1.5202909708023071
-6.461279392242432
-3.915428400039673
-4.144683361053467
1.2805362939834595
0.7058712840080261
9.156631469726562
1.6483609676361084
0.6126719117164612
2.5220656394958496
-2.115034580230713
-3.5911571979522705
0.4056065082550049
0.17951951920986176
0.9488595128059387
-1.751467227935791
1.4943565130233765
2.5714192390441895
2.352479934692383
1.0791035890579224
-5.830200672149658
-3.4183757305145264
-0.0003048083162866533
1.4276626110076904
5.322756290435791
1.5103185176849365
3.5891544818878174
-7.992571830749512
-6.8197808265686035
3.626572847366333
0.9742949604988098
-7.103703498840332
2.617015838623047
0.3350261449813843
-3.870326042175293
3.007265329360962
2.2444896697998047
0.1306762844324112
-2.701510190963745
1.86529541015625
1.1274566650390625
4.309057235717773
0.6280224919319153
-4.439342021942139
3.32450008392334
1.7211365699768066
0.33281248807907104
-7.362456321716309
-2.6762521266937256
1.7750791311264038
-2.276001214981079
4.038423538208008
1.0331951379776
3.2519538402557373
2.6121342182159424
-5.9624505043029785
0.5876500606536865
-0.1688925325870514
1.8930249214172363
0.5502028465270996
-1.6994915008544922
2.0341086387634277
1.8758996725082397
6.735279083251953
2.1988751888275146
2.6290364265441895
2.540618658065796
0.14243076741695404
-7.5753912925720215
0.29136544466018677
-5.0789408683776855
1.2986297607421875
10.002138137817383
-5.30826997756958
-1.3506466150283813
0.6064679622650146
-0.457185298204422
-0.8607155680656433
-4.081106662750244
0.29717347025871277
-3.0043954849243164
2.540391445159912
1.0393167734146118
1.2825859785079956
2.0029242038726807
3.221691131591797
0.5130855441093445
0.29903319478034973
-0.5178402662277222
1.717373013496399
0.2911430895328522
-0.6303743720054626
0.8151359558105469
3.0612547397613525
2.6066718101501465
-0.020207514986395836
3.8167173862457275
-1.6218007802963257
2.665297746658325
-2.1274805068969727
2.8700194358825684
6.528768539428711
0.40054985880851746
1.7021466493606567
2.619133234024048
2.1338400840759277
0.7657316327095032
0.662176787853241
1.1109257936477661
0.8843572735786438
-0.6472261548042297
0.6796307563781738
-2.0753681659698486
-0.34308844804763794
-2.898345470428467
-3.1795811653137207
1.6667706966400146
1.6613836288452148
-5.573230266571045
-0.18866398930549622
0.23013606667518616
1.0549492835998535
2.8247618675231934
1.0713003873825073
-0.2921832501888275
0.4666874408721924
1.6567412614822388
1.6535606384277344
6.903744220733643
-0.001344939460977912
-5.610503673553467
8.484427452087402
4.2646660804748535
4.873901844024658
1.5040303468704224
4.481224536895752
1.4158352613449097
-0.4114081561565399
4.519758224487305
2.5958662033081055
0.4018976390361786
-0.04448334500193596
5.054792881011963
1.734609603881836
2.4825687408447266
-0.5041157603263855
-7.999798774719238
2.4124341011047363
0.5661069750785828
-0.40983089804649353
0.7046875953674316
-0.25054290890693665
2.475783348083496
4.355287551879883
3.8422434329986572
-4.266796588897705
2.0480000972747803
2.2303056716918945
0.1775597780942917
0.4243519604206085
1.6169705390930176
2.114178419113159
-1.856178879737854
-4.867005825042725
0.3862000107765198
0.8252184391021729
2.979682683944702
2.566917657852173
0.5624023675918579
1.337545394897461
6.144975185394287
0.523470938205719
2.2881007194519043
0.6831265687942505
-1.6725733280181885
1.211673617362976
1.5660955905914307
0.20924659073352814
3.025785207748413
1.8101232051849365
2.541546583175659
3.502661943435669
0.10634361207485199
6.078481674194336
-0.523625373840332
-1.633177638053894
-3.061708927154541
6.912182331085205
1.1777970790863037
4.312378406524658
2.3277487754821777
-6.493046760559082
-6.2755608558654785
1.6292697191238403
0.7431075572967529
2.7055814266204834
1.3461772203445435
3.1344127655029297
4.702417373657227
7.528016090393066
-4.234133243560791
1.6161271333694458
0.046680450439453125
0.49264127016067505
-2.5559725761413574
-2.3156065940856934
0.56423020362854
1.084333062171936
-0.028701812028884888
2.8287196159362793
0.2635800838470459
-7.228456974029541
0.8245329856872559
-5.30068302154541
-4.041606426239014
0.20879991352558136
-2.9388551712036133
-1.121894359588623
-4.647287845611572
-1.47129225730896
-2.9483656883239746
-2.4804487228393555
1.8442015647888184
-0.6578534841537476
-1.6788755655288696
-1.277848482131958
1.9511421918869019
-2.0521695613861084
-2.036177158355713
0.6701977252960205
0.9737145900726318
3.9171156883239746
-0.7171193361282349
-3.051945209503174
0.46865975856781006
-4.814346790313721
2.437901258468628
3.337197780609131
1.0930399894714355
0.02261335775256157
-0.0335632748901844
1.188001036643982
0.9598757028579712
1.6123179197311401
-0.19693250954151154
3.103524923324585
1.8139398097991943
-4.226718902587891
0.5121772885322571
0.6819384098052979
1.6028050184249878
0.3124335706233978
1.6025482416152954
3.614562511444092
-7.895845890045166
-1.657841444015503
1.3068476915359497
1.552538275718689
0.0747598260641098
1.559982419013977
3.917463206823969e-35
0.691523551940918
0.39364686608314514
-0.4851093888282776
0.48999595642089844
6.049228191375732
1.8219631910324097
-1.6945306062698364
-2.332576036453247
6.194215774536133
2.2845702171325684
5.107724189758301
2.6092636585235596
-0.27536365389823914
-3.0189809799194336
1.800141453742981
3.339892864227295
1.032100796699524
-4.125373840332031
1.7421828508377075
2.6395201683044434
-0.2726835012435913
0.22365432977676392
4.550808429718018
1.8874119520187378
0.38928693532943726
3.4319164752960205
1.6304941177368164
3.595493793487549
1.4998973608016968
-3.6656746864318848
0.23733766376972198
0.961881160736084
6.1435980796813965
0.06421243399381638
-2.8407626152038574
1.221669316291809
2.751168966293335
2.517949342727661
-0.7326745390892029
0.316815584897995
1.1698263883590698
2.2273523807525635
-5.1101202964782715
-3.2944118976593018
7.053002834320068
-6.187957286834717
-6.271053314208984
0.41744646430015564
-0.7060957551002502
-4.0586395263671875
-2.4114160537719727
1.709731936454773
3.8164522647857666
-5.982433795928955
-4.756144046783447
-6.194033622741699
-0.43366727232933044
2.707571268081665
-8.322017669677734
1.28803551197052
-0.7736467123031616
-0.11380019783973694
-0.7437095642089844
3.608095645904541
-0.7886510491371155
2.6235687732696533
5.223599910736084
0.19062551856040955
0.49267899990081787
1.7852418422698975
0.5199303030967712
1.7578848600387573
-2.6378424167633057
0.9061621427536011
-2.1704001426696777
-3.715799570083618
1.1619154214859009
-0.3014068901538849
0.3756552040576935
0.19031356275081635
-4.135372638702393
0.7235952615737915
0.21121744811534882
-0.34746992588043213
0.03785151615738869
0.275117963552475
0.8309309482574463
0.8064103722572327
1.2595717906951904
-5.259306907653809
6.121985912322998
1.0047471523284912
0.396526962518692
5.773393630981445
0.1646275669336319
2.4979212284088135
0.8280377984046936
3.1385338306427
1.002331256866455
-4.0563154220581055
-4.542336940765381
1.326285481452942
-1.9545940160751343
1.0225857496261597
-0.19753046333789825
-5.121220588684082
0.1469115912914276
0.7268273830413818
1.7173646688461304
1.7925784587860107
1.4776490926742554
-4.798483371734619
3.125591278076172
-0.2533899247646332
3.0417416095733643
2.3235344886779785
-0.29558223485946655
1.129914402961731
0.7224817276000977
3.6461565494537354
-1.5570759773254395
-2.714496612548828
4.139770030975342
-0.4412766396999359
-0.26530614495277405
-2.72879958152771
1.1770861148834229
-8.263315200805664
1.20216965675354
-4.937268257141113
1.5894910097122192
3.0368728637695312
1.675140142440796
0.6862021088600159
5.564723491668701
0.5549241304397583
-1.919344186782837
1.5220086574554443
-2.0138015747070312
0.0899115726351738
-1.7024009227752686
2.9721877574920654
-5.2576165199279785
-4.363585472106934
1.2619540691375732
0.42507243156433105
0.38350701332092285
0.4715878963470459
2.287647008895874
-5.774941921234131
1.285253882408142
-0.8931166529655457
1.444346308708191
-12.489649772644043
1.4341789484024048
-0.3096163272857666
0.7382156252861023
-1.1594321727752686
-1.0296156406402588
0.9882809519767761
3.6294119358062744
3.2119863033294678
2.6757242679595947
-1.3881902694702148
1.188364028930664
2.4503095149993896
-4.388782501220703
2.2546324729919434
-5.041471481323242
0.18097643554210663
-0.015260234475135803
0.8324857950210571
-4.653937816619873
-0.5084965229034424
1.1477656364440918
-0.21226854622364044
5.920382022857666
-2.817352533340454
0.2314404398202896
1.0402101278305054
0.5229600667953491
-0.8701112270355225
5.610774517059326
-5.391073703765869
0.9786620736122131
0.7581222653388977
0.9725815653800964
0.5745506286621094
-2.737680673599243
0.021413153037428856
1.3151775598526
0.46991702914237976
-0.49645504355430603
-0.2005143016576767
2.2472801208496094
1.1476658582687378
-1.8525426387786865
4.18886137008667
-1.483398675918579
-7.230355262756348
0.3938799202442169
0.31645467877388
-1.5548481941223145
2.8753225803375244
0.09878981113433838
-1.2710785865783691
1.0808016061782837
-4.731183052062988
0.7178658246994019
-5.652956485748291
3.609487771987915
-3.284576654434204
1.7906056642532349
0.21659016609191895
0.42159104347229004
-7.975610256195068
1.3906276226043701
4.419509410858154
1.200369954109192
5.706265449523926
