-1.0833115577697754
-0.32165810465812683
1.3006173372268677
-0.7455058693885803
2.145655393600464
0.11237429827451706
-0.25788360834121704
1.0713071823120117
1.6427836418151855
0.8853145241737366
-0.8892348408699036
-0.20420952141284943
-0.03265564888715744
2.0933115482330322
2.467467784881592
-0.3730130195617676
2.3081445693969727
0.15241675078868866
-0.4801540970802307
-1.122204065322876
-1.0746712684631348
-1.0232115983963013
1.867118239402771
1.1724773645401
-0.14541542530059814
-1.2197730541229248
2.1241438388824463
0.225516214966774
1.0618468523025513
-0.5704346299171448
0.36220481991767883
0.054763611406087875
0.12450187653303146
0.5103670358657837
0.13435816764831543
1.1122347116470337
1.1611195802688599
-0.8250349164009094
0.4102189838886261
0.27572593092918396
-0.5392382740974426
-1.3739733695983887
2.893976926803589
0.8137636184692383
1.1696946620941162
0.4478958547115326
-0.3175143897533417
0.2463669627904892
-0.5161323547363281
-0.30479368567466736
-0.6720086336135864
-0.16618959605693817
-0.684899628162384
1.5731345415115356
-0.13224603235721588
-0.22739773988723755
0.29748210310935974
0.3373906910419464
-0.13709565997123718
0.2334839105606079
-1.2250896692276
0.03732652589678764
-1.134605884552002
0.04683477804064751
2.4948363304138184
0.5282080173492432
-1.3150678873062134
0.9342373013496399
1.144121766090393
1.4462940692901611
-0.35969966650009155
-0.29308778047561646
2.32403564453125
-0.31385377049446106
1.344988226890564
1.9981602430343628
-0.7208263278007507
1.6568282842636108
-1.41599440574646
0.4781375229358673
-0.2524016201496124
0.8093653321266174
2.858102321624756
0.19938717782497406
-0.9890269637107849
-0.3171102702617645
0.3733742833137512
0.8512274026870728
1.2494267225265503
-0.9699709415435791
-0.1514495462179184
-0.8124225735664368
-0.46652331948280334
0.5927954316139221
-0.3893495798110962
-0.6810240149497986
0.6249940395355225
-0.35050147771835327
2.0397729873657227
0.3793155550956726
0.24661682546138763
1.2326730489730835
-0.8624249696731567
-0.5338588356971741
-0.4773302674293518
-1.303388237953186
-0.5442875027656555
2.0628886222839355
0.06455983966588974
-0.013989699073135853
0.01932895928621292
0.9502121210098267
0.05094712972640991
0.8469057083129883
0.1049443930387497
-0.33756589889526367
-2.0721023082733154
2.5716776847839355
1.6597477197647095
-0.11150180548429489
-0.8873775601387024
2.3761091232299805
-0.09242204576730728
0.8974469304084778
-0.09524096548557281
-0.1605188250541687
2.137019157409668
1.3144396543502808
0.406482994556427
0.010304726660251617
1.983250379562378
0.4276617765426636
2.2351882457733154
1.8920329809188843
-1.2477850914001465
-0.1822851300239563
0.703660249710083
1.2818256616592407
0.6444151997566223
-0.9517974853515625
0.2941622734069824
0.8944854736328125
1.7107675075531006
1.1968334913253784
2.4192054271698
0.057263996452093124
0.6631357669830322
-0.2813417613506317
-0.7611344456672668
-1.1660757064819336
2.0642330646514893
1.8719666004180908
-0.16565543413162231
-0.23771034181118011
-0.3637133538722992
3.1795053482055664
-1.0433688163757324
0.24674098193645477
2.7237918376922607
2.3709487915039062
2.467451810836792
0.811664879322052
-0.7648499608039856
1.7187745571136475
0.17154090106487274
0.23375611007213593
2.440525770187378
0.40214255452156067
-0.620417594909668
-0.9694947004318237
-0.5860567688941956
0.4591034948825836
1.8442484140396118
-0.830470085144043
-0.7915995121002197
-0.2608254849910736
-0.25692012906074524
-0.7783549427986145
-0.12039965391159058
-0.4965192675590515
1.2904887199401855
1.8032941818237305
1.7883800268173218
-0.02932996302843094
-0.3801369369029999
-1.2056833505630493
-0.7232184410095215
-0.4664389193058014
0.83919358253479
1.5534995794296265
2.520375967025757
-0.22842112183570862
1.6207020282745361
2.141697645187378
0.10152313858270645
0.32914865016937256
-0.23170311748981476
-0.49522751569747925
-0.4948183596134186
1.70672607421875
-0.5304500460624695
-0.7891131043434143
1.3280225992202759
-0.44566619396209717
-0.6433829665184021
-1.2796720266342163
0.15062984824180603
-0.1814892590045929
1.5869444608688354
0.4060327708721161
1.2880569696426392
0.03292200341820717
-1.0583689212799072
1.7486029863357544
-0.22109368443489075
2.664458751678467
-0.35127878189086914
-0.2790994644165039
-0.6817697286605835
-0.5254512429237366
-1.0002412796020508
-1.3704338073730469
-1.788079023361206
1.0886400938034058
-0.3659532964229584
1.7709248065948486
1.7641936540603638
-0.35002270340919495
-0.04451005905866623
2.157419443130493
-0.6873134970664978
-0.2706942558288574
-0.2193775177001953
1.979425311088562
-1.076974868774414
0.5119796991348267
3.2182888984680176
1.9677945375442505
-1.1797913312911987
1.6297698020935059
0.787827730178833
-0.05161266401410103
0.8021199703216553
0.10346272587776184
-0.5679676532745361
1.9106569290161133
0.3486625850200653
0.1792628914117813
1.9034719467163086
0.08179070055484772
0.4157099425792694
0.0550297312438488
0.29833248257637024
0.05282654985785484
-0.4755154550075531
1.8986399173736572
-0.8691021203994751
0.6573610305786133
1.6041743755340576
1.3208304643630981
-0.07823415100574493
0.2653432786464691
-0.18840663135051727
2.1211307048797607
-1.358087182044983
-0.25119686126708984
0.6888341307640076
-0.6868866086006165
0.3861522972583771
0.931370735168457
1.933213710784912
1.809460163116455
0.6184077858924866
0.6252492070198059
-0.5163731575012207
0.276255339384079
0.05368028208613396
-0.11160746961832047
-0.21689604222774506
2.861147880554199
1.8413383960723877
0.06993953138589859
-0.29656562209129333
0.08099813759326935
-1.1324437856674194
-1.662219762802124
2.8329665660858154
-0.04928823560476303
-0.7764453291893005
1.9442766904830933
-0.33688411116600037
1.2239371538162231
-0.17854978144168854
1.5871120691299438
-0.09162101149559021
1.224709391593933
-1.2419575452804565
-0.0570833757519722
-0.8660155534744263
0.502113938331604
0.07161341607570648
-0.01673564314842224
0.616553783416748
-0.2704843580722809
1.3760945796966553
0.07435085624456406
-0.5364443063735962
0.45312023162841797
0.09558775275945663
-1.3968573808670044
-0.12104707211256027
0.7619333863258362
2.332655668258667
0.8325796127319336
0.6915479898452759
-1.1470024585723877
2.4271020889282227
-2.4501798152923584
-0.17718876898288727
0.2625700533390045
-0.42603498697280884
2.4448156356811523
-0.32451626658439636
1.350178837776184
-0.9076261520385742
-0.36060115694999695
0.03753742575645447
-0.10888297110795975
0.08743711560964584
0.9242523908615112
0.38019871711730957
0.2189609855413437
0.2757631242275238
0.03580578789114952
0.3245847225189209
0.6152969598770142
-1.2543388605117798
-0.6526287198066711
0.497181236743927
1.3754068613052368
-0.10006394982337952
0.5935946702957153
0.27963101863861084
-0.174042746424675
0.1980966329574585
-1.1068423986434937
-0.2793577313423157
-0.5422527194023132
-0.4337628185749054
-1.6154415607452393
-2.3490169048309326
-1.5892972946166992
-0.45756492018699646
-0.08577746897935867
2.7220771312713623
0.08130230754613876
1.5131890773773193
-0.4822216331958771
0.21877680718898773
0.5994892716407776
-0.17870625853538513
-0.5992229580879211
-0.21967054903507233
-0.7786039710044861
0.8867025375366211
0.46856236457824707
-0.8741375803947449
0.7330170273780823
0.1842135787010193
3.2725956439971924
-0.39899009466171265
0.14941278100013733
1.3407057523727417
-1.0222480297088623
-0.5689167976379395
-0.21200525760650635
-0.8309234380722046
0.6199398636817932
-1.0460925102233887
0.6520549654960632
-0.8715847730636597
0.6674737334251404
2.120847463607788
-1.4517337083816528
0.7204548120498657
-0.8206912875175476
0.06861606985330582
-0.4356260895729065
-0.9050506353378296
2.1082985401153564
-0.19431957602500916
-0.3018503189086914
-0.11881641298532486
0.06604023277759552
0.029382573440670967
0.046284664422273636
2.2171614170074463
-1.122064232826233
2.652334451675415
-0.36653533577919006
-0.8537308573722839
0.2601599097251892
-0.05243596062064171
0.6768144369125366
-1.0006545782089233
2.6454057693481445
-0.013103201054036617
0.333220511674881
2.238258123397827
-0.9727912545204163
-0.5158336162567139
-0.3311900496482849
1.17058265209198
1.8850802183151245
-0.9930352568626404
-0.44568389654159546
-0.053859420120716095
-0.1378425806760788
-0.4812870919704437
-1.067432165145874
0.4074972867965698
2.4317195415496826
0.27768397331237793
-0.24705694615840912
-1.018585443496704
-0.2403099536895752
0.5927541851997375
0.04099929705262184
-0.9208784699440002
-0.984216034412384
2.1125519275665283
0.013793277554214
2.527106285095215
-1.223726749420166
-0.5002952218055725
0.41189688444137573
-0.2001018524169922
-0.35188907384872437
2.61769700050354
1.9972623586654663
-1.1210391521453857
-1.1101734638214111
-0.386900931596756
1.0996168851852417
1.0773776769638062
-3.3408260345458984
-0.0729048103094101
2.9327874183654785
-1.0675932168960571
2.072903633117676
-0.9613738656044006
1.7142971754074097
-0.8542768955230713
-1.344847321510315
0.22999326884746552
-0.8599973320960999
0.5083017349243164
-0.73415207862854
-0.5400529503822327
0.10819639265537262
0.030643925070762634
-0.44023576378822327
0.30026623606681824
0.5945000052452087
0.07024228572845459
0.7537820935249329
-0.5446692109107971
1.896898865699768
-1.1196776628494263
1.1345442533493042
1.1550992727279663
-0.18228884041309357
-0.4571116268634796
2.155327558517456
0.047181274741888046
0.07132712006568909
0.34818410873413086
-0.16345588862895966
2.3377926349639893
0.28839245438575745
0.47197216749191284
2.7082388401031494
0.13366346061229706
1.941880702972412
3.269890069961548
2.6691863536834717
-0.016329724341630936
0.3756881654262543
1.030314326286316
0.16021299362182617
2.0801432132720947
-0.8315679430961609
2.2639048099517822
-0.4869844615459442
1.295916199684143
0.16785869002342224
0.04386714845895767
2.9682137966156006
1.706098198890686
1.5571918487548828
0.40511786937713623
0.3260190784931183
2.3083677291870117
-1.555810809135437
0.2408677488565445
-0.39094680547714233
-0.14324858784675598
-1.4886868000030518
-0.6689300537109375
0.25933587551116943
1.8770915269851685
2.310551166534424
