5.2820974e-09
2.9217913e-08
3.0649747e-11
2.9055302e-12
1.5250162e-11
1.1907341e-08
2.4837828e-11
3.3343633e-10
1.7526142e-10
9.287593e-12
3.0549685e-09
2.183252e-11
7.5469776e-11
6.314112e-11
2.1898727e-09
4.4447468e-10
7.416822e-10
3.5415684e-09
1.559408e-10
4.637577e-10
7.0905437e-10
1.3396353e-10
3.8306667e-11
9.584087e-10
1.7966168e-11
7.3128916e-09
1.935891e-09
4.0536555e-10
5.1970033e-09
1.5214559e-09
9.61846e-10
1.6010226e-07
2.0337421e-07
8.5564227e-07
2.7295366e-07
2.3755571e-07
4.2096212e-07
2.015294e-07
9.661334e-07
1.1931594e-07
2.9787124e-09
2.3046756e-08
2.1605933e-06
1.6903122e-07
1.7034761e-08
7.641585e-09
7.1001693e-09
1.2868007e-08
4.1474366e-09
1.12022926e-11
2.6506535e-11
1.4609451e-08
3.7141876e-09
4.88065e-10
3.379348e-10
6.57382e-11
1.8055644e-09
4.356351e-10
3.658207e-10
3.2340605e-08
1.4556421e-10
2.3621366e-10
8.6912283e-10
1.8588587e-08
9.988261e-08
8.1303564e-10
4.138036e-08
4.997842e-09
2.8126623e-09
3.2412437e-11
2.353879e-10
1.25902195e-08
2.0588899e-10
2.1328175e-09
3.0609976e-10
4.7435143e-11
8.390753e-12
8.1384975e-11
3.9309386e-10
3.9491327e-10
8.181931e-09
2.1764468e-10
9.858939e-10
5.72563e-09
1.2730133e-11
1.2607125e-10
6.417161e-09
1.5424888e-08
1.11847385e-08
3.1082306e-09
4.951222e-11
7.3487842e-09
4.7905785e-10
5.069568e-10
7.2120193e-10
2.1525608e-09
9.740102e-10
1.4456669e-11
6.8653645e-11
2.6124236e-10
8.4314825e-13
7.241903e-10
2.2179135e-10
9.488183e-09
3.5580226e-12
1.5629506e-11
1.00175715e-10
2.3748173e-10
2.0466466e-10
8.1772616e-10
1.5904314e-10
6.51886e-10
7.9217594e-10
1.6395822e-09
8.76081e-11
2.6033412e-10
2.6273712e-09
3.47554e-09
3.8246017e-10
5.35542e-10
5.695793e-10
2.9253755e-09
1.2076858e-07
2.9140428e-09
1.9771905e-08
8.4828383e-10
3.5996461e-09
1.1276761e-12
1.7141355e-10
2.7622091e-09
4.5283935e-10
1.1560852e-10
2.6393627e-11
3.8837024e-11
6.731075e-11
2.3756814e-11
3.837499e-10
1.9039647e-11
8.780885e-11
7.307739e-11
1.7745862e-10
1.3713037e-11
2.2339394e-11
3.1817166e-12
4.2055356e-11
1.3361622e-10
3.165001e-11
1.3529178e-11
4.825675e-10
1.2862675e-09
1.7376557e-10
3.549699e-08
2.1843184e-07
1.8709846e-06
6.446546e-08
2.827725e-08
1.4242391e-06
1.8354614e-08
3.142365e-06
6.675803e-05
3.72738e-09
4.916555e-05
0.88454795
0.00014769236
0.00015791207
2.6650765e-05
0.020328844
0.091843925
0.0023070343
2.185903e-10
5.4136506e-10
1.7858041e-07
1.8772008e-08
8.5523186e-07
1.91868e-09
7.249584e-07
3.4850975e-06
1.0622785e-10
6.2102517e-06
2.0036538e-07
5.617857e-06
2.8268785e-08
4.6415987e-08
8.165359e-09
4.1295795e-10
1.970475e-07
9.136452e-09
2.1694653e-08
2.7519534e-06
3.345043e-08
6.663933e-07
2.1987414e-09
1.402219e-09
8.4493415e-08
1.4290187e-06
3.5677903e-07
2.4080975e-07
5.720576e-09
1.2588082e-08
8.5026715e-09
3.5128653e-07
6.501454e-09
5.7628045e-09
5.540333e-09
8.8294473e-07
1.8818673e-09
1.6358129e-08
2.0779055e-06
7.414083e-05
2.333997e-07
2.592345e-05
3.2334272e-05
1.8229277e-06
9.675658e-08
2.2531392e-08
3.22661e-05
2.586782e-08
1.678788e-08
3.1985277e-07
3.0942427e-08
7.257332e-07
8.296736e-11
1.0276818e-08
4.5203938e-10
1.1440595e-11
4.7146614e-10
4.9211535e-10
2.9446454e-08
7.7057166e-10
6.206267e-08
2.3675915e-09
2.7223948e-09
1.6420616e-08
2.0568653e-09
6.2362055e-08
1.3163957e-10
7.170903e-08
4.029708e-08
8.6993405e-06
7.775258e-09
5.4950565e-06
0.00014780452
2.2381088e-05
1.564208e-07
9.152336e-10
2.1900409e-08
1.7093998e-06
1.4337118e-06
1.00753175e-08
3.072754e-11
4.0493583e-10
2.3278572e-07
1.2595551e-08
1.6213866e-05
3.0299458e-09
2.870007e-10
3.4972567e-10
1.1865892e-09
6.804939e-11
2.8528532e-10
6.055004e-10
1.0917941e-11
2.209647e-09
1.4818489e-06
2.3613544e-05
2.60483e-07
4.4570104e-08
2.5111577e-08
3.7953188e-07
1.04832315e-11
2.2925506e-10
9.498929e-11
3.9794286e-11
7.9180705e-07
5.9414584e-10
2.614108e-10
1.941459e-10
1.6330653e-09
8.307607e-09
1.8346687e-10
5.89809e-10
1.3039342e-09
3.6335295e-09
1.3479268e-10
3.8777906e-10
2.3608601e-08
1.4866132e-10
3.856987e-11
7.5446066e-10
1.730782e-10
4.1795214e-08
2.6597973e-09
5.7792713e-09
1.7127169e-10
1.0549108e-10
1.23351026e-11
7.9570385e-11
1.886175e-10
6.100792e-11
5.895011e-09
3.142549e-09
1.18544055e-08
4.1595736e-09
3.720668e-09
2.0992064e-09
3.5640235e-10
3.18708e-08
1.9048891e-09
5.687908e-11
3.904516e-10
1.777141e-09
2.0200439e-08
5.175281e-09
3.8502064e-09
1.6111746e-07
2.2222325e-10
2.8551412e-09
6.22344e-09
2.7792255e-09
1.6877737e-09
7.8222734e-10
6.788449e-11
2.304371e-09
1.2398195e-08
8.997901e-11
2.5701872e-09
1.3439765e-09
1.5906507e-09
1.02517e-08
9.0481234e-10
8.038015e-09
9.427008e-10
7.814299e-09
7.70074e-09
4.9646696e-11
6.374708e-09
2.6138378e-11
7.1742756e-10
1.2965086e-10
1.4058612e-07
5.3366343e-11
1.4208738e-09
1.7010263e-10
5.9347846e-11
6.0073796e-10
5.1763176e-09
6.268967e-11
3.521188e-12
2.8241996e-12
1.6307458e-10
1.545287e-11
9.553353e-10
5.401061e-09
2.9539779e-08
1.8872484e-09
1.8335517e-11
3.5040153e-09
2.4657636e-09
1.5578242e-09
5.2811107e-09
3.8223102e-11
5.711619e-11
4.112005e-10
2.157053e-09
2.9070671e-11
5.866906e-11
7.363776e-11
6.368965e-11
6.5143724e-10
3.041287e-10
1.1998134e-10
6.96284e-09
6.444372e-11
4.2865524e-11
2.8551778e-10
1.2958718e-12
6.770163e-08
1.4020879e-09
3.620066e-10
1.1878226e-10
3.1691723e-09
1.4262505e-12
2.5667077e-10
1.5213245e-10
1.9898707e-09
2.4593332e-09
6.7812705e-10
1.1209705e-08
8.0591656e-10
1.3591394e-09
3.5773703e-11
9.503387e-11
1.3740069e-09
6.6086475e-10
1.6858777e-10
5.361961e-10
2.396929e-10
1.9429063e-11
9.7161905e-09
1.6999586e-07
5.9235294e-08
2.3293886e-08
5.082993e-08
7.5776e-11
8.987095e-11
7.843215e-11
1.3686529e-09
8.9406246e-11
2.88519e-09
9.083087e-10
3.2883085e-10
8.867488e-09
8.275125e-09
7.0121214e-10
1.5075793e-08
3.1934193e-09
4.527863e-08
6.457224e-09
4.7356092e-09
7.1825795e-08
2.010422e-09
3.899387e-07
1.1514809e-07
5.561922e-09
3.3236403e-09
3.2191253e-11
8.10622e-09
5.061325e-07
1.8740374e-09
1.4933216e-08
3.5759007e-09
2.1992973e-07
3.477536e-09
6.492412e-08
8.002011e-06
1.0323961e-06
1.1496956e-09
2.6941274e-10
6.142443e-10
9.429657e-09
1.6633321e-09
3.252136e-11
7.131733e-11
1.0265606e-09
5.6669897e-10
7.841044e-08
1.7174843e-09
1.5267153e-08
2.0473971e-09
9.371035e-11
4.3721918e-10
6.8473125e-09
4.3614564e-06
7.974219e-08
1.4414859e-09
1.2242626e-09
1.101686e-08
1.1429865e-07
6.086197e-10
1.9933088e-07
2.8255965e-11
2.9390273e-07
2.5969557e-08
5.2860408e-08
5.7494065e-10
4.9169526e-09
2.97938e-11
2.2136164e-09
3.048308e-10
2.2403604e-08
1.5278717e-08
3.255137e-09
7.200367e-09
1.2791487e-08
1.6013058e-08
8.492277e-10
3.865676e-08
3.1514085e-09
5.9401106e-10
4.4026125e-09
1.9913697e-10
1.6567367e-09
2.8483476e-09
2.7771827e-11
1.9760036e-11
1.5608036e-10
7.0134024e-07
1.6855216e-09
6.210254e-09
3.752431e-10
5.258304e-09
6.6800747e-09
1.6280117e-09
5.6322225e-08
7.964973e-09
8.195675e-09
2.5109206e-10
5.764623e-11
6.087559e-09
6.013069e-07
1.0664056e-10
2.8903924e-07
4.551197e-08
4.45978e-09
1.149683e-08
3.127649e-08
4.6975405e-08
5.731093e-09
2.5894992e-10
4.1355563e-09
2.5494015e-10
8.049871e-10
3.063908e-09
1.0598823e-10
6.090294e-07
1.1020544e-07
1.32986075e-08
2.725972e-11
1.7783526e-08
1.999566e-08
1.0670284e-06
1.5860982e-08
2.8483313e-07
2.683523e-09
7.320584e-08
1.9210144e-11
1.5933875e-08
6.9753975e-10
1.774869e-08
8.642773e-07
2.8204548e-07
3.107989e-08
3.4771648e-09
1.43168535e-08
2.0886679e-08
9.96911e-09
8.912821e-11
1.440221e-10
1.5731742e-10
2.3814014e-06
4.3516754e-10
8.665113e-09
1.5610196e-08
6.2236754e-06
5.6534226e-09
1.9055479e-08
9.43061e-09
3.2753116e-11
8.8418123e-10
7.3333084e-10
3.819975e-09
9.3560874e-07
1.18686295e-07
1.9903302e-07
3.9349746e-10
1.0602892e-09
2.801586e-08
1.8997433e-10
1.364394e-09
3.2253403e-10
2.655048e-09
8.297279e-10
4.0889665e-09
2.1771816e-10
3.3322173e-08
3.4535796e-10
3.6594144e-10
1.2645965e-07
4.9291526e-08
4.5183662e-11
7.4258287e-07
6.0993557e-09
1.1845902e-09
4.6158502e-10
8.724089e-08
2.4972012e-08
1.2719727e-10
4.0332832e-08
8.911968e-08
2.3253001e-08
1.1644148e-10
9.534198e-11
5.3037247e-08
7.071936e-09
1.4525208e-08
2.0357785e-08
7.13179e-10
1.0891299e-07
1.5726621e-07
1.109006e-08
1.688164e-08
1.9502085e-08
2.6187497e-10
4.1871573e-08
1.5069892e-09
4.2630868e-11
4.977838e-08
9.584562e-10
1.6680689e-09
1.0150413e-07
6.119328e-09
2.112566e-07
1.127036e-07
2.2374459e-10
2.1542911e-08
2.0085975e-09
7.757704e-09
2.190864e-08
1.7136902e-07
1.7880576e-10
8.7586685e-08
2.978288e-08
1.0921555e-09
2.1196794e-11
2.4635789e-08
3.2448961e-09
3.0048058e-10
1.31055975e-08
6.7294765e-09
1.0137972e-07
1.393698e-08
4.9749693e-09
5.3917666e-09
6.5531203e-09
1.5470373e-09
6.0116814e-09
1.6504162e-09
2.674415e-11
5.3641852e-12
2.4194058e-08
2.4952778e-08
1.6170888e-07
6.1907235e-07
2.0307846e-07
1.6546461e-09
6.9525155e-09
1.0233277e-08
5.4462723e-11
8.855458e-08
2.6677515e-07
1.1058096e-09
1.4138465e-07
1.936977e-07
7.0508435e-09
7.92196e-09
3.5675332e-10
3.2799667e-09
5.893957e-08
1.5041283e-10
4.1440287e-09
2.908179e-09
9.734592e-09
4.136471e-09
3.6182728e-09
3.0690668e-09
8.25092e-08
1.1374266e-09
5.0365295e-10
3.5281917e-09
1.8287898e-07
9.528534e-09
2.1453181e-09
1.7433156e-10
1.1085951e-09
8.042064e-09
3.7981875e-12
1.6442304e-08
3.581918e-07
3.5078315e-10
1.881828e-07
4.5685086e-10
4.9580107e-10
1.9778985e-09
9.441931e-09
6.246979e-08
9.765924e-10
1.4677449e-06
2.9570262e-09
7.430812e-10
8.417902e-10
6.0101627e-07
1.8898067e-08
1.2458773e-10
4.3743125e-09
2.4226995e-07
1.6345449e-10
3.145921e-08
9.331603e-10
3.8145337e-10
3.5890199e-07
3.659498e-10
3.8964256e-08
2.0895525e-08
4.040041e-09
7.5781194e-11
1.00812214e-11
4.695858e-07
9.834182e-07
9.722211e-10
3.8604574e-07
3.9179334e-08
1.2289774e-08
7.4472257e-07
1.8523551e-10
4.2442234e-11
1.1205783e-10
1.8624845e-09
5.7532388e-09
5.9467624e-07
1.1454602e-09
9.781467e-07
2.4384791e-08
7.4317654e-09
7.427199e-10
3.700413e-07
3.7817838e-09
2.208678e-09
2.493139e-10
1.5702334e-10
3.085179e-08
5.1846204e-08
1.6522431e-09
3.604435e-07
3.5174612e-09
2.0879576e-09
3.3230507e-09
4.1153494e-09
3.4893474e-10
5.8252237e-08
2.45265e-08
4.4613074e-11
2.6212057e-08
3.1723293e-09
8.093748e-10
4.1139404e-11
7.1336173e-09
3.4468952e-09
4.964047e-10
1.4787354e-07
2.617505e-07
2.2345341e-09
2.8150842e-08
1.5451942e-09
2.038624e-07
1.16176e-09
7.351472e-10
5.7402858e-08
5.4823627e-08
8.370274e-09
5.304612e-09
6.0385176e-08
2.3571647e-09
1.6370112e-08
2.1417469e-07
6.510848e-09
1.0989236e-09
7.77588e-09
2.7794376e-09
7.8628936e-08
2.688971e-08
1.3436433e-09
1.7931962e-08
7.055377e-09
9.77335e-08
2.204117e-08
8.675425e-07
7.089375e-08
1.585714e-08
4.3874352e-11
1.9348742e-07
6.0072536e-10
1.2898765e-09
2.2556793e-07
6.484083e-08
1.952828e-09
3.386423e-08
8.402525e-12
1.002262e-09
1.1828951e-08
2.1690506e-07
2.6699193e-11
8.059138e-09
2.0923363e-08
2.8329453e-08
5.549852e-09
2.0890264e-08
8.252979e-09
2.405169e-09
2.9680673e-09
1.0370873e-06
3.736335e-09
6.571307e-09
9.800753e-08
5.9946756e-06
8.8104926e-08
1.5098182e-08
9.8110576e-08
3.0473924e-08
5.3054347e-08
2.0808573e-09
3.5643804e-08
3.6264552e-08
3.066957e-11
1.5868923e-10
1.5299649e-07
1.6972459e-08
4.5250284e-09
5.1752386e-10
4.7080775e-07
1.6031477e-09
1.3136949e-09
1.8936956e-07
1.4122137e-10
1.1606666e-06
1.2307894e-10
2.6821672e-09
4.054508e-09
1.8295179e-10
5.0998807e-08
8.3129855e-08
3.026822e-12
1.9380586e-10
3.21394e-08
8.637858e-08
1.2355271e-09
2.942258e-09
2.820608e-09
4.5663766e-09
5.5173757e-07
4.737531e-10
8.242089e-10
1.755772e-07
9.160858e-10
2.5069796e-12
2.8624015e-07
4.3885925e-10
6.9707504e-08
5.614509e-10
7.9931715e-06
3.2651932e-12
9.7549435e-09
2.757043e-07
4.6721473e-07
4.6155556e-08
2.1831845e-08
1.8193635e-10
8.150534e-08
5.949955e-09
1.1468767e-09
2.0326551e-08
3.5370274e-08
1.2738015e-07
9.62935e-07
5.6082018e-11
7.6826986e-08
1.2913591e-08
1.1198437e-09
1.649712e-08
6.5693646e-09
1.265044e-09
4.2738236e-08
3.1544786e-07
4.1490214e-08
8.643304e-10
1.9283904e-10
1.5094777e-07
5.4304845e-11
3.8623797e-09
2.4194553e-09
3.9080216e-08
6.924376e-10
1.330141e-10
2.6447136e-08
2.4276982e-12
1.5107967e-09
5.777637e-10
2.6795533e-06
1.3736577e-10
1.3590798e-09
4.64003e-09
6.55123e-10
3.812552e-08
3.6186523e-09
1.44312065e-08
2.272582e-09
4.6455316e-06
2.8379452e-10
1.9370543e-09
9.486689e-11
8.805843e-07
6.10608e-10
1.2879769e-08
2.4395398e-08
7.657401e-09
1.548331e-08
6.1548364e-11
3.267279e-09
1.03710356e-07
7.942229e-10
2.0228883e-09
4.87593e-11
2.6917353e-09
4.977978e-09
4.5543993e-07
9.351118e-09
7.309367e-08
3.6285707e-07
2.2270698e-10
3.7948224e-11
1.911444e-09
8.2856786e-08
1.0876014e-08
2.1538925e-08
4.629726e-11
2.988851e-11
4.3858894e-10
4.0160653e-08
2.785964e-07
1.3702801e-09
1.4875755e-09
1.5077453e-09
4.1811023e-07
5.9316783e-09
9.278299e-08
6.535215e-11
3.6896267e-07
6.070966e-09
2.843415e-08
2.9865517e-09
6.740412e-08
3.5801628e-07
1.7524162e-07
5.9075047e-09
1.1317325e-10
9.745888e-09
1.3068131e-08
1.9555247e-07
2.7989915e-07
1.1389251e-08
7.5989076e-10
7.137554e-08
8.6066926e-08
3.750576e-07
8.407379e-09
2.5635362e-07
4.6199133e-07
3.1320848e-08
8.342891e-09
5.976981e-09
3.1232779e-09
6.7244987e-09
1.4350974e-08
3.5056882e-08
6.3921884e-10
6.644521e-09
3.3265657e-08
5.1613416e-09
1.2375265e-10
6.1256693e-09
2.319839e-07
7.548544e-08
1.4972066e-07
3.180813e-08
2.2223588e-11
4.621581e-08
1.5269758e-10
1.1451871e-09
1.6676532e-08
1.1324067e-09
9.606259e-08
1.5878278e-10
2.829747e-09
7.2487993e-10
8.176378e-09
1.8650077e-10
1.8405832e-08
5.797253e-10
1.3627763e-07
2.5084196e-08
1.4744422e-10
1.5117155e-10
1.7171477e-08
7.025643e-10
3.2083752e-10
1.5139265e-09
1.6044302e-08
1.3498654e-08
2.1077453e-08
1.1127218e-09
6.3026967e-10
3.0947e-10
1.902141e-09
2.462928e-10
9.318167e-08
1.1540435e-09
9.419649e-08
1.5553276e-07
9.782147e-09
3.5983163e-08
6.92585e-08
