0.7214346528053284
0.013636736199259758
0.05389157310128212
5.054924964904785
2.4903042316436768
-1.059587001800537
-0.40610358119010925
-0.2667073607444763
-0.2359512448310852
-0.4363167881965637
3.5639028549194336
0.15713344514369965
0.04360055550932884
-0.015995001420378685
-0.07100134342908859
2.56553316116333
-0.35836365818977356
-1.1787326335906982
0.15068009495735168
2.4471681118011475
-0.053826019167900085
0.008523131720721722
-0.15267692506313324
2.269280195236206
0.9893549680709839
0.4550343155860901
1.7724120616912842
0.48598986864089966
-0.19603462517261505
0.6234273910522461
-0.28581443428993225
-1.6836693286895752
-1.2939634323120117
5.510007858276367
-0.02630312740802765
1.7100696563720703
-0.45583376288414
1.7439992427825928
1.9143961668014526
2.296755075454712
0.873103141784668
1.4553331136703491
2.4629127979278564
-0.008000357076525688
1.7630621194839478
-1.1871159076690674
3.935227394104004
3.7958133220672607
0.027628857642412186
1.5361932516098022
0.3161461651325226
-0.0885816439986229
0.8672571778297424
-0.08668464422225952
3.1463353633880615
5.345047950744629
-0.007358684670180082
0.5802620053291321
0.8839449882507324
1.5248759984970093
-0.27999719977378845
0.6354857683181763
-0.8487797975540161
-0.019763104617595673
-0.0342879593372345
-0.17134025692939758
-0.012322821654379368
-0.20907333493232727
1.322492003440857
0.19782865047454834
0.1726095974445343
0.46545156836509705
2.9877312183380127
0.059236347675323486
0.019291603937745094
2.1126487255096436
3.451073169708252
0.15503552556037903
1.167163372039795
0.7963038682937622
3.411992311477661
2.281036138534546
-1.1819735765457153
0.6417914628982544
0.034903496503829956
0.06411094218492508
-0.016362184658646584
0.01400144025683403
0.022370504215359688
0.7586811184883118
0.031547047197818756
-1.124650001525879
-0.3366565406322479
-0.036246925592422485
3.1985349655151367
0.048259247094392776
2.9115207195281982
0.299345999956131
3.5224103927612305
0.6156711578369141
4.988912582397461
3.295945882797241
-0.19742560386657715
5.140316009521484
3.264312982559204
0.4673749804496765
1.5852367877960205
-0.09522966295480728
0.7298449873924255
-0.08363263309001923
5.133776664733887
2.6981987953186035
2.0532329082489014
0.9660077095031738
2.3289053440093994
-1.5900200605392456
-0.058671340346336365
0.25444266200065613
2.7191786766052246
0.3952127993106842
1.0132968425750732
1.472432255744934
3.6086580753326416
-0.04209217429161072
4.902159214019775
-0.09545955806970596
0.03944332152605057
-0.24698810279369354
