-16.28574562072754
0.23699454963207245
0.3681609332561493
-1.5816822052001953
-3.64298415184021
1.0240651369094849
0.3361342251300812
7.034239768981934
1.722166895866394
-1.5316364765167236
-1.9140945672988892
0.19248400628566742
0.04563307389616966
0.2823128402233124
-1.8230855464935303
-2.2690610885620117
3.2971131801605225
0.09535025805234909
5.392820358276367
15.959033966064453
-0.5780782699584961
-1.0009769201278687
3.9171724900814437e-35
-1.6910450458526611
-0.16080106794834137
-5.247318744659424
-0.2018159180879593
0.45826709270477295
1.0054254531860352
0.17435958981513977
6.4238104820251465
9.266219139099121
-26.959579467773438
1.7862552404403687
1.8595961332321167
-0.1442292034626007
4.618239402770996
0.3105436861515045
-0.08229820430278778
-0.17582638561725616
0.732099711894989
-1.726471185684204
2.0498335361480713
-0.034664496779441833
-3.2240030765533447
3.917667253816995e-35
0.12789614498615265
-1.6268869638442993
6.385425090789795
-13.898425102233887
0.9667608737945557
-3.3276898860931396
-1.533307671546936
2.704836368560791
1.9998745918273926
-1.0449827909469604
0.4531056880950928
-0.22565481066703796
0.4868870675563812
5.083018779754639
11.526132583618164
1.0451008081436157
2.6220955848693848
0.3902047574520111
-0.08996544778347015
-0.2660948932170868
1.067704439163208
-0.6805642247200012
0.33994436264038086
-0.5425775051116943
5.430820941925049
0.8673622012138367
-0.09420900046825409
0.8079363107681274
0.22837518155574799
0.042777806520462036
-0.7468804121017456
0.09729887545108795
1.8698598146438599
3.0615978240966797
0.8016618490219116
14.935120582580566
3.9175665217571466e-35
0.19099557399749756
-0.10743044316768646
1.0007911920547485
-3.0395069122314453
0.5912609696388245
-0.20204883813858032
-1.3353638648986816
1.8288938999176025
3.9173306193263907e-35
-11.050802230834961
0.004866382107138634
6.566129207611084
0.9795861840248108
-4.955786228179932
0.1383691281080246
-1.8435152769088745
2.2683451175689697
-3.6625757217407227
-1.1614670753479004
1.9245151281356812
3.3829424381256104
-0.5022746324539185
2.5061378479003906
3.7220518589019775
0.7176713347434998
2.5009844303131104
-5.187238693237305
-1.3704822063446045
-0.2915591597557068
1.9268066883087158
-1.9828546047210693
-3.087270498275757
1.3115296363830566
-1.4288277626037598
5.415639877319336
-2.1520557403564453
2.0109221935272217
-5.925453186035156
-0.5481685996055603
0.35806921124458313
-0.5080736875534058
-0.9956313371658325
-0.8235181570053101
0.23040485382080078
-0.31859156489372253
