1.173765778541565
0.9257034659385681
1.335789442062378
0.7654663920402527
0.8843827247619629
1.28590726852417
0.6494275331497192
1.4051073789596558
1.0513063669204712
1.7245322465896606
0.9786219000816345
1.676188349723816
0.5889121294021606
1.5048991441726685
1.7992327213287354
2.0459108352661133
1.3404539823532104
0.8147107362747192
0.998192310333252
0.8974955081939697
1.472054362297058
1.696710467338562
1.4580416679382324
0.6779513955116272
0.9473016262054443
1.632317066192627
2.269282579421997
1.8455253839492798
1.1102131605148315
1.1733872890472412
1.2954555749893188
2.004944324493408
2.3214564323425293
1.480016827583313
1.3782099485397339
1.0556961297988892
1.4653512239456177
0.6671967506408691
0.9524008631706238
7.108867645263672
1.9911779165267944
0.8525654673576355
2.2190890312194824
1.206900715827942
1.6967204809188843
0.9442735314369202
3.6298725605010986
0.9267342686653137
1.2230229377746582
1.0790834426879883
1.0855399370193481
1.008148193359375
1.0981156826019287
1.2766252756118774
1.0494686365127563
1.3324081897735596
1.177671194076538
1.2007189989089966
1.4395774602890015
0.6614283919334412
1.628562569618225
1.5631977319717407
1.1995731592178345
1.2673181295394897
1.1213077306747437
1.6547539234161377
1.2862772941589355
2.3152923583984375
4.398842811584473
1.9797191619873047
1.0684155225753784
0.9582390785217285
1.1742072105407715
1.6276936531066895
1.3896331787109375
1.0146262645721436
0.864621639251709
1.5494188070297241
1.3512934446334839
1.170983076095581
0.7606741786003113
0.9401595592498779
0.7202019095420837
1.564919352531433
2.0324015617370605
1.3279443979263306
1.1332471370697021
1.3857922554016113
1.514068603515625
1.4590812921524048
1.272091269493103
0.8364056348800659
1.675067663192749
1.1348620653152466
1.0499267578125
1.067435622215271
0.7267521619796753
1.7743616104125977
0.7501202821731567
0.8691571354866028
1.1815444231033325
0.5081946849822998
1.7374427318572998
1.2235736846923828
0.7684940099716187
0.8960161805152893
1.0788670778274536
1.3794910907745361
1.1268600225448608
1.5334981679916382
0.7020372748374939
1.6055988073349
0.7760129570960999
1.6224932670593262
3.124896287918091
1.2287145853042603
1.6510937213897705
1.0482473373413086
0.5818514823913574
0.951621413230896
0.6972195506095886
3.9732940196990967
0.8507677912712097
1.4750139713287354
0.6909894347190857
1.2968553304672241
1.2952346801757812
2.2814035415649414
