6.132806946653536
3.407723425007554
5.744188155936466
3.2512230517287315
1.9501869566866874
2.2398003450039328
1.680456885132343
3.4052081239703558
2.738411079583139
3.7530455081090475
3.5297342711546116
7.28945896103271
0.5975091898383013
5.188123419747286
1.8914035615267706
5.736889743638452
2.081500663440167
0.5220817953403203
4.406668414655638
6.680200073992129
4.271877368181266
9.140744386907302
0.03162277660168379
2.7672516216687226
3.5996262748433314
4.668381071617224
7.893329939368953
2.984381962473472
3.796523789979251
3.1203194586724483
4.092292185489802
1.1635650292728816
5.767510709054013
5.152347505210914
3.8367270938236495
1.6048582306755375
3.3108607970170114
3.5134682479472468
6.0119085212087855
7.468647629806409
6.2244111618307665
3.2196050565202405
6.067766287500414
3.526542912446987
5.318208618582633
0.03162277660168379
10.430307460506768
3.709870397560974
4.666727510509761
2.8295272092533894
6.401082300225315
3.22995025289391
5.222176033807762
6.395791691978992
3.458249059423979
4.328087825243668
9.122810026563181
3.6444348976997487
2.693570325483936
5.036748175543214
5.116030643624879
3.7501810126804083
3.3757924563807427
5.633488381563846
3.455317092454992
1.7634562653714805
5.118052968319441
3.0408869782017183
7.639105870917098
5.232232371055093
4.13638774938729
3.11293854224555
5.144800277407198
9.369666073771487
3.783844437770671
2.8919248515874343
4.056527377902901
2.464949582495428
6.438770692910928
6.525934023599311
2.630661640125054
8.03143764980195
0.03162277660168379
3.4993825880166995
8.424981703922317
6.873120732588387
1.4379897986515762
4.261825107159908
5.8101520165205764
1.8782857273277878
9.634887401356407
0.03162277660168379
2.101603131323356
2.2711363117020933
3.2592086290158186
3.4955951460094297
3.7075256180087166
2.7651191854054087
3.284795763701073
2.871955018033944
3.1676530336476483
2.0158074054835193
3.241322534987512
4.362114440144368
1.5695996012029034
3.0267611548789377
7.06011683510562
5.641538135110603
5.470124912265362
9.557613175081539
2.8498736798584425
8.291931896881422
2.9399043167529446
3.5365244643817197
8.032439300469234
1.7845345249785598
2.6205110907550115
3.459086878907154
2.975354139262807
4.101430961432422
6.5225483418168615
6.2278841940440595
2.811595445087785
5.049123406198397
2.347992899440446
4.746979061590818
4.923105680711824
3.82886962823297
