0.43973493576049805
0.8607020378112793
0.5748586058616638
1.1147969961166382
0.9359056949615479
0.7482429146766663
0.9506392478942871
0.4139961302280426
1.9735914468765259
1.4888370037078857
0.7735368013381958
0.8492546677589417
1.0905238389968872
0.7964563369750977
1.040793776512146
2.294996738433838
0.7220544815063477
0.888422429561615
1.1779537200927734
0.5941991209983826
0.6935015320777893
1.3828219175338745
0.7226624488830566
0.9699565172195435
0.753456711769104
0.7402594685554504
1.004369854927063
0.6704428195953369
0.7363340258598328
1.3282623291015625
0.6738638877868652
0.9612466096878052
0.6916509866714478
1.1911622285842896
0.7298967242240906
1.6606353521347046
1.2703157663345337
0.8186608552932739
1.2726123332977295
0.7690982818603516
0.7004840970039368
1.5682642459869385
0.8770073652267456
0.8028592467308044
0.7755284309387207
1.0789860486984253
0.7760934829711914
0.7400019764900208
0.978208601474762
1.151029348373413
0.8305018544197083
0.8859158158302307
1.1257822513580322
0.558988094329834
0.8157942295074463
0.7390150427818298
1.9522243738174438
0.8944882154464722
0.8836582899093628
0.8039535880088806
1.500571370124817
0.6952061653137207
0.7169278264045715
0.7511410117149353
0.6874675750732422
1.0216805934906006
0.9264535307884216
0.667088508605957
0.6339768171310425
0.8920902013778687
0.8772842288017273
0.7209801077842712
1.1753531694412231
0.7400032877922058
1.0289226770401
4.523478984832764
1.932918667793274
0.6145184636116028
1.1358165740966797
0.8733657002449036
0.6985816955566406
0.7173240780830383
0.7379348278045654
0.9946978688240051
1.174749732017517
2.126307249069214
1.0684560537338257
3.5396647453308105
0.9250932335853577
0.8856251835823059
0.7218084931373596
0.7300207614898682
0.6930821537971497
2.0796492099761963
2.407449960708618
1.032942533493042
2.5001046657562256
0.9477749466896057
0.9324367046356201
1.4041155576705933
0.8475319147109985
0.9382702112197876
1.1243773698806763
1.2097336053848267
1.9992035627365112
0.6770697236061096
0.8901427984237671
1.0714675188064575
1.2645853757858276
0.8864604830741882
1.253089427947998
0.6402297019958496
0.7375028133392334
0.6469597220420837
1.8889491558074951
0.691300630569458
2.2339305877685547
0.7331932187080383
0.6278435587882996
0.9953656792640686
0.6924986243247986
1.3792123794555664
3.950660228729248
2.513634443283081
2.9061779975891113
0.6741035580635071
1.4735968112945557
1.5745059251785278
1.1089287996292114
0.7482731342315674
0.8163572549819946
0.745377779006958
0.8673854470252991
0.9125580787658691
1.0304832458496094
0.899839460849762
0.6537723541259766
0.9524530172348022
0.9183893203735352
0.7166269421577454
1.306510329246521
3.797105073928833
0.8055535554885864
1.4308538436889648
1.04531729221344
0.8871442079544067
0.6850857138633728
0.9490181803703308
1.0776337385177612
0.7573882937431335
2.6908793449401855
0.9378984570503235
2.0675978660583496
1.9387586116790771
1.2390655279159546
2.591581344604492
0.7604352235794067
0.8402877449989319
0.7595561742782593
0.7592635750770569
0.686097264289856
0.7773037552833557
2.1088321208953857
0.9050589799880981
1.1726940870285034
0.9035800695419312
1.1264774799346924
1.0805643796920776
1.383339285850525
1.2638676166534424
0.7217215299606323
1.2845784425735474
1.0331093072891235
0.5261005759239197
2.0376996994018555
0.9535630941390991
1.0291818380355835
0.6237247586250305
0.7313944697380066
1.0085111856460571
0.8181814551353455
1.0673907995224
1.4471030235290527
0.7870675921440125
1.055809736251831
1.7674049139022827
0.9212632775306702
0.6506484746932983
0.8028055429458618
0.6575489640235901
0.6081072092056274
0.8528881669044495
0.8094767332077026
1.3009511232376099
1.29587721824646
0.9915562272071838
0.7156923413276672
1.5792678594589233
0.7340666055679321
1.093118667602539
0.9395462274551392
1.3115034103393555
0.7094858884811401
2.7589457035064697
1.3298944234848022
1.3624098300933838
0.7158458232879639
1.0007188320159912
1.2259271144866943
0.8416261076927185
0.8342164158821106
1.066519856452942
0.7349679470062256
1.19541335105896
1.7172205448150635
0.7319567799568176
0.6390997171401978
1.0783631801605225
0.8530620336532593
0.9698905944824219
0.7641396522521973
1.7385411262512207
1.2242567539215088
0.8802962303161621
0.7911900877952576
0.7182769179344177
1.1318752765655518
0.6771825551986694
1.3217930793762207
0.849607527256012
1.091095209121704
0.7350441813468933
0.7475189566612244
0.8431563377380371
0.6712671518325806
1.3467910289764404
0.713233470916748
0.7566895484924316
0.6945966482162476
0.7199435234069824
0.8743966817855835
1.756518006324768
0.7101183533668518
0.9324073195457458
0.7282014489173889
1.1795125007629395
1.4876022338867188
0.8325993418693542
0.651390790939331
1.078041911125183
1.7206461429595947
1.8446168899536133
0.7495146989822388
0.7023423910140991
1.0734362602233887
1.6117615699768066
