0.13241499662399292
1.6673798561096191
0.2641284465789795
3.034085750579834
2.699934244155884
0.7692133188247681
1.1054049730300903
0.12488473206758499
-1.1990443468093872
-1.6227681636810303
0.13511629402637482
4.166335582733154
0.7412211894989014
0.3739006519317627
1.2381937503814697
-0.3579135835170746
1.915573239326477
2.2293765544891357
1.0685231685638428
0.33851051330566406
0.5276346802711487
-0.3037945330142975
2.6343088150024414
0.9374966621398926
3.9507174491882324
1.3245396614074707
0.13168363273143768
2.2026596069335938
0.9652482867240906
-0.8042557835578918
1.8894497156143188
2.5062174797058105
3.2364847660064697
3.3042757511138916
0.4405120313167572
0.2035202980041504
-0.454167902469635
0.6200182437896729
0.6433423161506653
0.5951351523399353
0.40575188398361206
-0.15304513275623322
3.3224823474884033
0.4663308262825012
0.5814898610115051
2.3102633953094482
0.4440341889858246
2.0098633766174316
0.9771978855133057
1.3854396343231201
1.179494857788086
0.526383638381958
0.9678325057029724
1.4362690448760986
0.6830132007598877
0.6541967391967773
-0.578572690486908
1.891279697418213
-0.05245594680309296
0.8234196305274963
-0.0868123322725296
1.9891647100448608
0.681482195854187
0.48374032974243164
0.783994734287262
-0.12116293609142303
2.5403761863708496
2.8758046627044678
1.2932311296463013
0.7558921575546265
0.5447856783866882
1.6298965215682983
-0.6221736073493958
0.8287815451622009
0.7975226640701294
-4.312257289886475
-0.42963263392448425
0.2960817813873291
-0.09017252922058105
1.7318235635757446
0.6047399044036865
0.4826452434062958
0.4222782552242279
4.346045017242432
2.6838674545288086
-1.3663883209228516
1.652650237083435
-1.8578481674194336
1.5898340940475464
0.6397560238838196
2.224632978439331
1.4818042516708374
0.9312165379524231
-0.8685100078582764
-1.3175512552261353
3.028010606765747
-0.7909777164459229
3.072862386703491
3.246720314025879
-1.003332257270813
0.7885203957557678
2.15765643119812
-0.3576667904853821
-0.6627959609031677
-0.556414783000946
4.054945468902588
0.5200234055519104
0.6160975694656372
-0.7165080904960632
1.6219956874847412
0.3113833963871002
0.2644258141517639
0.39326998591423035
0.42035356163978577
-0.5671476125717163
0.573972761631012
-0.8681803941726685
0.5902212858200073
0.3476469814777374
1.3647691011428833
2.970062732696533
0.802237868309021
-2.6012918949127197
-1.1154048442840576
-1.3805567026138306
0.48238903284072876
-0.31340542435646057
-0.16654503345489502
1.8490442037582397
0.6219225525856018
2.1686768531799316
0.4611407518386841
1.3887916803359985
0.5982488393783569
-0.21422609686851501
1.4486126899719238
3.5892093181610107
0.04342653602361679
0.7913658022880554
2.8974363803863525
-0.6105984449386597
-2.3773915767669678
0.7485188841819763
-0.12767469882965088
1.379068374633789
0.6088331341743469
0.716223955154419
0.6173709034919739
1.1998385190963745
0.9618159532546997
-1.3319209814071655
0.8080072999000549
-1.3717095851898193
-0.9469127058982849
1.0699286460876465
-1.7961431741714478
0.4205057621002197
0.7112197875976562
0.5371795892715454
0.6189166307449341
0.3335733115673065
1.5669482946395874
-0.12130417674779892
0.6273323893547058
0.2495671659708023
0.9898050427436829
2.7040579319000244
-0.003156480612233281
0.6965932846069336
-0.19675606489181519
0.4855174422264099
0.3576183319091797
2.7403433322906494
0.24800996482372284
-1.3393561840057373
0.8608078360557556
-0.07864069193601608
2.894758462905884
2.355299472808838
0.5532901883125305
0.6281272172927856
0.8312011361122131
0.3294239938259125
2.01886248588562
0.8499832153320312
-1.5285043716430664
1.260581374168396
1.9844586849212646
0.8636060953140259
2.8264105319976807
0.40653011202812195
0.7686468958854675
0.6262069940567017
0.7934462428092957
-0.27025994658470154
3.5969417095184326
0.5565276741981506
-0.8225696682929993
0.69630366563797
1.7129602432250977
0.9841997623443604
0.9948375225067139
0.5763763189315796
-1.211812973022461
0.050394609570503235
0.6828962564468384
0.6778052449226379
0.10986905544996262
-0.8506935834884644
0.7749664783477783
0.8737115263938904
-0.24956366419792175
4.605218887329102
1.0814977884292603
0.09189660847187042
0.7486160397529602
0.365751177072525
1.2168322801589966
2.634286880493164
0.7258924245834351
0.8056832551956177
-0.19481419026851654
0.915848433971405
1.743468999862671
0.7199568748474121
0.12564246356487274
0.16666387021541595
0.6787710189819336
1.2533926963806152
0.4788450598716736
0.6862950325012207
0.5535637140274048
3.4533498287200928
0.7867516279220581
1.4070987701416016
0.6075214743614197
0.5877619981765747
0.6087694764137268
0.5140131115913391
0.5343521237373352
0.40691739320755005
0.07714170962572098
0.435567170381546
1.0793392658233643
1.0781620740890503
-0.42709270119667053
0.7840591073036194
1.5963672399520874
0.4496181309223175
1.6291877031326294
-0.4253617227077484
-0.4474762976169586
0.5677391290664673
0.685035228729248
4.6716508865356445
0.02597021870315075
