0.2729227840900421
6.89589786529541
0.47310468554496765
-15.396452903747559
-12.814888954162598
2.4216434955596924
-3.7681117057800293
0.2011118084192276
-2.570578098297119
0.5314536690711975
0.6897159814834595
-5.0217742919921875
-10.025672912597656
2.1029627323150635
6.9677300453186035
-4.019690036773682
1.734705924987793
-5.980062961578369
-4.926898002624512
0.848461925983429
1.646056890487671
0.8333925008773804
0.6631603837013245
5.449129581451416
-3.4892990589141846
-1.6565638780593872
-1.8864513635635376
-0.891208291053772
3.6041126251220703
1.4702469110488892
1.7824008464813232
-8.116339683532715
-2.2407777309417725
-16.256145477294922
1.387813925743103
-14.835723876953125
0.5472468137741089
2.123701572418213
-6.5955891609191895
1.7298614978790283
1.0458327531814575
-15.647957801818848
-4.561988830566406
2.1194379329681396
2.5098941326141357
-18.097558975219727
1.7321135997772217
-1.6720386743545532
3.425976514816284
-4.375278949737549
3.5660440921783447
-2.0682647228240967
-6.908161163330078
-1.0938340425491333
1.8739056587219238
1.8756701946258545
-7.503780364990234
-2.4527904987335205
-0.12801392376422882
2.6160316467285156
-11.996865272521973
1.7103519439697266
1.8292888402938843
1.5175100564956665
2.4354312419891357
0.07691067457199097
-5.451387882232666
0.23372937738895416
1.2240269184112549
2.731884241104126
1.5007413625717163
-0.0719752386212349
0.3592408001422882
3.2609639167785645
-15.506025314331055
-13.50587272644043
-11.424756050109863
0.6006273627281189
0.016575897112488747
7.059765338897705
2.3570470809936523
1.2311052083969116
1.2294741868972778
-5.036679267883301
-28.360387802124023
1.5079236030578613
8.383333206176758
-12.550867080688477
-4.158116817474365
2.8512606620788574
-2.730930805206299
2.2894232273101807
1.8201477527618408
0.5172092914581299
-19.80193519592285
-7.235027313232422
-13.220013618469238
-12.821452140808105
5.134230613708496
0.042434267699718475
3.746583938598633
-13.323752403259277
2.0272135734558105
1.305084466934204
-14.07709789276123
-1.47066330909729
3.725907802581787
-14.221014976501465
0.63889479637146
-15.467500686645508
-13.380084991455078
0.8735005855560303
1.0471018552780151
1.0222623348236084
-7.999067783355713
1.3802967071533203
-17.471147537231445
1.7987277507781982
1.1198269128799438
-3.447706460952759
0.2727760672569275
-4.632231712341309
-8.537775039672852
-8.040902137756348
-13.720437049865723
1.5731650590896606
2.186920166015625
-12.793684959411621
-17.51935577392578
1.8685798645019531
-2.315472364425659
1.6757622957229614
-4.421072006225586
2.4371817111968994
-0.8346277475357056
-6.257859706878662
1.1272724866867065
-0.24772925674915314
5.52114200592041
1.6515518426895142
-0.02273452840745449
-10.042158126831055
2.5688436031341553
-7.770845413208008
-20.5374755859375
4.541494369506836
1.413629174232483
2.240189790725708
-3.7309505939483643
2.899627685546875
-8.688720703125
4.5011091232299805
-15.041609764099121
-14.594557762145996
-7.9149041175842285
-10.9594087600708
1.6202504634857178
2.977583646774292
1.7590430974960327
1.7349226474761963
0.7530620694160461
2.060272216796875
-4.712446212768555
2.123602867126465
-16.37541961669922
3.3258190155029297
19.744739532470703
4.749334812164307
-6.453843593597412
0.04211689159274101
1.3717952966690063
-8.394243240356445
12.607486724853516
0.573320746421814
0.6245861053466797
3.7339601516723633
0.959047794342041
-0.7310676574707031
-1.8962749242782593
-2.984361171722412
2.417959213256836
-14.738783836364746
-8.391987800598145
5.349776268005371
-10.482414245605469
-1.725071668624878
-9.392271995544434
0.5155750513076782
3.0332589149475098
-2.3417303562164307
1.557081699371338
2.801914930343628
-0.5697975158691406
-3.373818874359131
6.619721412658691
-7.143145561218262
1.7466521263122559
-0.4267919361591339
1.761100172996521
9.598580360412598
-3.8855340480804443
-12.85898494720459
2.2211737632751465
-14.677244186401367
-12.592935562133789
-4.867434024810791
2.7195613384246826
2.7954909801483154
-0.3412292003631592
2.744572877883911
4.104793071746826
1.0256385803222656
-1.284358024597168
-9.929586410522461
-7.224691867828369
2.544036388397217
0.6772099137306213
6.948495864868164
-3.5225160121917725
2.5646467208862305
2.773076057434082
-11.434267044067383
-8.792351722717285
3.80880069732666
3.1824734210968018
0.9058606624603271
-10.04936695098877
0.7082785367965698
-6.837250709533691
3.618558883666992
-9.94313907623291
1.5904518365859985
-2.6962809562683105
1.375044584274292
1.7719541788101196
-4.763089656829834
1.5813099145889282
2.009432077407837
1.2698758840560913
1.214867115020752
2.697580099105835
-11.658132553100586
1.2407344579696655
3.2406208515167236
1.797252893447876
0.0781542956829071
-8.893221855163574
2.431225538253784
1.323685884475708
-4.602869033813477
-12.712569236755371
-11.274298667907715
1.7070728540420532
2.3812012672424316
10.230011940002441
-5.9063005447387695
