0.8252723149053511
3.2996768816345274
1.0147667770032651
5.697985411550659
2.6777215671135615
2.9835163220879215
4.136280999988306
0.6281090518957513
1.978019647911467
1.761608876796535
2.4567654708945037
4.297458520392846
5.0054376194014
2.3231891462918473
5.709215612833199
4.356730497943827
1.8326591475674683
6.100278874260586
4.530112559286434
1.374377613004427
2.1683794779147165
2.884032378672346
2.6705718093242363
5.695540274294729
2.8165587196506725
2.5533914482568094
2.7490714111044934
2.877697645304831
3.2729612128328083
2.152014971592383
2.9379951507756856
4.545975594303593
2.480716737572828
4.295988298069878
2.188127280841283
5.322183250509321
1.2735430718406955
2.6301190690910623
5.141014810270336
2.217952870053116
1.7618266276214292
3.929059573534773
4.2638197856415925
2.807573806730077
3.2741426897874164
4.255162478078099
2.6685027454198416
2.1046818441585455
3.447597802913898
4.360142419571328
2.868720548723755
2.674962376124958
5.3483235893188485
2.3192280147588202
2.0855550410512187
2.157720772066279
4.9943944575819
2.8811242886671944
1.5811214367617294
2.652988195048675
6.820378259365831
2.3782892190022666
2.333711938205412
2.3124869219435937
2.0253738095975065
1.553000243182633
4.611095309270008
2.3249813234953205
1.3661960432700904
2.9881800138591132
2.1644497358443284
2.2727029828524894
2.3181653246505327
3.331754695027735
3.05625146908715
7.859554619437285
6.697460178258282
1.2476580428347668
2.0001754864951535
4.0128076757433675
3.3570861934065586
2.1054401178624826
2.002661978162889
5.516482933342351
9.684044822340185
2.1730789198116427
5.44235911911113
9.53409644356072
4.803598328339331
3.3552057806315396
2.7297862018805237
2.5798155959712137
2.4051255560952063
2.341150205229743
4.783323805707599
5.9283669812771596
7.087128263544112
3.573986552182745
6.852879714994536
2.659567894938361
3.778622504230871
6.447482809315277
2.2845532424209454
1.4915584259968604
5.209759724763754
2.1683823366758483
3.7277234683476355
3.32466390761108
2.3131316226595406
3.196080581537205
4.619814525365634
2.0166439056162906
2.0020541314077076
1.6638955263710555
5.361863746866925
1.8669884422528864
9.164460056380845
2.201855465718139
2.007908224592202
4.0827010720628625
1.903409768332952
5.220924753584634
7.2454678132614605
6.06182610421756
4.893358199414124
2.1688711294157574
3.0763775005679936
3.196669099055675
4.444759242056721
2.2133144530483033
2.723508695546166
2.44476401440315
3.475570238927387
3.0978010340139486
2.266500596058782
4.833157735506784
1.7535070498726963
1.3319503270959518
5.229051719749709
2.67331831933401
1.0065327056482927
7.359963853996085
2.9540359587240252
3.4812336366224352
4.1899789989008855
4.663406359246421
1.9999748648017721
3.301480021495878
4.229291004977685
3.1311550675732973
5.455511370080905
5.064350550626782
4.04020141552712
3.066694785141228
10.331528030042163
5.887299391777011
2.6614058912352343
3.3125749365049746
2.376498818732509
2.1551865044273932
1.5224702007214987
2.709303494998121
4.69345920195281
2.511169672773579
4.236396174966352
2.8976445228008174
6.789633395336335
3.9669419113533486
5.6794400441494135
2.68362752364005
2.023626977245532
5.371175654205064
3.442356296440429
1.1579449374790398
2.3988351053205617
4.425174043325382
3.1402706991733873
1.4219043690090178
2.317579840115032
3.639071097849037
2.7521789026716252
5.01761448233957
4.944444873843133
3.532759295083591
6.128235610516133
3.34351391908998
5.211044614774743
2.5577294349115847
2.7804728206080593
2.15714114496746
2.31838972804214
3.045773910868219
2.2408621086106857
4.1575279366110305
4.864897072498141
4.48367746235451
2.1958594840975976
2.043779452517078
2.0166309007778107
6.4470408265111185
5.562647320457409
4.452478470404876
2.391196403481059
8.005837729066249
2.661854040740044
5.007268255454273
2.9381540383610263
0.987543704357459
1.1026732672348105
3.546860423591675
4.158263738402753
2.6204139204875743
1.768278258805603
6.872512129755233
6.288347974743831
2.4401671808846426
1.1732715986187368
5.2103216743377025
3.3737349189231836
2.8117901352970165
2.700453758257727
7.143598180510968
9.070624587519585
4.080595190728395
4.067109128509832
1.637932761278298
1.9853949323533973
1.523155875286345
9.309863674915322
3.4953131733784133
2.509957714712496
2.0002123781930226
2.4843152262856436
2.8654501452498016
2.5444351540756345
5.361478838671697
2.0370389348814375
2.561859995492558
1.871543642497798
1.856715780575381
3.096992038705488
8.57145815824216
1.9390884350956519
3.545203341959364
2.5948172661860913
1.8856834148175479
5.879535675399953
2.816457054494748
2.03174410775946
4.726438468478509
6.886668936823532
3.089516963301597
2.3044483282611767
2.2248413020769573
9.067238907800588
4.313773431706025
