1.1120621
1.4596137
0.84910226
1.2582105
1.7397834
1.0267967
0.70161414
1.0407256
0.55694497
0.7628406
1.1057584
0.5987057
1.0905552
1.5013218
0.6204713
0.5589116
0.7164962
0.32766354
0.9823592
1.1780916
0.6662849
1.1734931
1.3775741
0.820404
0.6461244
0.7912954
0.41904464
-1.0519894
-1.1636846
-0.5886174
-1.2035117
-1.6807941
-0.88628703
-0.5095137
-0.82366
-0.52997893
-0.7876383
-1.0207905
-0.46149972
-1.016078
-1.3912183
-0.6575907
-0.4954324
-0.6742323
-0.36504367
0.9208701
1.2336886
0.5929895
1.225755
1.7447261
0.8612301
0.5838939
0.93044347
0.45328185
-0.7504899
-0.90998816
-0.6319841
-1.1298226
-1.3928729
-0.89054376
-0.6990717
-0.9327964
-0.5695694
0.8018689
0.96908695
0.5271013
1.0972911
1.2797205
0.86094004
0.9015478
1.0053121
0.7403072
0.966909
-1.5168594
-0.30509052
1.3703051
-1.5432976
-0.5822936
0.5979823
-0.4879456
-0.619893
1.1138668
-0.2663661
-0.2913525
1.5513376
-0.25417033
-0.42277247
0.76074445
-0.52141345
-0.2693518
-1.1086861
0.31316853
0.80363864
-1.2876575
0.7962773
1.0794464
-0.68930435
0.56253594
0.6216963
-0.8976954
-1.2702069
-0.64496845
-1.1875662
-1.6543534
-0.8642918
-0.6298396
-0.85068804
-0.47191352
-0.57648975
-0.89351076
-0.42789894
-0.9156523
-1.6192092
-0.81399125
-0.5788203
-0.9345901
-0.50684667
0.77562076
0.9823221
0.5813825
0.9263015
1.1831353
0.7566315
0.56416625
0.76338553
0.5192634
0.9151855
1.2866561
0.7063849
1.1862403
1.7086194
0.8565807
0.5381287
0.75442356
0.3761341
-0.7138961
-0.88639504
-0.4909551
-1.0565425
-1.2059002
-0.8134022
-0.6032063
-0.83645
-0.45380175
-1.6161792
-0.055487897
0.50532717
-1.03409
0.8672801
1.3525869
-0.06918477
0.82206136
0.4287937
-0.8265443
-1.1826202
-0.5465258
-1.1861128
-1.7916361
-0.9397463
-0.62902033
-0.91059226
-0.5563217
-0.8945528
-1.2615346
-0.6789535
-1.3332381
-1.582041
-0.9284873
-0.870996
-1.034086
-0.5105426
1.0459002
1.3410959
0.5953359
1.287135
1.6898667
0.7546414
0.5999343
0.7887877
0.4050833
0.94135636
1.1492409
0.6439682
1.2796259
1.4497675
0.8252414
0.8552436
0.93631446
0.47556555
0.77177584
1.2222751
-0.79164726
1.3527249
-0.030981906
-1.3857079
0.5959057
-1.3441637
-0.16624458
-1.6997129
-0.9924876
-0.38399902
-0.9860778
1.0324383
1.7981521
-0.34962556
1.6452634
1.1729344
0.9317958
1.4301535
0.8044654
1.3281798
2.1834762
1.1468538
0.5720616
0.9976578
0.6046315
-0.6919428
-1.0417207
-0.5222099
-1.0400146
-1.6012127
-0.8532883
-0.5586093
-0.95233935
-0.51373065
0.6607732
0.9287414
0.44714543
-0.4352366
-1.169239
-1.0873265
-0.56236094
-1.86758
-1.5139607
1.383687
1.5725168
0.9687443
-0.88620424
-1.4139664
-0.92489576
-0.72585243
-1.140582
-0.4632875
-0.2991048
0.959759
0.91834235
-1.7741368
-0.45810324
0.680287
-1.2641661
-0.9392177
0.13312602
0.93909144
1.3399194
0.7328181
1.3682556
1.9038123
1.0256482
0.78525615
1.0934279
0.5899924
0.2797748
-0.34188986
-0.7030936
1.1828607
1.6471969
0.9071797
-1.3131628
-0.85209423
0.009987242
0.9799083
1.4647429
1.1190288
1.7940108
2.0577416
1.0323676
1.0287509
0.93232095
0.14880474
-0.40805793
-0.78426135
-0.4844556
-1.0715477
-1.6158694
-0.66459525
-0.77768326
-0.8605133
-0.23423618
-0.7164968
-0.9335253
-0.51908374
-1.0159329
-1.3255832
-0.6598861
-0.5253323
-0.67688215
-0.32889113
-0.94694567
-1.2946614
-0.54933304
-1.2377459
-1.6288
-0.690865
-0.6798975
-0.77865696
-0.28904554
1.3065046
1.3871604
0.62927824
1.5288188
2.0526736
1.1668122
0.805396
1.3437672
0.8810978
-0.66289246
-1.0107553
-0.5178579
-1.0884242
-1.5931532
-0.81559044
-0.7111498
-1.0313623
-0.49496043
0.88005716
1.1365068
0.32831717
0.98188627
0.50191504
-0.49526495
0.30394495
-0.1309597
-0.4448452
0.5771562
0.93234086
0.4972077
0.85295314
1.2487545
0.58030874
0.58304334
0.6425715
0.3568184
0.63389033
0.37387827
0.05626094
-0.8691437
-2.0140953
-0.93084806
-0.9346856
-1.6351664
-0.534126
0.9470216
1.267673
0.63893706
1.3028225
1.751195
1.0500187
0.7430964
1.114757
0.7380036
1.1695356
1.360783
0.6131076
1.2676762
1.8739055
1.1562963
0.45243904
0.9799803
0.7822869
-0.5777826
-1.003467
-0.7767167
-1.251068
-1.464062
-0.9184704
-0.6970847
-0.57757014
-0.31981605
-0.61536425
-1.0698256
-0.6949289
-1.0241866
-1.6304849
-0.9349634
-0.64694643
-0.99889535
-0.5153703
0.68662226
1.1022085
0.77390534
1.0508398
1.421373
0.8203503
0.70756614
0.9165692
0.5732745
1.1022887
1.3467228
0.6003327
1.3965479
1.7212132
0.8489743
0.75572526
0.93371385
0.49446145
-0.81776494
-1.1271238
-0.5938435
-1.141391
-1.663656
-0.821695
-0.61494005
-0.8648842
-0.41394916
0.9331636
1.3561078
0.8531566
1.1541303
1.7551098
1.1587967
0.73950887
1.0967911
0.7461724
1.2226418
1.3662524
0.54989886
-0.06963254
-0.8454938
-0.560657
-0.7189603
-1.5550134
-0.66955364
0.9408251
1.2444143
0.69324
1.2614272
1.6324438
0.8408451
0.83211315
1.0355561
0.5849777
-0.72302294
-1.0097649
-0.4547571
-1.0495864
-1.3949597
-0.6895788
-0.57416517
-0.8207972
-0.37440625
0.8266924
1.1770047
0.62526757
1.250979
1.7286344
0.8734689
0.6185052
0.9491212
0.41291562
-1.0959146
0.15409179
0.7485214
-1.9985312
-0.260614
1.1003882
-1.3441175
-0.4966692
0.5781662
-0.59944105
-1.0093151
-0.51987976
-0.9457561
-1.4711844
-0.7288205
-0.5501653
-0.8756314
-0.50972974
-1.2147702
-1.5904953
-0.7973921
-0.410052
-0.76416004
-0.22094922
0.79695475
0.98209953
0.52824914
0.67684066
0.94919187
0.47088957
0.96380097
1.2631654
0.65662056
0.56204545
0.738659
0.45266578
0.90289927
1.1936698
0.5581328
1.2965249
1.720589
0.8669691
0.6175161
0.89241207
0.48081475
-0.5966082
-0.9543027
-0.56843245
-0.9543317
-1.2128388
-0.7249079
-0.70747006
-0.80242455
-0.3733171
-0.71472484
-0.9690095
-0.4660556
-1.0394821
-1.3689951
-0.72826517
-0.5311418
-0.7331857
-0.3957318
-0.97756314
-1.3328671
-0.84106404
0.28226563
0.5458219
0.069102526
0.68394667
1.0203574
0.50109255
1.125872
1.3822402
0.7014833
1.4139272
1.8230674
0.97343135
0.7253672
0.99894834
0.48488158
-0.83007747
-0.97024924
-0.57901746
-1.1226938
-1.3885313
-0.7361251
-0.7043767
-0.787065
-0.48162714
0.91544473
1.2956715
0.66118747
1.0648437
1.6919446
0.9489757
0.47161984
0.759837
0.36843506
0.89376014
1.1044561
0.6269645
1.1904023
1.6404619
0.8698939
0.61340207
0.9670574
0.4893695
0.71101326
1.4383537
1.0585661
1.3519815
1.9870005
1.2473378
1.0431447
1.1703973
0.5527586
0.5048521
0.8830433
0.6734692
1.0097643
1.5081005
0.82906413
0.6623752
0.7996777
0.26265746
0.9495394
1.3223575
0.810813
-0.21519412
-0.006215055
-0.14686468
-1.0139505
-1.2296591
-0.6282966
-0.8635711
-1.1660303
-0.59375024
-1.2316825
-1.630957
-0.7766815
-0.6107376
-0.83674765
-0.4158881
0.122978844
1.7410845
1.2737451
-1.4097946
0.012366816
0.7418352
-1.3041482
-0.9795809
-0.030535746
0.61303586
0.91663986
0.60430455
1.0770893
1.6114264
1.0282738
0.8161378
1.1649334
0.7880455
0.8031009
1.0915949
0.5000796
1.1667688
1.5567855
0.8046501
0.62023026
0.87755764
0.4922906
1.0216631
1.2348143
0.6147847
1.1941091
1.3634714
0.6780727
0.57135487
0.6546378
0.37618348
-0.45294946
-1.4138567
-1.1188099
0.8629281
0.18295044
-0.53022695
1.0276672
1.131559
0.23711993
1.2471609
1.4965522
0.7828241
-1.2480106
-0.56322694
0.10763423
-0.33877844
-0.5646505
-0.6256271
0.9917427
1.3673687
0.63193303
1.3875729
1.8050456
0.8817767
0.6422437
0.91934717
0.45825863
-0.8454466
-1.1085819
-0.48181006
-1.1273737
-1.5374055
-0.60742676
-0.5767832
-0.7459673
-0.37077296
-0.69071054
-0.90486205
-0.54227287
-0.88792074
-1.1156288
-0.77949846
-0.5884486
-0.79571694
-0.53856534
-0.7443629
-1.0484085
-0.5733526
-0.8999316
-1.2725189
-0.7889202
-0.6009435
-1.0518001
-0.54064983
1.2832241
1.5287379
0.563649
1.5783653
1.8512372
0.6650785
0.7775422
0.9970896
0.29218552
1.439438
-0.10771332
-1.2541069
1.590816
-0.1504714
-1.5200933
0.7015603
-0.29307956
-0.69440466
0.8138179
1.1195773
0.5974399
1.0141408
1.5885892
0.8271569
0.53110456
0.8335128
0.47694358
0.8591356
1.2116541
0.6848496
1.186538
1.6066473
0.9090526
0.5927694
0.716411
0.3757765
0.8864827
1.4444096
0.9600862
1.5392001
1.9575988
0.9986046
1.0261083
1.0228839
0.34592852
0.9770909
1.1378919
0.59873325
1.0395204
1.249375
0.695306
0.5260443
0.592804
0.36015368
-1.1005571
-1.3632686
-0.6898581
-1.3859948
-1.8292135
-0.79449993
-0.58197623
-0.76601714
-0.31153277
-0.9179517
-1.223719
-0.6196248
-1.2966034
-1.8258784
-0.8315452
-0.595055
-0.74897504
-0.36764646
-1.2667522
1.2053937
0.96783113
-1.5564896
0.6171272
1.1129864
-0.6966946
-0.26471907
0.7497139
0.6157915
0.98044187
0.5152532
1.0922191
1.7949185
0.9291114
0.7345096
1.1191709
0.58847886
-0.8408884
-1.1124398
-0.65590763
-1.0209675
-1.1544912
-0.8408194
-0.5750515
-0.88351923
-0.5486782
-0.6624965
-1.0767701
-0.7175201
-0.9446702
-1.5803087
-1.1389319
-0.66182435
-0.79866844
-0.47630772
0.8561742
1.1305232
0.5266763
1.265309
1.7818745
0.8696471
0.62591356
0.9472165
0.4828493
-0.50155234
-0.91218436
-0.71438557
-0.742982
-1.2677726
-0.9160184
-0.3808637
-0.67038304
-0.57785344
0.734209
1.1489851
0.74067295
1.2126552
1.8117017
1.0402056
0.7530409
1.0547917
0.5510748
0.8884547
1.0182755
0.50457484
1.1353334
1.572713
0.9224739
0.5433764
1.071551
0.7078497
-1.1395366
-1.915865
-0.6861822
0.74176544
0.40857828
-0.21686614
1.1346184
1.4314231
0.7052116
-0.5129252
-1.2542549
-0.87638193
-1.2944645
-1.5687032
-0.7039479
-0.93306524
-0.8256113
-0.11176182
-0.79556507
-1.0249887
-0.7900179
-0.98288304
-1.4489044
-0.8250054
-0.583191
-0.73018277
-0.3721807
-0.89127505
-1.0325087
-0.5587575
-1.2556647
-1.3644919
-0.9070548
-0.7832394
-0.8487315
-0.5301961
-0.7647478
-0.9792345
-0.49490738
-1.0919415
-1.4822142
-0.66340244
-0.51884156
-0.7110482
-0.3381588
1.1618923
1.383544
0.55766714
1.3883072
2.0854547
1.1556051
0.5154197
0.9728172
0.7149802
-0.112237506
-0.25900626
-0.123780265
1.1819679
1.6788485
0.6914476
-1.0208272
-1.3830765
-1.0218226
0.92668205
1.1567081
0.4798906
1.1510575
1.6702845
0.7187562
0.58245695
0.9254279
0.54250413
-0.96142375
-1.1371115
-0.59311306
-1.1499909
-1.4922247
-0.7845079
-0.5561381
-0.7179846
-0.3988716
0.62629676
0.7856331
0.50638825
0.80760866
1.0223695
0.6316019
0.60271245
0.66036105
0.49476725
1.3359699
1.8319521
0.6823136
-0.5488354
-1.194441
-0.62127
-0.17122968
-0.06507449
-0.27844647
-0.8029998
-1.0404742
-0.54116887
-1.0748571
-1.2863691
-0.6860808
-0.6231146
-0.706837
-0.2565134
-0.69202465
-1.0372037
-0.5905329
-1.0732273
-1.4455371
-0.77330524
-0.7373475
-0.91875213
-0.43990466
0.7480757
1.1959589
0.75898314
1.247406
1.8488059
0.9199007
0.6507768
0.9275727
0.39134967
-0.910932
-1.1788828
-0.55932206
-1.1836809
-1.5072905
-0.7632331
-0.5959511
-0.80597633
-0.4034402
-0.8966078
-1.2613546
-0.6415461
1.348344
2.0198395
0.9310178
-0.21478663
-0.7162149
-0.27822912
-0.86297077
-1.1148713
-0.458161
-1.197955
-1.5848505
-0.6312793
-0.529549
-0.69242287
-0.32083824
-0.893231
-1.0877563
-0.45742363
-1.1921462
-1.6288815
-0.63500655
-0.6277659
-0.8778991
-0.36597022
1.1504786
1.1586714
-0.65015215
1.1402118
1.6639594
0.91982806
0.16549508
1.0790612
0.8471072
1.2689495
1.5566412
0.49678373
1.0370631
1.8172258
1.0999428
-0.2180789
0.64238197
0.64869267
0.8784909
1.1340637
0.7477063
1.1769546
1.4915767
0.9323045
0.76927406
1.0382581
0.5801134
-0.48229486
-1.0676275
-0.7883443
-0.93729955
-1.1517088
-0.8071489
-0.6881854
-0.73271567
-0.38178614
0.78473955
1.1376489
0.63396317
1.2219477
1.529813
0.8867588
0.9020538
0.9966735
0.5567187
-0.52775645
-1.1227995
-0.78440076
-1.036857
-1.3916185
-0.60792035
-0.93902075
-0.8469086
-0.1637278
0.7092795
1.1104853
0.5983051
0.96842784
1.4206558
0.7741874
0.5660881
0.761235
0.33262703
0.7697576
1.2028192
0.65385866
1.2818307
1.9210129
0.9915137
0.8202517
1.1814506
0.5957889
-0.7929545
-0.45778757
0.092352435
-1.8461493
-1.5954671
-0.09260842
-1.0500845
-0.96332914
-0.05510718
0.29482982
-1.5145395
-1.4106108
1.9610124
-0.14469768
-0.85583454
1.2463409
0.40348548
0.22808316
-0.83621764
-1.0097568
-0.6570877
-1.1210238
-1.2509333
-0.8748936
-0.6711866
-0.843049
-0.6206708
-0.74145114
-1.0397767
-0.5283961
-1.1381783
-1.394006
-0.903292
-0.53431404
-0.8973412
-0.48714542
-0.8226771
-1.029595
-0.3358804
-1.003411
-1.4196413
-0.72172844
-0.23305409
-0.82264054
-0.558641
-0.9325189
-0.9716408
-0.537656
-1.0940953
-1.3741186
-0.9873189
-0.5118473
-0.7087929
-0.46950516
0.8685633
1.1179858
0.56726986
1.1597222
1.4839002
0.7284916
0.4535788
0.7703737
0.4862823
0.9357158
0.94848114
0.5492369
0.98534083
0.9932034
0.51241356
0.5715646
0.60635084
0.4656869
-0.8769248
-1.0771177
-0.5820675
-1.1158402
-1.4204615
-0.5636852
-0.653661
-0.67541385
-0.18082091
-0.9765822
-1.2040418
-0.539271
-1.2217588
-1.6278158
-0.7047408
-0.5946659
-0.8140812
-0.3556436
0.7263265
1.0752013
0.5400066
1.0814517
1.5014752
0.73243695
0.6366912
0.8183003
0.3940864
-0.77071166
-1.0909656
-0.5061222
-1.1536353
-1.4793421
-0.7247887
-0.6711191
-0.9226668
-0.4400943
0.7130205
1.1356361
0.8026168
0.9372574
1.605638
0.9433222
0.42513633
0.6801877
0.39182842
-0.7286617
-1.0300616
-0.5557176
-1.045574
-1.4043111
-0.8185763
-0.61763394
-0.8569285
-0.45277023
1.1033076
1.4077135
0.6796416
1.5538645
1.8220176
0.89608985
0.77240497
0.8746324
0.42347565
-1.4778165
0.014805491
1.002343
-1.6742617
0.28088328
1.3411444
-0.85781914
0.15068609
0.64719737
-0.7696356
-0.9916227
-0.5600232
-0.99073076
-1.42801
-0.73458904
-0.44192746
-0.7171802
-0.3991605
0.9758551
1.4457462
0.7806488
1.2941197
1.7478867
0.84608066
0.7330454
0.766504
0.2764323
0.9403907
1.5563962
0.91368574
-0.55200106
-0.83172965
-0.41039553
-0.59039646
-0.9756389
-0.33371186
0.76764476
1.1351883
0.54072124
1.1449286
1.7065053
0.7538108
0.62149537
0.898191
0.47225875
2.077199
0.9006543
-0.17620143
1.203682
-0.35670167
-1.2367183
0.071026914
-1.189923
-0.6903636
-1.1422542
-1.4918761
-0.6578837
0.8381683
0.9357092
0.4739325
0.40353474
0.43764144
0.18095468
-0.9499407
-1.1510372
-0.6978794
-0.9866709
-1.003262
-0.8992103
-0.6432847
-0.978364
-0.65847415
0.80821234
1.1463213
0.66558605
1.3623625
1.7467747
0.9423772
0.7827889
0.91644394
0.437872
0.6467983
0.9140059
0.70067567
-1.103622
-1.4059228
-1.1179174
-0.77693707
-1.1602097
-0.7771736
-1.1028072
-1.1609563
-0.26744154
-1.3927251
-1.9928997
-0.9169333
-0.48499793
-0.96585095
-0.6159415
0.7976116
1.1977564
0.6126478
1.2187532
1.9603918
0.94097054
0.6976767
0.9928238
0.44531813
0.852101
1.1453369
0.5980879
1.1435992
1.4747438
0.85659236
0.6483726
0.83927613
0.44762263
0.8302742
1.1492822
0.6041921
1.0715364
1.605382
0.8391609
0.5630743
0.80784833
0.41302967
-0.84732723
-1.2032723
-0.631459
-1.1867338
-1.5285951
-0.879421
-0.6644507
-1.0175339
-0.50777304
0.86570686
1.11612
0.57942843
1.2615231
1.5954232
0.7960805
0.61933994
0.8049808
0.37115633
-0.6537113
-0.90179855
-0.4735445
-0.94986224
-1.1381942
-0.7603942
-0.5338371
-0.83038807
-0.38228396
0.85858625
1.3112218
0.6020032
1.3768239
2.0697472
0.92004764
0.71944994
1.0986979
0.56497514
-0.9696685
-1.0162367
-0.48043114
-1.1371684
-1.4700474
-0.61949515
-0.5717711
-0.6200952
-0.30265114
-0.9088842
-1.1250999
-0.41913214
-1.0608318
-1.4867661
-0.6451172
-0.4373241
-0.729233
-0.30551675
-1.0377209
-1.5361433
-0.8339113
-1.2527008
-1.6653842
-1.1961018
-0.6370781
-0.94117254
-0.6677114
-0.7827459
-1.03435
-0.56540513
-0.9619238
-1.2642775
-0.7451162
-0.64663
-0.86274725
-0.46572614
1.1198801
1.5035427
0.70280045
1.4875337
2.0388823
1.0195118
0.66874284
1.0830718
0.5762159
1.0576484
1.3510009
0.55785936
1.4094746
1.7859184
0.79165936
0.6721285
0.8900169
0.40937752
0.92414325
1.2011385
0.63060874
1.1652303
1.4745077
0.8063064
0.57939905
0.769529
0.3859958
0.8168042
1.38963
0.8312081
1.069882
1.8113749
1.1096512
0.563356
1.0556736
0.6003162
1.1017543
1.3823628
0.7990183
1.4419966
1.7307813
0.9975201
0.88587487
1.1308086
0.65109885
0.88714874
1.2255734
0.6260986
1.1523528
1.7459216
1.0078187
0.58360934
0.93143344
0.56857014
-1.1065441
-0.89638716
-0.4772327
-0.94989777
-1.2025406
-0.8884476
-0.2679275
-0.6971777
-0.53392005
0.7453743
1.0266639
0.59011495
0.9438883
1.3024881
0.7913844
0.61595845
0.77589357
0.4685915
-0.5903682
-1.0615804
-0.47442862
-1.0491809
-1.6976748
-0.77076614
-0.50554997
-0.699237
-0.41111898
0.84165
1.1368597
0.5552552
1.0944799
1.4600766
0.7211721
0.55286956
0.73992604
0.35486853
0.93751436
1.2057979
0.7158569
1.373114
1.882561
1.0017002
0.825546
1.147748
0.6284582
1.0764123
1.119915
0.2932903
1.0183678
1.4495951
0.83813685
0.33357006
0.90584373
0.6959568
-0.635722
-1.078479
-0.6857802
-0.90400225
-1.2787014
-0.7361218
-0.4743202
-0.5746338
-0.2797864
0.9347323
1.4265139
0.6831167
-1.2889247
0.13747802
1.1206814
-0.55942947
-1.4776447
-1.1056192
0.81527686
1.0611995
0.51913774
0.95395714
1.2088221
0.5806311
0.45877063
0.5384733
0.27642617
-0.6852216
-0.84841704
-0.6377561
-0.8859134
-1.0841914
-0.7228317
-0.5415555
-0.7057383
-0.3987106
1.0481616
1.3206456
0.6119044
1.3022108
1.6464572
0.731259
0.5765195
0.71000856
0.35442376
0.99396795
1.2757652
0.69404286
1.1972439
1.4104215
0.77139056
0.6864782
0.80797523
0.37002504
-0.08468168
-0.724791
1.3877518
-0.14055924
-1.1292684
1.5080607
-0.15648249
-0.5938034
0.5776551
0.99127805
1.2236421
0.6464251
1.2465965
1.6385232
0.7724306
0.6676465
0.78028727
0.4088301
-1.452482
0.9383636
0.58415496
-1.7843882
1.3680016
1.1880548
-1.2165072
0.6764136
0.48229623
-0.92824566
-1.085731
-0.8095651
-1.2411889
-1.4817618
-1.0753578
-0.5980895
-0.9557815
-0.5622651
-0.7599378
-1.0604843
-0.61995363
-1.0890118
-1.4763582
-0.86647195
-0.5822971
-0.83596516
-0.43905562
-1.5310044
-2.3148043
-1.3972566
0.028067365
-0.12457877
-0.047752623
0.73849285
1.0529673
0.5701256
0.51971996
1.1041886
0.7528242
1.1518611
1.5188295
0.7134441
0.7569998
0.7270867
0.17226322
-0.72737074
-1.0166321
-0.49685526
-1.0196106
-1.4531903
-0.6188196
-0.614257
-0.78889817
-0.3993981
-0.6460002
-0.8092319
-0.46376196
-1.0018834
-1.2225748
-0.64596385
-0.7876348
-0.9196157
-0.36852318
0.94596255
1.3247318
0.7221512
1.1995524
1.5838251
0.8478137
0.66021645
0.8658371
0.5477189
-0.5736653
-0.93272483
-0.5811528
-0.9780047
-1.3479675
-0.68225795
-0.7218885
-0.945696
-0.40080872
0.52411944
0.71971375
0.14656721
-1.0591153
-1.8571826
-1.0219488
0.44770142
0.97067463
0.4495969
-1.3608801
-0.91444737
0.37077147
-0.86770844
-1.6513284
-0.8404121
0.24846886
-0.84404844
-1.0337315
1.2683301
1.1601214
0.1556771
1.0324656
-0.40097684
-0.8925645
0.18847431
-0.8464618
-0.72700053
0.8762676
1.2324518
0.5518874
1.2325506
1.6498013
0.7720974
0.5975725
0.76031
0.34343097
-0.67101735
-0.987944
-0.51494336
-0.9791293
-1.3231568
-0.65488756
-0.50117916
-0.65837246
-0.3627227
0.8566635
1.1616317
0.72875124
1.1538069
1.5253689
0.9561041
0.6690195
0.92747486
0.5258432
0.88910836
1.1430802
0.638261
1.2649225
1.6808026
0.9068534
0.80201524
1.0244842
0.56706566
-1.520234
0.42258358
0.77447927
-2.196042
0.71795493
1.1930726
-1.2200079
0.33262002
0.5905945
-0.72736114
-1.5462595
-1.073545
-1.4252157
-1.1783562
-0.15415347
-0.82809806
-0.06712247
0.3875609
0.95229226
1.1716446
0.5964353
1.1060623
1.5313711
0.76061493
0.5621661
0.7596663
0.37213612
-0.8959183
-1.0965008
-0.4244667
-1.2296363
-1.4822159
-0.498644
-0.71537215
-0.7413805
-0.36727518
0.8854646
1.1103985
0.55385774
1.1206646
1.4177084
0.7215671
0.462963
0.6638287
0.30636564
-0.8348349
-1.3457893
-1.0133531
-1.24784
0.18397102
0.9440003
1.4346241
1.52924
0.32027158
0.56050503
0.9426807
0.549536
1.0433424
1.4096926
0.66957355
0.573383
0.6899542
0.29718062
1.1190059
1.4401784
0.6031675
1.4019824
2.0097735
0.8355032
0.62569296
0.80653155
0.40058744
0.8096632
-1.5187907
-1.3538989
0.879501
-1.7824665
-1.5115749
0.29859722
-0.14915133
-0.053998645
-0.804785
-0.9973723
-0.5473405
-1.0084934
-1.5003862
-0.8568981
-0.4373059
-0.75129163
-0.5160182
0.8560464
1.1003201
0.5560443
1.0733191
1.3696088
0.68277603
0.5118849
0.7356461
0.37630963
-0.7344617
-1.0910258
-0.76534295
-1.039314
-1.2617667
-0.834141
-0.776927
-0.89723074
-0.44657663
-0.9465934
-1.614787
-1.1561909
-0.695135
-1.1296134
-0.72495246
-0.029217655
0.052121073
0.13008507
-1.3413299
-1.5381585
-0.7470776
-1.0313218
-1.3321186
-0.3762012
0.15588963
0.22725311
0.050676156
0.8783568
1.1994251
0.5732663
1.1547513
1.5158498
0.73958546
0.57881
0.7039441
0.33102185
-1.2573324
0.76072925
0.81791556
0.6991298
1.5417202
-0.268349
0.88515306
-0.16311991
-1.0937654
0.9250333
-0.9574589
-0.033723123
1.3865142
-1.2467045
-0.11875708
0.66845655
-0.65716326
-0.32715815
0.9673043
1.2911816
0.69664425
1.3928105
1.8923932
0.97315186
0.7009333
0.9915611
0.5435812
0.76664525
1.2702179
0.7944536
1.1214266
1.7702404
1.0026745
0.634748
0.7934974
0.39904442
1.5210414
-0.313925
-0.97424555
1.6885093
-0.12021238
-1.128925
0.7443134
-0.21177877
-0.9112555
-0.7817657
-1.0175288
-0.58551896
-1.182534
-1.5312883
-0.8729783
-0.64224994
-0.8584628
-0.4097949
-0.8075078
-0.9836377
-0.63705844
-1.1574755
-1.487131
-0.8455631
-0.7168441
-0.78620696
-0.34786537
-0.38509807
-1.18363
-1.0674422
-1.0890367
-1.5212405
-0.8604816
-0.8367114
-0.70636255
-0.1294346
0.7408418
0.9334375
0.44798502
0.9969493
1.2418365
0.6061126
0.508981
0.69727534
0.35694322
1.0332404
1.2570649
0.7212523
1.2534456
1.5079349
0.9154371
0.776256
0.93759656
0.5729249
0.8715773
1.1235435
0.63780624
1.1894791
1.6793753
0.87767255
0.72789556
0.95595765
0.6286994
-0.7051153
-0.94165087
-0.48184577
-0.984417
-1.2827005
-0.66584337
-0.54650766
-0.7040869
-0.3404118
0.7581548
0.85197353
0.43492195
1.0886337
1.3709718
0.6614712
0.684356
0.8025546
0.45111984
0.96356916
1.3505347
0.6339204
1.4672532
1.7888671
0.85860986
0.861766
0.94865376
0.4517653
-0.67242783
-1.1022847
-0.5675274
-1.1049746
-1.5929571
-0.93111736
-0.59500825
-0.92964566
-0.48542047
-0.66101956
-1.2195675
-0.7675906
-1.1694093
-1.5337194
-0.9123371
-0.95639944
-1.0679065
-0.5430441
0.8947398
1.2701203
0.69448024
1.367182
1.8845841
0.8444618
0.8616331
1.081875
0.46744034
0.94762146
1.3828406
0.661479
1.4065565
1.9775935
0.9687983
0.7882485
1.0031642
0.45209286
0.6508928
1.0981076
0.76209307
1.2019029
1.4269726
0.7849769
0.81450945
0.8692764
0.11145958
-0.82334316
-0.94479454
-0.37583682
-1.0009332
-1.2690189
-0.43707424
-0.4836991
-0.5115475
-0.23292086
0.25818026
0.9067262
0.6706238
0.7096465
1.9647185
1.3877184
0.5954582
1.2423393
0.78877294
-1.0929871
-1.3105063
-0.70289254
-1.1458483
-1.636476
-1.1399459
-0.55636543
-1.017646
-0.5655386
1.0289053
1.1565616
0.59808606
1.243124
1.5166428
0.8172079
0.62939394
0.9499783
0.57934904
-0.3416788
-0.6875353
-0.7004369
-0.40089735
-1.2519579
-1.2781813
-0.25376436
-0.74125546
-0.63358915
1.0691012
1.3847613
0.5667176
1.4033427
1.8703014
0.8651958
0.63502604
0.93020415
0.47237265
-0.7532008
-0.9985741
-0.4777202
-1.0445887
-1.358147
-0.6600085
-0.5661956
-0.7429651
-0.37599477
1.5453991
2.2869956
1.0681307
0.26912948
0.36543667
-0.10183595
-0.45937273
-0.8159669
-0.36782968
0.59899056
0.99404764
0.52586627
1.2783563
1.6446894
0.8353321
0.97242606
1.0472902
0.34593132
-0.7998718
-1.1401548
-0.4915815
-1.1585518
-1.5069146
-0.8596978
-0.5640554
-0.8642601
-0.41721037
0.75235116
1.0790199
0.45008248
1.0740207
1.4546851
0.66814244
0.56463826
0.6990331
0.30324212
0.9787912
1.6691356
1.1274905
0.4733736
1.5130929
1.313494
-0.3342451
0.43537098
0.5524856
0.7676796
1.2710167
0.71343315
1.1163063
1.5537893
0.76171994
0.7322972
0.791312
0.30577523
1.0056586
1.1990663
0.6825718
1.1330434
1.5423158
0.9955448
0.49207973
0.9157086
0.6641893
0.91502994
1.2693945
0.5991328
1.1049268
1.6194575
0.8705847
0.6165394
0.9024384
0.52739155
-0.82424957
-1.1258085
-0.45524213
-0.8128736
-1.3174645
-0.91096056
-0.5517735
-1.077103
-0.8232185
0.80147904
1.1426325
0.7304957
1.0872906
1.445638
0.8255833
0.6984325
0.7876426
0.4545379
0.7904637
1.1904058
0.6519761
1.1759436
1.6733215
0.8536542
0.7013074
0.96729803
0.49668887
0.9381701
1.2427188
0.5595386
1.1827388
1.4757913
0.68767923
0.5682479
0.727054
0.42212576
-0.75457484
1.4460332
-0.49129805
-1.1760104
1.8191608
-0.68383473
-0.7651928
0.7383863
-0.26738203
-0.7656726
-1.0384413
-0.5013195
-1.0868306
-1.3636729
-0.76847255
-0.6989623
-0.83795136
-0.44895342
0.9630038
1.1866596
0.54459965
1.2246953
1.6969476
0.7670272
0.595177
0.81902516
0.4134372
0.8495419
1.1380115
0.6752415
1.1468318
1.4129437
0.8581358
0.63287216
0.8772125
0.49720758
-0.859216
-1.0934492
-0.47805163
-1.1168269
-1.4692984
-0.66172415
-0.58565974
-0.8224843
-0.38561565
-0.8738067
-1.0368648
-0.5254217
-1.044965
-1.2693383
-0.62944484
-0.64620376
-0.6465922
-0.31378755
-0.9155501
-1.0165076
-0.46518362
-0.9289926
-1.1034018
-0.5573114
-0.55099666
-0.6571553
-0.25169873
0.83167166
1.1602306
0.63270885
1.1219236
1.5629622
0.861806
0.5843108
0.7996092
0.49778867
0.7131339
1.082463
0.5500592
1.0037184
1.5698597
0.8614868
0.5169708
0.8450644
0.44439235
0.75098515
1.4601016
0.99865496
1.3684117
1.9680312
1.1534709
0.9165652
1.1011052
0.56988287
-0.6821875
-0.96343946
-0.49882805
-1.0035655
-1.3377414
-0.776548
-0.5968345
-0.8259532
-0.44695687
