1.5110265016555786
-0.15876702964305878
-0.548186719417572
1.6420334577560425
-0.4765653610229492
1.782659649848938
0.08760354667901993
1.0749231576919556
1.8185240030288696
-0.08925499022006989
0.17926499247550964
1.1334811449050903
-0.039729151874780655
0.45411741733551025
0.25883886218070984
0.5113294720649719
-0.06787426769733429
1.2953418493270874
-0.43108856678009033
1.3285108804702759
-0.662418782711029
1.3959070444107056
0.03328555449843407
1.4408127069473267
1.0132486820220947
-0.43133246898651123
0.39064228534698486
0.7274842858314514
0.8582580089569092
0.39515092968940735
1.4667998552322388
1.2820764780044556
0.5698643326759338
-0.09933836758136749
-0.1278606355190277
1.4610804319381714
0.6349008083343506
0.08905643969774246
-0.09265141934156418
1.5878123044967651
0.7311293482780457
1.5656702518463135
0.4932035803794861
1.3960692882537842
-1.0277221202850342
0.3203883171081543
0.28156039118766785
1.0553501844406128
-0.15022727847099304
1.7749154567718506
1.4718255996704102
1.292994499206543
0.5568476319313049
0.4382643699645996
-0.3407447040081024
-0.4196026027202606
1.6020277738571167
-0.5672160983085632
-0.42138203978538513
0.49159517884254456
0.3910473883152008
0.4357583820819855
1.3104925155639648
-1.1068363189697266
1.147721529006958
-0.40947383642196655
1.0866549015045166
-0.08228479325771332
0.28753232955932617
0.3636903464794159
-0.38899385929107666
1.6689443588256836
0.29357534646987915
1.479776382446289
-0.14054471254348755
0.3163798153400421
1.2772724628448486
1.4875673055648804
-0.44151049852371216
-0.7350219488143921
0.33199018239974976
1.2649112939834595
0.0016623676056042314
-0.2940247058868408
1.155411720275879
0.23807471990585327
0.23013029992580414
1.2657749652862549
1.6155650615692139
0.08023251593112946
1.9210584163665771
-0.12280628830194473
-0.41475918889045715
1.2349729537963867
1.0442599058151245
0.16111686825752258
-0.3971422016620636
0.10844692587852478
-0.9204098582267761
1.5654245615005493
1.1058878898620605
1.3199987411499023
0.02410844713449478
-0.26526838541030884
-0.5964958667755127
0.5895019769668579
1.0771657228469849
0.4584124982357025
1.5477408170700073
1.7518365383148193
-0.542407751083374
1.2158094644546509
0.7174983024597168
0.593569815158844
0.4112287759780884
0.48373129963874817
0.1012086421251297
-0.17494037747383118
-0.31672802567481995
1.4453967809677124
0.8370873928070068
-0.8503469824790955
0.577150821685791
1.404609203338623
-0.2807016670703888
0.4993564784526825
0.2841451168060303
-0.2080957293510437
-0.5841977596282959
0.5674374103546143
1.2103955745697021
1.667463779449463
-0.934684157371521
1.558312177658081
1.0315579175949097
0.6960774660110474
1.1043002605438232
1.345038890838623
1.456283688545227
1.4419015645980835
0.5303364992141724
1.6964479684829712
1.1733489036560059
1.233700156211853
-0.007748189847916365
1.5467337369918823
0.35037705302238464
-0.20420852303504944
2.194582939147949
1.4681328535079956
1.853192925453186
-0.34460198879241943
1.4649384021759033
0.09918708354234695
0.9499103426933289
-0.7616605758666992
-0.5737932920455933
1.7362209558486938
1.3216456174850464
1.0834004878997803
-0.20517374575138092
2.3564043045043945
1.039458990097046
-0.6765965819358826
0.9994499087333679
0.27339980006217957
1.2209213972091675
-0.1499539166688919
-0.43737226724624634
-0.6121430397033691
1.4646058082580566
1.7289772033691406
-0.37395918369293213
0.3501628041267395
0.4131435453891754
-0.24901799857616425
0.6422353982925415
1.0808579921722412
1.2071782350540161
1.1892682313919067
0.96036297082901
-0.33568355441093445
1.6391286849975586
0.5201289057731628
-0.4644273519515991
1.2697992324829102
0.295906126499176
1.4388744831085205
1.286570429801941
0.7807506322860718
1.3441696166992188
1.4304563999176025
0.23757041990756989
0.7567259669303894
0.25634416937828064
0.42743119597435
0.6380586624145508
-0.44898083806037903
1.1254075765609741
-0.8240407109260559
1.5237476825714111
0.23345091938972473
0.8635925650596619
0.40381917357444763
-0.4903871417045593
1.8424534797668457
-0.4229864776134491
1.429856300354004
0.9606394171714783
0.7604992389678955
1.6844598054885864
1.5733492374420166
1.386378526687622
1.380717158317566
1.6650031805038452
2.01528263092041
0.6353741884231567
-0.6536784768104553
-0.42344096302986145
1.3827707767486572
0.32601797580718994
-0.776824951171875
1.451541543006897
-0.22190533578395844
1.619271993637085
0.9708215594291687
1.2976961135864258
1.7409532070159912
0.3806450664997101
1.189765214920044
0.26744940876960754
-0.3925629258155823
0.13424907624721527
1.551072597503662
1.4581778049468994
0.6896253824234009
1.2921591997146606
-0.5393597483634949
0.31840965151786804
-0.7153043150901794
-0.4295952618122101
0.15205471217632294
1.5468863248825073
0.39438754320144653
0.16622596979141235
0.00033518249983899295
0.8199827075004578
1.3800816535949707
1.8025667667388916
-0.5184617638587952
1.3270922899246216
1.2341229915618896
-0.3794653117656708
1.9989782571792603
0.8461161255836487
1.4203866720199585
-0.5334924459457397
1.1643627882003784
1.4191194772720337
0.6952236890792847
1.2747045755386353
0.05393281951546669
1.0688550472259521
0.3855598270893097
1.1586755514144897
1.2804265022277832
1.4884012937545776
-0.32052043080329895
-0.1864159256219864
1.2367552518844604
1.5880001783370972
-0.14289884269237518
-0.13406701385974884
1.1907938718795776
1.2068381309509277
0.905832052230835
0.9724633693695068
0.7074940204620361
-0.3266279101371765
1.5575557947158813
1.1689503192901611
1.11796236038208
1.5261456966400146
-0.8224020600318909
0.33134639263153076
2.0387415885925293
-0.6086872220039368
-0.37613990902900696
-0.564150333404541
1.58713960647583
-0.07269942760467529
-0.39770129323005676
0.970470130443573
0.8501909375190735
0.3598993420600891
1.1896836757659912
0.6551721096038818
-0.2054290622472763
1.3742568492889404
1.6989599466323853
1.7479610443115234
-0.48058435320854187
1.2795965671539307
1.6137592792510986
1.6434147357940674
0.0741155818104744
1.176572561264038
0.29055625200271606
1.860209584236145
0.12787306308746338
-0.3199571371078491
1.4665473699569702
-0.06701397895812988
1.2482398748397827
-0.6314660906791687
1.1063169240951538
-0.24998554587364197
0.14653733372688293
0.4685095250606537
1.307399868965149
0.4770860970020294
1.3734995126724243
0.9448117017745972
0.7946857213973999
0.6235949993133545
1.4483250379562378
1.2054907083511353
1.2598193883895874
1.245448112487793
1.5295301675796509
0.4261135160923004
1.6322252750396729
1.079073190689087
0.5684167742729187
1.3253706693649292
1.2301299571990967
1.996511459350586
0.14704173803329468
-0.17715910077095032
1.2153056859970093
0.559115469455719
0.3717412054538727
1.6221166849136353
0.2959555685520172
1.4815443754196167
-0.43269675970077515
-0.49843543767929077
0.9835130572319031
0.9901208877563477
-0.5384109616279602
-0.0756695345044136
1.7309097051620483
2.061859130859375
1.662318468093872
-0.09941650927066803
0.23516222834587097
0.36949753761291504
-0.6999014616012573
-0.2949855625629425
1.386512041091919
0.30326253175735474
1.1531578302383423
-0.17235615849494934
0.21816375851631165
0.46830955147743225
-0.7953343391418457
1.0462743043899536
0.5635608434677124
0.2613674998283386
0.29947271943092346
0.715771496295929
-0.08514003455638885
0.3677605092525482
0.3817468583583832
0.08687186986207962
-0.8203801512718201
0.9391917586326599
-0.27913594245910645
-0.6711037755012512
-0.050711099058389664
0.5099402666091919
0.19007539749145508
0.06106390058994293
-0.839418888092041
1.4825892448425293
1.0018442869186401
-0.8920221328735352
0.6442512273788452
0.40908363461494446
1.2070047855377197
0.3967491090297699
0.08534333854913712
-0.7103329300880432
0.1255023032426834
0.3303202688694
-0.02956065535545349
0.87004154920578
-0.2640947699546814
1.5730392932891846
1.954217791557312
0.038159631192684174
1.6325230598449707
1.3120540380477905
1.615554928779602
0.16441038250923157
1.456385850906372
0.28463634848594666
0.4244089424610138
0.9455752372741699
1.4820443391799927
0.9877932667732239
-0.39298295974731445
0.38712188601493835
1.6229805946350098
1.3855644464492798
0.5916618704795837
-0.1593971848487854
-0.8944259881973267
0.1982395052909851
0.682689905166626
1.4224826097488403
1.244981288909912
0.932208776473999
-0.49953585863113403
-0.39498722553253174
1.4707119464874268
1.5003634691238403
-0.18410001695156097
1.2279683351516724
1.3439011573791504
-0.13544103503227234
0.591844916343689
0.7167564034461975
-0.300947904586792
-0.8944711685180664
0.5079549551010132
1.5240585803985596
1.5793288946151733
0.42253217101097107
0.14708727598190308
0.4627252519130707
-0.8094186782836914
0.05852910503745079
1.3753039836883545
1.111823320388794
1.6285996437072754
0.4728115200996399
0.19748783111572266
-0.07361471652984619
1.8228745460510254
1.0087155103683472
-0.3529691696166992
1.3284300565719604
-0.03693406656384468
1.2309759855270386
1.4287123680114746
1.6728694438934326
-0.5577904582023621
0.05262505263090134
0.6600871682167053
1.5248299837112427
-0.352817565202713
0.40141794085502625
-0.27616268396377563
1.2553094625473022
-0.7519688606262207
-0.64940345287323
0.8566610813140869
0.6269639134407043
-0.4684425890445709
1.8407816886901855
0.03826730325818062
0.6272236108779907
1.6007283926010132
1.3859423398971558
1.4523956775665283
-0.277878999710083
0.12674185633659363
0.06059885397553444
1.3412319421768188
0.017335768789052963
-0.606752872467041
1.423543095588684
-0.3299698531627655
-0.9309465289115906
1.7610516548156738
0.9011600613594055
0.5937647819519043
0.38245847821235657
0.5319850444793701
0.09695620834827423
1.14630126953125
1.4919137954711914
0.28341126441955566
0.5753769874572754
1.4732877016067505
-0.426675021648407
1.7384650707244873
0.21415628492832184
1.364566683769226
-1.166897177696228
0.9726603031158447
1.2933762073516846
1.0275311470031738
0.823045015335083
-0.6060488224029541
-0.0643046647310257
1.2832149267196655
0.06277003139257431
1.3659387826919556
-0.2959730327129364
0.8480911254882812
