-0.17577603459358215
0.5603781342506409
-0.7494857907295227
-1.0618293285369873
-1.775050401687622
2.141589641571045
-1.1717259883880615
-0.09706377238035202
2.06675386428833
-1.0163459777832031
-0.7505486607551575
-0.24519112706184387
0.3218099772930145
-0.8670679926872253
-1.6277493238449097
0.6836602091789246
0.46384572982788086
-0.1887548863887787
-2.0883243083953857
1.083420753479004
0.5545182824134827
0.8275295495986938
-0.5418397188186646
2.0201382637023926
-1.7302800416946411
-0.5023432374000549
0.8968158960342407
-0.6209450960159302
0.7363024950027466
0.7712740302085876
0.19484122097492218
1.1695531606674194
1.4406770467758179
-0.8473959565162659
-0.653258740901947
-1.2099685668945312
-0.8002084493637085
-1.5487420558929443
-1.090165376663208
0.6721747517585754
0.8073267936706543
0.3551276624202728
1.487757921218872
0.5075467824935913
-0.14945009350776672
0.3856222629547119
0.9984789490699768
1.8333688974380493
1.049780011177063
1.5724703073501587
0.048949673771858215
0.46065521240234375
0.2732815742492676
0.9514625668525696
0.9002724885940552
0.6302775740623474
0.35735175013542175
-1.5768680572509766
1.5483638048171997
-0.23596395552158356
-0.6276357769966125
2.4281094074249268
0.49525126814842224
-0.640708327293396
1.7117468118667603
0.7673352360725403
-0.12060333043336868
-1.221775770187378
0.7980535626411438
1.900541067123413
-0.4694173038005829
0.15492498874664307
-0.008257245644927025
0.9180335402488708
-1.4563634395599365
0.9348157644271851
0.43898293375968933
1.001239538192749
-0.38779377937316895
-2.3309202194213867
-1.3858400583267212
1.6429072618484497
0.03724094480276108
0.4013258218765259
1.1522712707519531
0.5024847984313965
-0.020212575793266296
0.5763039588928223
-0.2232082337141037
-1.0403869152069092
0.9880951046943665
0.9610702395439148
0.051031749695539474
1.148855209350586
-1.246921181678772
1.5067846775054932
-0.8539320230484009
-0.24855148792266846
-1.3302770853042603
0.4731735587120056
-0.3569774925708771
0.4975545406341553
1.339700698852539
-0.8487134575843811
-0.5141080617904663
1.484079360961914
-1.191730260848999
1.1386209726333618
-3.266162395477295
-0.4546699821949005
-0.6924328804016113
0.2551656663417816
-0.8335980176925659
-0.3013538718223572
0.8548233509063721
-0.3552810847759247
0.6863698959350586
0.4015209674835205
0.2480103075504303
2.056821346282959
-0.3592575788497925
1.0816290378570557
-1.1712981462478638
0.32093629240989685
-1.3102352619171143
-0.9691590070724487
0.6020833253860474
0.7710580825805664
0.8726292848587036
1.2977317571640015
0.7775940895080566
1.089632272720337
-0.8732976317405701
1.6301231384277344
-1.0160000324249268
0.5851147174835205
1.1902884244918823
-0.6378587484359741
0.14708031713962555
-1.2795394659042358
0.19744110107421875
0.10935821384191513
-0.16321904957294464
-0.3371768891811371
-0.3630162477493286
1.2060904502868652
1.0219231843948364
1.1578432321548462
-0.5319387912750244
-1.5878225564956665
2.0940866470336914
1.0989248752593994
0.12442630529403687
-0.13848653435707092
0.3798368573188782
-0.4188508689403534
2.2292988300323486
1.0968760251998901
-1.847256064414978
2.324141502380371
0.055504366755485535
0.7102899551391602
0.10416818410158157
-0.7103449702262878
-0.8264462947845459
-0.5323271155357361
-1.3388839960098267
0.2030128389596939
-0.766970694065094
-0.07075098156929016
-0.1354610174894333
1.2691407203674316
0.04967596009373665
-1.093854546546936
0.056270331144332886
-0.5897427797317505
-1.1216553449630737
1.0349630117416382
-0.46550071239471436
0.9333394169807434
1.6934813261032104
0.2740110754966736
0.35455411672592163
0.3516524136066437
-0.5935125946998596
0.8797598481178284
-1.1469886302947998
0.5873548984527588
0.2349877953529358
0.46654871106147766
-1.2539048194885254
0.9562085270881653
-0.6471299529075623
0.033241089433431625
-0.22138307988643646
-0.17568661272525787
1.1707898378372192
-0.04105290025472641
2.061487913131714
-0.598009467124939
0.42580878734588623
1.6862208843231201
-1.7322736978530884
-0.32258835434913635
1.0509753227233887
0.6894509196281433
0.2683989703655243
-0.16184888780117035
2.6311779022216797
0.5723447799682617
1.5547114610671997
0.08386551588773727
-0.665066659450531
0.12198696285486221
-0.28617146611213684
-0.19647353887557983
0.6961513757705688
-0.8534554839134216
-1.4029127359390259
-0.2516537606716156
1.3252168893814087
-1.4483215808868408
1.196048378944397
-1.4689189195632935
-1.232140064239502
1.4762152433395386
-1.156308650970459
-2.8950812816619873
-1.3408843278884888
-0.21016013622283936
0.7537532448768616
-1.226874589920044
-1.7796481847763062
-1.2336283922195435
-3.6839120388031006
-1.7369968891143799
0.9809290766716003
-1.5220133066177368
-1.340415358543396
-0.9192162156105042
-0.830971360206604
0.4447917938232422
1.0544708967208862
-0.3163732886314392
-0.7180980443954468
-0.8871259093284607
-1.2268524169921875
0.617540180683136
0.023610437288880348
-0.5842800736427307
0.44753846526145935
-0.6379892826080322
0.4498872458934784
0.378473162651062
2.9111995697021484
0.011918473057448864
0.8717546463012695
0.74760901927948
-0.6432777643203735
-0.8369285464286804
-1.2439501285552979
-0.08580152690410614
0.22097350656986237
-0.6074126362800598
-0.6779213547706604
0.10166872292757034
1.672425627708435
0.7645815014839172
-1.5984004735946655
1.0759272575378418
1.652252435684204
-1.374813437461853
-0.27872559428215027
-0.014587975107133389
-0.5922332406044006
-1.110087513923645
-0.08715076744556427
-1.4548165798187256
0.367142915725708
0.9107491970062256
-0.1966593861579895
1.4372273683547974
-1.1761298179626465
-3.0272960662841797
1.813032865524292
-1.121145486831665
-1.2523565292358398
-0.04847366362810135
0.1719599813222885
1.4560317993164062
0.8745511770248413
-0.46547800302505493
-0.28805091977119446
0.48498842120170593
0.4921424090862274
-0.767620861530304
1.490110993385315
-1.2148616313934326
0.6485380530357361
-0.40635591745376587
-1.273573637008667
0.3911832273006439
-0.11775096505880356
1.9948450326919556
2.1003212928771973
0.5393820405006409
-0.3277408182621002
1.6368480920791626
0.4261355698108673
0.46403953433036804
-0.3294477164745331
-2.137871742248535
-0.6759275794029236
-1.6880583763122559
-1.021328330039978
-0.9348328113555908
-1.158471941947937
-0.5300285220146179
1.0117428302764893
2.051684617996216
0.1029973030090332
0.25395986437797546
-0.1025974303483963
-0.06585393100976944
2.6524555683135986
0.6623004078865051
2.4704976081848145
-3.000675916671753
-2.006598472595215
-0.4050160050392151
-1.2117902040481567
-0.735628068447113
1.8896517753601074
0.2623319923877716
0.4204733371734619
0.6989148259162903
0.9807103872299194
-0.5315456390380859
-1.3974099159240723
1.0497701168060303
0.5008918642997742
-0.5034352540969849
0.13812752068042755
0.7055497765541077
-0.21153144538402557
-0.11390573531389236
0.14547759294509888
-1.4727307558059692
1.7126878499984741
-0.36577168107032776
-1.2591993808746338
2.411836862564087
-0.46724721789360046
-1.7048336267471313
0.24066489934921265
-1.098400354385376
1.7047959566116333
-0.21668344736099243
-0.14300641417503357
0.4362957179546356
-0.32801157236099243
-0.38398095965385437
-0.9776850342750549
0.04426424950361252
-0.796022891998291
1.297550916671753
2.3624236583709717
-0.06936054676771164
-0.7487155795097351
-0.9650174975395203
-0.3212614059448242
0.053201280534267426
-1.0046288967132568
-0.4222539961338043
-0.8640091419219971
-2.5566728115081787
-0.31864041090011597
1.0345048904418945
-0.03100420907139778
-0.3566994369029999
0.11981264501810074
-1.8228751420974731
-0.8074542880058289
0.6107467412948608
-0.742388129234314
-1.8876807689666748
0.27385449409484863
1.8887771368026733
-1.649317741394043
0.11951923370361328
0.09859143197536469
1.712159514427185
-0.17291229963302612
-0.12840907275676727
-0.11312783509492874
-0.6721780896186829
1.9866752624511719
-0.7226985692977905
1.052452802658081
1.1757808923721313
-1.7432992458343506
-0.22093816101551056
1.58193039894104
0.36316800117492676
0.312679648399353
0.02314186468720436
-0.7149070501327515
1.550602912902832
-0.7422239780426025
0.9477433562278748
1.3259867429733276
-1.286338210105896
0.15415030717849731
1.3478807210922241
0.3706509470939636
0.36468949913978577
-0.3931964039802551
-0.2019081711769104
0.33613282442092896
-0.0031320068519562483
1.001635193824768
-0.7543190717697144
-1.595842719078064
-0.039038266986608505
-0.13012482225894928
2.9258193969726562
-0.804753839969635
-0.43573230504989624
0.7872499823570251
1.5077990293502808
0.24139940738677979
-1.3292399644851685
0.7679499387741089
-0.582699716091156
-1.0808273553848267
3.1660714149475098
0.13812848925590515
0.5117083191871643
-0.8570478558540344
-0.03706134483218193
-1.522453784942627
-1.624141812324524
0.11954618990421295
-0.8876967430114746
-1.118026852607727
-0.3133874535560608
0.5313833951950073
0.06840340048074722
-0.42441731691360474
-2.7718679904937744
0.007374958135187626
-0.6484595537185669
1.843571424484253
-0.10445797443389893
-0.09300023317337036
-0.22192136943340302
0.26580584049224854
-0.11841487884521484
-0.8459015488624573
-1.2365810871124268
-0.46475157141685486
-0.588720440864563
0.7595089673995972
1.7845306396484375
-1.6889780759811401
0.5068807601928711
-1.9509048461914062
0.4155998229980469
-0.17424868047237396
-0.3230644464492798
-2.43635892868042
0.8660644888877869
-0.3951626121997833
4.168618679046631
1.4779887199401855
0.6948512196540833
0.3707307279109955
-0.990554690361023
-0.4917222559452057
-0.37705478072166443
0.2494276762008667
-0.4848794937133789
-0.2424868494272232
-1.1395962238311768
-1.2336702346801758
0.3595254421234131
-1.1299203634262085
1.1874786615371704
2.1367290019989014
-0.5771546363830566
-0.8723575472831726
-0.6343578696250916
-0.006076003424823284
-0.7337539792060852
0.49694305658340454
1.799284815788269
0.5963538289070129
-0.07001689821481705
-0.05978535860776901
0.22515171766281128
1.423240303993225
0.32645779848098755
-0.9966505169868469
0.3996264636516571
0.6035944819450378
-0.5865126252174377
-1.4549615383148193
1.04279363155365
0.5748866200447083
1.2159528732299805
-2.3453588485717773
0.4508282542228699
