0.8316093849632383
0.9896039958737495
0.9893310825820556
0.9916462124924291
0.7946953309063707
1.0515192330742336
1.2929921039419858
0.9831857071532144
1.0607017338272933
1.052942236823953
1.1677330880627923
0.8772353235573271
1.1375458638932463
1.3523485227927041
0.9526415432368385
0.9926321945265967
0.983626678133779
1.3487595443458593
0.8618973636284587
1.0770430516889031
1.0309320368857635
1.3862013421836588
0.849982071294755
1.0643178651878202
1.0967814048547209
0.9058637853649139
0.9999348564387204
1.0339722744270043
0.9264109024649058
0.9035447361631342
1.0602511902748268
0.876148125117849
0.9979544286146759
0.9586338938271777
1.1070334536383104
1.0855392498614718
0.9468509424256776
0.9650782934358694
0.8581485394432575
0.9304867751828236
1.0658138772253956
1.1229628879091038
0.8999962003945572
0.9808296729618851
0.952530134830715
0.9214850495171433
0.8709799932947873
0.9970628763457708
1.1257738846717285
0.9169019373477718
1.3902252826355832
1.0943928386948891
1.1698555703965205
0.8680005503270387
0.8934370525368327
0.9728824464605385
1.2170918559544668
0.9989065873020032
0.8813293359093995
0.9012780180661815
0.9845866086671011
1.2503710485973882
0.8840331092714324
0.8229010735173211
1.0256678968498019
0.9977610442970419
0.7547781538764976
0.9095783024740662
0.7655554843406417
1.1064898413025035
0.9275705683922567
0.9497551118030835
1.067283555004403
1.1245083056525222
1.0187183286272288
0.9981246355374984
1.0485919485018425
1.0715955635814811
0.7066843105158831
0.791487949443469
1.0181133953859254
1.2406526407770786
0.9859393636985128
0.9310705401169536
0.9170633019445316
1.1502855759018842
0.8774517728589061
0.9880637496022439
1.0811692316836286
0.9799995125068698
1.1042169071979402
1.0018851635584574
0.9536786961930678
0.7215528246469214
0.7593810852811652
0.9967968487375176
0.8629032607597503
1.0561200963783632
1.002861554499414
0.9716671189611918
1.0399318647990248
0.95976645643907
1.02693995720165
0.8767435623271972
0.9492991288928853
0.9469091068080076
0.8651150249892191
1.1071742947593346
1.405906364331871
1.0102174796704368
0.9811151878419361
0.8471048281135177
0.999566706007232
1.1315187950511811
0.7487123568438753
1.0172811419955357
1.124192775190314
1.023622371370679
1.1437978957523547
1.0904253215589652
0.7890258711065317
0.9909657507808903
0.8994196363642943
0.9619858835120433
0.8412281147460992
1.1625041699078333
0.9593420108752189
0.8232793730712392
1.1491042093939678
1.0867396956947557
1.2469617449193204
0.956318249978294
0.7590533142664788
1.1154074517145984
1.0252817794722628
0.9686974916071434
0.9062156741777632
0.8920735480496282
1.4011082047139805
0.834110981749541
0.8790149270917821
1.2257913781374319
0.7193526029041618
0.9562682622524533
1.0958386020509567
1.3523895118415004
0.9907304537989411
0.9680753393962643
0.9327320995857415
1.0012002303461167
0.9640064147759532
0.8787282200877555
1.1905930846735167
0.9817152941684105
1.1304717304688703
0.8160189286051448
1.0306242927655256
1.2501112701482897
1.305638434239175
1.0940698759717822
0.8126020446666181
1.0284842543521
1.0768631784030436
1.135509495758034
0.8269889242129389
1.1556203317418978
0.926859849946183
0.8036252840735544
1.069076136301646
0.836336992868004
1.0142136147027776
1.185031312858757
1.182373808484617
0.8730230892619395
0.8294230029107077
0.8851391074666191
1.0408397537737923
0.9458590170164148
1.306514333965331
0.8804980707575271
0.8462579758351358
0.9411161685244992
0.8084323451434847
0.8202911452647318
0.9139877750468154
1.3531726488705598
1.025180270927145
1.2475283317941723
0.7910450952385447
0.9478185621923614
0.9321827529852857
0.9159627290268634
0.7807593985708569
1.0601695593586713
0.9996613351033765
0.7498849230537534
1.1113049876078922
0.8428518041286925
1.4860208565389401
0.8085979596456883
0.935185921181563
1.2146351924357495
1.0360697969910426
0.9127211948008996
1.1186670820313487
1.322859732696837
0.7604521649231206
0.6911858984903384
1.024634301147464
0.7903916227857192
1.1110241201891566
0.8687245679467248
0.9516875642418346
0.9508307067496028
0.8961846747326906
0.9619184067061644
1.0080711924601322
0.8448212222296514
1.5643258149617794
1.078747478849044
1.2227231142328523
0.8123811200544275
0.7527249510748748
0.8493542243263658
0.7988238426783904
0.9442416412391578
1.1721257060112809
1.0684853213760845
0.9080131813197476
1.3113464830537938
1.1043708448866185
1.0147112100108482
0.9287912621965201
1.28360650713868
1.3050723671122468
0.8121508881205023
1.06210553240458
0.6728408974742126
0.8735755912245797
0.9329696936882893
1.1725317377703668
0.800982574313824
1.3530162251296813
1.218935517496522
0.8343579071237178
0.9077219425804147
1.061093724115557
0.891524921511774
1.200801568141729
1.0875188501412454
0.8598868914454458
0.9118542272595371
0.9848244932344635
1.1222438751991735
0.9447069424651627
0.8429011990807364
0.8547243412313751
0.7818763593239559
1.073914286132299
1.229099813205766
0.9297753369806804
0.980919850929836
1.062008497660345
0.9569680396555946
0.9335687615150834
1.1402853163669906
0.889161236045387
1.1447554545392333
1.056271789145462
1.0157486830300748
1.0102728218383825
1.041149459051422
0.7438950107160494
1.0050385384263774
0.8782466605948515
0.9169891070069397
0.8059325064733318
1.2778407355752928
1.1454165739519884
1.472272852684816
0.9655146321551531
1.2199621583197728
1.036071580406024
1.7500500878931686
1.0898647843932283
1.1861666475844255
1.4697613828672154
0.8716327459203682
1.141215947740986
0.7268349420164775
0.8518685032910972
0.8797375698983854
0.944128326222275
1.0659279002951487
1.0548404502449753
0.8870457862360431
1.1492546759512978
0.9156666630975339
1.1338365126873677
0.8334740040940934
1.1964288426787306
1.017214286205401
0.8185220785524666
0.9668271829805899
1.1270389416050206
0.8401302191866343
0.8411616153397828
0.947257577637773
0.8099412320446449
1.055768263622502
1.1201350460208614
0.7872295511666283
0.8190447217168182
1.0074944168958426
0.8502515173889815
0.7941913375011268
0.7939535787041813
1.1136564784489298
1.4407650152586005
1.3416162719897593
0.9043226865705781
1.284607261948755
0.9223472942301647
0.7968809544957908
1.0523534652839228
1.4060159958164196
1.2804811826408422
1.4139067678105963
0.7972809081642962
0.8227135610587425
0.8307210865803697
1.1400595325686278
0.9510841788532142
0.8626464379430918
1.0272114952448375
1.2343710697932389
1.2580595831959691
0.9160082140787468
1.0196308428180836
0.9559559044464513
1.1554719321598497
0.8100169171815489
0.971519824072639
1.0642397385923135
0.7595975720788121
0.7389385472686866
0.9416422636251578
0.9432961331290156
0.8226490428351645
0.8751661012214612
0.7869895755290692
0.835899324204954
1.2431626532727185
1.00535263232807
0.7442518823309618
1.1968117882990763
0.8537061890046996
0.8832621557121055
0.9002229022455589
1.0952727267326514
0.8886166135269074
0.9281240256461735
0.8785031633184426
1.100776641381216
0.9524158658894235
1.934341089201007
1.083234626430268
1.0493762529648554
1.201293820426414
0.8772506792224027
0.8895460659383307
0.9536041623727952
0.7469641203759781
1.0290768358406095
0.9000689485418389
0.8531569581805569
0.9589189313945402
1.0754711608992709
1.000818252058109
0.7420012477674044
1.0634474517509072
0.9726951075379381
0.7940370181940589
0.7725467066548908
1.2116561533083954
0.9116652006687277
0.8039187941392731
1.1694928999673473
1.0436346440328266
1.068812780488289
1.0142923037700633
0.6875496419843959
0.8410668702908843
1.036584961227765
1.0444383080845565
0.8466556890093895
1.0909208824358525
1.0344312098232753
1.1166489701268485
1.4024999253380086
1.1181961845481594
0.7467429733099024
1.0730583780767102
0.8236850697885114
1.234861090257299
1.0892640685581898
1.0351134443537504
1.0038561742739494
0.7050319547039707
1.0168287689447515
1.1072334039287999
0.9019487256471077
1.1170120959467964
1.1599876002767078
0.8272199261070353
1.1466812202912489
0.9665194093143658
0.7943762409911828
0.7737356522913817
0.8714715186743427
1.0550575798375963
1.0485691543898192
0.8510134341079441
0.6853429253360886
0.7625999328915386
1.141384687383222
0.8685685653041042
1.0745292413495022
1.0109659351907405
1.0739120105381883
0.9618737603589176
0.7917941264559781
1.0820598176015028
0.8462534328824937
0.9493960686983368
1.05885675452811
0.8907230797017892
0.9466016260210907
0.9520982063072224
0.9192913256442291
0.9745022889898671
0.7775356196250861
0.9282729732835983
0.9365937689982639
1.2804070750774244
0.8942587896805027
1.2104479191608846
0.9932072187591541
0.8184691004061804
1.814737603001884
0.7460207765053606
0.7531536166504083
1.3186083572036067
0.7791568263515384
0.7574318870287985
0.8019494153144608
1.0513609585620909
0.9502013098595097
0.7825319535918862
0.9698486932253954
0.7300286917077662
0.8265095993449173
1.0029695412982862
0.7866648975112656
0.8435698852441886
0.8076494836772893
0.7657968451268826
1.1236793718218552
0.9159378707192594
1.0392734404107402
1.2545807166163583
1.0987202985999958
1.0270454703593848
1.3290903782650756
1.1552825492957448
0.9163673625477394
1.0727023214405238
0.8705400568703572
1.1082857510862398
0.8307236337188494
0.967780342146708
1.120982924669059
0.9261246126070884
1.0304108070816744
0.7549513936343771
1.2509272287305884
0.9799211109775477
0.8272410737354693
1.0976976601605508
0.9504490548958706
0.7745678364306638
1.0788990839803767
1.1584754151858496
1.066434900814185
0.9215413222235459
1.388999186082331
0.8493003271203111
0.8217762998777164
0.8560821290679971
0.9028928074121733
1.0990725903648477
1.014552774510898
1.153163688444844
0.7877281999710125
0.9234693033128236
0.8658062430455636
0.8274070656443159
0.8101927649160579
0.8576388843826384
1.1026009397079584
1.1083637844768879
0.8210004997112506
