1.2841191291809082
1.4530560970306396
1.2633898258209229
1.235635757446289
1.2762080430984497
0.60212242603302
1.3361847400665283
0.8883616924285889
0.4827077388763428
1.2688783407211304
1.2341288328170776
0.6305742859840393
1.3467295169830322
1.2855030298233032
1.7422782182693481
1.0809762477874756
1.1662943363189697
0.6279707551002502
1.167138695716858
0.8593210577964783
1.2805203199386597
0.8961408734321594
1.1221356391906738
0.44745713472366333
0.8647282719612122
1.1965668201446533
1.0529550313949585
0.9594057202339172
1.3438301086425781
0.9080601334571838
0.7989180088043213
0.9358950257301331
1.0989856719970703
1.2752666473388672
1.3130228519439697
0.6826385259628296
1.2389427423477173
1.2506076097488403
1.1101670265197754
1.0240185260772705
1.1242114305496216
0.43187639117240906
1.0919603109359741
0.7356892228126526
1.2106083631515503
1.2220402956008911
1.1677964925765991
0.9950547218322754
1.3334956169128418
1.0333646535873413
0.5631551146507263
0.73643958568573
1.3428704738616943
1.8839049339294434
1.2831569910049438
1.4627799987792969
1.2395883798599243
1.4446871280670166
1.2994513511657715
0.8709113001823425
0.9320036172866821
1.044325828552246
1.0932366847991943
1.7569286823272705
0.722115695476532
1.198939561843872
1.149567723274231
1.2725361585617065
1.1617176532745361
1.2117854356765747
1.2505782842636108
0.7013118863105774
1.4340623617172241
0.7188861966133118
1.2061197757720947
1.1659483909606934
1.2187288999557495
0.7207644581794739
1.496384859085083
1.2434139251708984
1.1579229831695557
0.39758989214897156
1.137193202972412
1.3510342836380005
0.799575686454773
1.1402404308319092
1.4932868480682373
1.0912874937057495
0.41920503973960876
1.5982286930084229
0.5735589861869812
1.1144763231277466
1.2741146087646484
0.6839853525161743
0.42118144035339355
1.1965891122817993
1.2568730115890503
1.2749665975570679
1.3445309400558472
0.7312278151512146
1.001112937927246
0.5420441627502441
1.2774522304534912
1.3313027620315552
1.461383581161499
1.0475643873214722
0.7255358695983887
1.0485275983810425
0.6482006907463074
0.6218594908714294
1.5847440958023071
0.6756725907325745
1.4668253660202026
1.3996145725250244
0.9470001459121704
1.3523720502853394
1.374674916267395
1.2409226894378662
1.409651517868042
1.149491548538208
1.0575077533721924
1.4295233488082886
1.218730092048645
0.9514011144638062
1.3370659351348877
1.5324686765670776
1.0674958229064941
1.221759557723999
1.5345487594604492
1.1281976699829102
1.2789944410324097
1.5816460847854614
1.6372079849243164
0.46248316764831543
1.0597728490829468
1.1321004629135132
0.8800256252288818
0.7985990643501282
0.855712890625
1.0382041931152344
1.3849338293075562
1.3917990922927856
0.9967775344848633
0.8323776125907898
1.1141241788864136
0.6889375448226929
1.127394199371338
1.4052625894546509
2.1430351734161377
0.6647053360939026
0.7752967476844788
1.1946616172790527
1.0265308618545532
1.3624560832977295
1.1964260339736938
1.239966630935669
1.3810445070266724
1.1619986295700073
0.6884090900421143
1.086713194847107
1.2237522602081299
1.6397979259490967
1.0781941413879395
1.6063740253448486
0.8097807168960571
1.2503745555877686
0.6864170432090759
1.2607477903366089
1.2989141941070557
0.9745909571647644
0.4008570611476898
1.1646865606307983
1.2744886875152588
1.0066555738449097
1.340760350227356
1.3704321384429932
1.0363352298736572
0.9806291460990906
1.0127220153808594
0.9421573877334595
1.2924778461456299
1.2533656358718872
0.7198318243026733
1.1553534269332886
1.1029276847839355
1.5154907703399658
1.4268290996551514
0.9027766585350037
0.7670857906341553
0.9757136106491089
1.6421127319335938
0.8223012685775757
1.0528942346572876
1.3624145984649658
1.7842872142791748
1.0665674209594727
1.0884233713150024
1.3033828735351562
1.3096461296081543
1.5265311002731323
1.3253051042556763
1.407105565071106
0.8440234065055847
1.144025206565857
1.34926176071167
0.4809739291667938
1.4427012205123901
0.652841329574585
0.844226062297821
0.8557014465332031
0.9580411911010742
0.8518457412719727
0.6506917476654053
0.5469762682914734
0.8645682334899902
0.6000457406044006
1.4115756750106812
1.1298309564590454
1.9206246137619019
0.5609198212623596
1.2384607791900635
1.0031139850616455
0.38782891631126404
1.1949429512023926
0.5567405223846436
0.9213933944702148
0.6073290109634399
0.8737911581993103
1.0706952810287476
0.7901716828346252
1.4282824993133545
1.275028944015503
1.1990423202514648
0.5726894736289978
1.1728270053863525
1.2159268856048584
1.2577338218688965
1.1538500785827637
1.0578395128250122
1.1658729314804077
1.467200756072998
1.0170396566390991
0.5842792391777039
1.5314319133758545
1.1445858478546143
1.195021390914917
0.9060615301132202
0.6137204766273499
0.6604344248771667
1.3201632499694824
1.1877374649047852
0.7624087929725647
1.2280213832855225
0.5646869540214539
0.881136953830719
0.806843638420105
1.153074026107788
0.7743670344352722
0.37472158670425415
1.0631110668182373
0.5545914173126221
1.179521083831787
0.9687045812606812
1.027291178703308
0.5597772598266602
0.922461748123169
0.5393018126487732
1.3440910577774048
1.5047998428344727
0.652479350566864
0.707948625087738
1.3924896717071533
1.2775628566741943
0.8193656206130981
0.5656207203865051
1.0079542398452759
0.740691602230072
1.5576424598693848
1.3202006816864014
1.1143447160720825
1.1696577072143555
1.2070088386535645
1.7959059476852417
2.0459399223327637
1.1328437328338623
0.5511099696159363
1.274588704109192
1.3823407888412476
1.3439674377441406
0.6976915001869202
1.3555021286010742
1.4045181274414062
0.7927721738815308
0.9402194023132324
1.5661323070526123
0.8773631453514099
1.124623417854309
1.2765077352523804
0.42319175601005554
0.6393563747406006
0.52138352394104
1.3150017261505127
0.8833220601081848
0.7851080894470215
0.47415897250175476
1.231916069984436
0.9957782626152039
1.2257786989212036
0.5856576561927795
1.198338270187378
1.3308302164077759
0.7519460320472717
1.1722511053085327
0.7494337558746338
1.209731101989746
1.1302804946899414
1.0254936218261719
1.21055006980896
1.2766084671020508
0.4279557168483734
1.1230649948120117
0.4185444116592407
1.1240800619125366
1.0118186473846436
1.2304574251174927
0.6638880968093872
0.777167797088623
1.2909311056137085
0.6363065242767334
0.805977463722229
1.2351888418197632
0.8293139338493347
0.8608662486076355
1.1309540271759033
0.717068076133728
0.791110634803772
0.5212728381156921
1.1376056671142578
1.1761202812194824
0.9201595783233643
1.2349836826324463
1.3162553310394287
0.5224837064743042
1.1756772994995117
0.48944777250289917
1.1223493814468384
1.1978440284729004
0.8630270957946777
0.614602267742157
1.187799096107483
1.2501693964004517
1.078965425491333
0.6415989995002747
0.8424575924873352
1.025303840637207
1.2048249244689941
1.0548771619796753
1.2975867986679077
1.537937879562378
0.5153512954711914
1.2053636312484741
0.8498420119285583
1.4169917106628418
1.2433825731277466
1.4997895956039429
1.2430857419967651
0.7205599546432495
0.8396108150482178
1.1637449264526367
1.2600234746932983
0.9640241861343384
1.2231186628341675
1.0977325439453125
0.9796834588050842
1.2031980752944946
1.240809679031372
0.9939266443252563
1.1149007081985474
1.3997811079025269
1.0837002992630005
1.1152461767196655
1.4527900218963623
1.2797738313674927
1.2634581327438354
0.4278082549571991
1.1211117506027222
1.2834479808807373
0.9355850219726562
1.21985924243927
0.7264634966850281
1.2223608493804932
1.3517838716506958
1.1119352579116821
1.2369922399520874
1.3666419982910156
0.9803247451782227
0.7739049792289734
1.4723973274230957
0.9185755252838135
0.528782069683075
1.3246582746505737
0.6451176404953003
0.6635199189186096
0.4295738935470581
1.2665218114852905
1.1229228973388672
1.2755091190338135
1.3735748529434204
1.931267261505127
1.0173072814941406
0.71417236328125
1.4044630527496338
1.8551229238510132
0.5668206214904785
0.5113785266876221
1.153454303741455
1.3392683267593384
1.0812057256698608
1.2428427934646606
1.0362392663955688
0.879990816116333
1.428094506263733
0.7636981010437012
1.2703266143798828
1.2559150457382202
0.603466272354126
0.6029433608055115
1.4211506843566895
1.0416152477264404
0.6903805732727051
1.2003668546676636
1.137139916419983
1.4148786067962646
1.5147970914840698
1.3900737762451172
0.9259364008903503
0.7995113134384155
0.5367141962051392
1.5148626565933228
0.9807258248329163
1.100520133972168
1.0993238687515259
1.5256290435791016
0.5687638521194458
1.1819393634796143
0.6090115904808044
1.0930923223495483
1.1082534790039062
1.1931084394454956
1.017276644706726
0.9837309122085571
1.2591636180877686
0.5271683931350708
1.6250200271606445
0.7056533098220825
0.5190520882606506
0.9087164402008057
1.2893126010894775
1.174722671508789
1.3108850717544556
0.6506372094154358
1.169602632522583
1.2319444417953491
0.8625015020370483
0.5646384358406067
1.0621986389160156
1.1126148700714111
1.1342524290084839
1.4386242628097534
1.190263032913208
0.8982149958610535
1.418740153312683
1.3849385976791382
0.43899795413017273
0.9516499042510986
0.28412553668022156
1.2554335594177246
1.1843593120574951
1.2729496955871582
0.7027721405029297
1.3267408609390259
1.3852424621582031
0.6944010257720947
1.3261311054229736
1.1099169254302979
0.7249812483787537
0.9924065470695496
1.1375669240951538
0.9153692126274109
1.1717054843902588
0.8994544744491577
1.7202028036117554
1.405290126800537
1.2239530086517334
1.1214282512664795
0.697099506855011
1.0435304641723633
0.3650757372379303
1.1791354417800903
0.8776841163635254
1.1434249877929688
0.9131228923797607
1.0020886659622192
0.9384691715240479
0.7910839319229126
1.1064133644104004
1.1293576955795288
1.7803846597671509
1.8819538354873657
0.5262555480003357
1.6884453296661377
0.9287717938423157
