-0.4587448239326477
0.3939318358898163
2.180778741836548
-1.510719656944275
-0.2597695589065552
0.7908653616905212
3.138493299484253
3.0732715129852295
-0.9286752939224243
2.37113094329834
2.64323091506958
0.10719168931245804
3.1915626525878906
2.9708571434020996
2.3240208625793457
0.018402542918920517
-2.878098726272583
2.155571222305298
3.111032009124756
3.4795727729797363
-0.6234294176101685
-1.5791819095611572
1.366233229637146
2.212890386581421
0.8087466359138489
3.1710309982299805
3.2140517234802246
2.1889398097991943
3.4060895442962646
2.5374855995178223
1.812851905822754
0.9586747288703918
