-2.0725821503909253e-13
0.046194322407245636
0.025523444637656212
-1.142367992736093e-13
-1.8106059728774382e-13
0.2747962474822998
0.27927514910697937
-0.16033408045768738
-2.474731845229089e-13
-0.10978157818317413
0.05284319818019867
-2.434709335183416e-13
0.10422246903181076
-0.09204468876123428
0.05353887751698494
-0.00011649184307316318
5.077300342312685e-13
-0.31255093216896057
-0.2538444995880127
0.2352340668439865
-3.044030414019183e-13
-6.476706649292951e-14
-0.2539960741996765
-0.06450707465410233
-0.0149660874158144
0.08900649845600128
0.33106422424316406
0.016104450449347496
9.723618859425187e-05
0.09955066442489624
-0.002430623397231102
-0.003476077923551202
