0.03162277660168379
0.7658775152953023
0.27795412472208403
0.03162277660168379
0.03162277660168379
0.847752059092562
1.3093729737477795
0.4132733808319936
0.03162277660168379
0.8720707641463696
0.510620523757645
0.03162277660168379
0.6049834104501851
0.5415541638647902
0.2959559133374244
0.031628023682987
0.03162277660168379
0.880761768016651
1.3356646257090907
1.2948798313133594
0.03162277660168379
0.03162277660168379
0.7718169918734296
0.4017835970232445
0.06250950118206951
0.526911761538815
1.0650938913211885
0.33127587424296695
0.22316859890550253
0.8381558944390199
0.15630965829620438
0.03629041961399971
