0.9706175327301025
0.6502549052238464
0.22548170387744904
0.5241564512252808
0.9818499684333801
0.6788390874862671
1.112919569015503
0.34201714396476746
0.6771581172943115
3.3115928173065186
0.8377600312232971
1.0192713737487793
0.3044321537017822
0.4222343862056732
-0.2554650902748108
0.9672717452049255
0.9010140299797058
0.8632086515426636
0.8619588613510132
0.715646505355835
1.0060232877731323
0.5390730500221252
1.388711929321289
0.24158667027950287
0.7830970883369446
0.6721739768981934
3.013535261154175
1.1950089931488037
1.8365439176559448
0.4726921319961548
0.45962655544281006
1.0022333860397339
