1.3800216913223267
2.008044719696045
1.3532907962799072
2.0634162425994873
0.7662224769592285
0.9553431272506714
0.9216243624687195
0.7816980481147766
0.6913051605224609
0.4857136905193329
0.43042489886283875
1.1971709728240967
1.2679424285888672
1.2893195152282715
1.4752874374389648
1.1795759201049805
1.0491540431976318
1.2350736856460571
1.1793879270553589
1.368308663368225
0.9633688926696777
1.1794459819793701
1.2955666780471802
1.1319553852081299
1.157511830329895
1.015718698501587
0.510604739189148
1.1596869230270386
1.127960443496704
1.1587495803833008
1.3403009176254272
1.2313251495361328
0.6825051307678223
1.3438115119934082
0.836846113204956
1.3152192831039429
1.1533900499343872
0.4559638798236847
1.5165326595306396
1.2334648370742798
1.2252764701843262
1.3565179109573364
0.43316927552223206
1.422873854637146
1.3633869886398315
1.1748353242874146
1.7329089641571045
1.1662741899490356
1.1687716245651245
1.1322640180587769
1.2257609367370605
0.612566351890564
0.914870023727417
1.2889299392700195
1.2917603254318237
0.6451801657676697
1.1084283590316772
0.9845455288887024
1.4991968870162964
1.9403736591339111
1.0033594369888306
1.1944390535354614
0.6462007164955139
1.1213252544403076
1.4080584049224854
1.270918846130371
0.5163183212280273
0.570437490940094
1.8322135210037231
0.8855018019676208
1.3247630596160889
1.123213291168213
0.5157962441444397
1.340485692024231
1.6505087614059448
0.5378865599632263
1.1835497617721558
1.2255476713180542
1.0744364261627197
1.223820686340332
1.2994633913040161
1.6014854907989502
0.6770951151847839
1.2387917041778564
1.4315890073776245
1.3136587142944336
0.6718011498451233
1.3320279121398926
1.2379063367843628
1.38560950756073
1.312303900718689
0.9510692954063416
1.0410676002502441
0.3995809853076935
0.8040304780006409
1.2575281858444214
1.0859732627868652
1.1159354448318481
1.0499060153961182
0.974552571773529
1.3376699686050415
1.0220552682876587
1.2320191860198975
0.8065590858459473
1.0740065574645996
1.0865507125854492
1.5178529024124146
0.7031007409095764
0.679153323173523
1.3039389848709106
1.0890856981277466
1.4419045448303223
1.1958754062652588
1.2453826665878296
1.2428615093231201
0.9698017239570618
1.2255679368972778
1.4543719291687012
1.1712374687194824
1.4191439151763916
1.0752087831497192
1.2974821329116821
0.8887719511985779
1.2732340097427368
1.0334349870681763
1.2235987186431885
1.1914912462234497
0.5310573577880859
0.9699099063873291
1.1621019840240479
1.3784229755401611
0.7764380574226379
0.6464837789535522
1.3044143915176392
1.1549155712127686
1.1259573698043823
1.4664065837860107
1.466927409172058
1.315815806388855
1.2406599521636963
1.2983078956604004
1.239150047302246
1.416168212890625
1.0039970874786377
1.1429616212844849
1.4974333047866821
1.361757755279541
1.1574519872665405
1.3079737424850464
0.520548403263092
1.2932510375976562
1.0960619449615479
1.1998651027679443
1.2339874505996704
1.0976943969726562
1.420256495475769
1.383076548576355
1.4863489866256714
1.348132610321045
0.6068210601806641
1.337817907333374
0.942277193069458
0.42098551988601685
0.6526896357536316
0.5339187979698181
0.9259760975837708
0.4670107662677765
1.0422861576080322
1.746646761894226
0.7272108197212219
0.9085551500320435
1.2809079885482788
1.5716522932052612
0.8514211773872375
1.1843723058700562
1.118700385093689
0.8274626135826111
1.239672303199768
1.2742215394973755
1.1469782590866089
1.2437962293624878
1.515216588973999
1.2782518863677979
1.3627386093139648
1.2724084854125977
1.892612099647522
1.1043082475662231
1.062920331954956
1.146636724472046
1.3150455951690674
1.2993195056915283
1.3159043788909912
0.5915059447288513
0.9400599002838135
0.43419668078422546
1.2432328462600708
1.1659437417984009
1.259873628616333
0.7704676985740662
1.2828092575073242
1.1968597173690796
0.7085275053977966
1.3242948055267334
1.219251036643982
1.1578545570373535
1.4334614276885986
1.23555326461792
1.2089883089065552
0.7590285539627075
1.1794224977493286
1.4856618642807007
1.4402567148208618
0.7832159399986267
1.3524311780929565
0.8796290159225464
1.1953591108322144
0.6913384199142456
1.4015111923217773
0.5629417300224304
1.2978894710540771
1.0980912446975708
1.3670778274536133
0.8676419258117676
0.5990066528320312
1.315994381904602
1.3524892330169678
0.5795718431472778
1.0735450983047485
1.233926773071289
0.5565518140792847
0.7963908314704895
1.0211824178695679
1.013278603553772
0.7401813864707947
1.0414135456085205
1.7302532196044922
1.0496793985366821
0.9551145434379578
0.6569453477859497
1.0339672565460205
0.836368978023529
1.0836858749389648
0.5231160521507263
1.1009329557418823
0.4686714708805084
0.9328246116638184
1.7501946687698364
1.480362057685852
1.3493845462799072
0.7422521710395813
1.1940953731536865
0.8550806045532227
1.3163517713546753
1.5291954278945923
1.4106993675231934
1.3828054666519165
0.925212025642395
1.2965826988220215
1.3160003423690796
1.456567645072937
1.0901039838790894
1.2631539106369019
0.7872620224952698
1.4082310199737549
1.1923389434814453
1.2564109563827515
0.6269240379333496
1.0755894184112549
0.9561604857444763
1.1044371128082275
1.4723865985870361
0.8652642369270325
1.3015192747116089
1.309763789176941
1.268768310546875
1.2622183561325073
0.842647910118103
1.1420881748199463
1.6407769918441772
1.406290054321289
0.9837105870246887
1.3335280418395996
1.0367764234542847
1.2466399669647217
0.5742897391319275
0.5471956133842468
0.8739612698554993
1.1672992706298828
1.1463446617126465
1.4546241760253906
1.1424944400787354
0.19040143489837646
1.1684587001800537
1.3958274126052856
0.6962571740150452
1.4898627996444702
0.9059163928031921
1.1504740715026855
1.4571512937545776
1.4484591484069824
0.7139235734939575
1.145406723022461
0.5235568284988403
0.47294190526008606
2.143772840499878
1.2733745574951172
1.2408952713012695
1.0860577821731567
1.7410115003585815
0.6753478050231934
1.186948537826538
0.46391287446022034
1.4448635578155518
1.0554248094558716
0.691469132900238
1.1317378282546997
1.2520049810409546
1.564919352531433
1.3630504608154297
0.93077152967453
1.2404077053070068
0.5980903506278992
1.3061097860336304
1.3475953340530396
0.7851763963699341
1.2364041805267334
1.1694960594177246
1.287293553352356
0.9485507607460022
1.3177744150161743
1.1659518480300903
2.168083429336548
1.290619969367981
1.4520937204360962
0.5788064002990723
1.0385922193527222
0.6730245351791382
1.1212643384933472
0.8482396602630615
1.2665989398956299
1.1375573873519897
0.7139137983322144
1.6065253019332886
0.9898244738578796
1.1781853437423706
0.8654688000679016
0.4392249286174774
0.4831337332725525
1.5007648468017578
1.4010382890701294
0.6434433460235596
1.2413986921310425
1.1397325992584229
1.2279309034347534
1.4745315313339233
0.621039867401123
1.329224705696106
0.9761220216751099
0.7442060708999634
1.4505871534347534
1.5104844570159912
1.165204644203186
1.2750152349472046
1.7606010437011719
1.0668282508850098
1.3896514177322388
1.3898392915725708
0.4984223544597626
1.1322475671768188
1.361627221107483
1.1541792154312134
1.3894916772842407
0.6920396089553833
1.3131844997406006
0.7579012513160706
1.3109277486801147
0.650698184967041
1.2729058265686035
1.1307064294815063
1.4719504117965698
1.4058725833892822
0.32570481300354004
0.6530507802963257
1.313681721687317
0.988577127456665
0.679185152053833
1.2730059623718262
1.274628758430481
1.2409356832504272
0.8860058784484863
1.3334674835205078
1.3036869764328003
1.1205261945724487
1.2430249452590942
1.3577948808670044
1.6976449489593506
1.2456409931182861
1.4594722986221313
1.3137497901916504
1.1763761043548584
1.1512027978897095
1.324533224105835
1.1189637184143066
0.45396560430526733
1.1035033464431763
1.4045952558517456
1.2920018434524536
0.960193932056427
1.4559119939804077
1.2168617248535156
1.2051020860671997
1.112931251525879
1.637494444847107
1.082005500793457
0.9878308176994324
0.9819744229316711
0.2679569721221924
1.4913358688354492
1.1761622428894043
0.9266365766525269
1.2662118673324585
0.8488249778747559
1.2465890645980835
0.8611121773719788
1.1659564971923828
1.2043856382369995
0.6421857476234436
1.0239087343215942
0.8608927130699158
1.525063395500183
0.978688657283783
1.3306028842926025
1.2401092052459717
0.8641690015792847
1.1591163873672485
1.150123119354248
1.1137211322784424
1.2236045598983765
1.2758231163024902
1.1064422130584717
0.7993252873420715
0.41474685072898865
1.188278317451477
1.1717275381088257
1.5778789520263672
1.0755455493927002
1.1261845827102661
1.5887136459350586
1.149924635887146
1.0617574453353882
0.3058266043663025
1.296412706375122
0.7240626215934753
1.285272240638733
1.567834734916687
1.1999225616455078
1.1803027391433716
1.307860255241394
1.573560118675232
1.362805962562561
0.3137534260749817
1.0698542594909668
1.2822569608688354
1.3366167545318604
1.4392013549804688
1.2965065240859985
1.1192766427993774
1.2922346591949463
0.9870383739471436
1.3663661479949951
1.5110942125320435
1.1004971265792847
1.0615299940109253
1.1783331632614136
0.816490113735199
1.2936716079711914
1.504607915878296
1.1440173387527466
1.5033355951309204
1.1600528955459595
1.5567070245742798
1.1271085739135742
1.177101492881775
1.2587019205093384
1.4447112083435059
1.2680214643478394
1.0331275463104248
1.245591163635254
1.020883560180664
0.8301679491996765
1.3061654567718506
0.4694403409957886
1.1538764238357544
1.1970398426055908
0.9866264462471008
0.9594569206237793
2.1142165660858154
1.5514663457870483
1.4318732023239136
0.7456188797950745
1.1617558002471924
0.8576855063438416
0.6451470255851746
1.0557866096496582
1.065062403678894
1.103915810585022
1.1153931617736816
0.9012554287910461
0.9659683704376221
0.7189289331436157
1.2044087648391724
0.5222755670547485
