0.6339894533157349
-0.23813021183013916
-0.714435875415802
-0.3366988003253937
1.5120158195495605
0.348317414522171
0.8321069478988647
1.6478111743927002
1.259806513786316
1.3270888328552246
1.7842319011688232
0.2652282416820526
-1.0305379629135132
0.04378187283873558
0.16225887835025787
-0.20814411342144012
-1.2967567443847656
-0.3327191472053528
-0.14202511310577393
0.5805256366729736
1.2844831943511963
-0.8350297808647156
-0.38503924012184143
0.5397592186927795
0.18434050679206848
0.6793597340583801
1.3898931741714478
-0.7916242480278015
0.33891841769218445
2.140367269515991
-0.09939290583133698
-0.29748770594596863
1.7956680059432983
0.8858104944229126
1.0964387655258179
-0.5725923180580139
-0.6344820857048035
1.6046415567398071
-0.27842649817466736
-0.8757409453392029
0.26378610730171204
0.7470312714576721
1.4016598463058472
-1.2404009103775024
-0.43279343843460083
-0.1458047479391098
0.7276372313499451
0.22263306379318237
0.28599876165390015
0.20320376753807068
-0.42263904213905334
1.3737404346466064
1.7655836343765259
-0.7504012584686279
-0.3558999001979828
1.469778299331665
0.35940253734588623
0.7223948836326599
1.396185278892517
0.5766789317131042
0.7314950823783875
-0.7253568768501282
2.000680685043335
0.3534112870693207
-0.3118583559989929
0.6201574206352234
1.330568552017212
1.4618273973464966
-1.452170968055725
1.2075719833374023
0.005457427352666855
-0.3357436954975128
1.3735798597335815
-0.5728388428688049
0.14603056013584137
1.3285638093948364
-0.05435451865196228
0.8667234778404236
1.8457071781158447
0.42550310492515564
-0.11208955198526382
-0.1445564478635788
1.969227910041809
-0.3162105977535248
1.8979971408843994
0.18154922127723694
1.53850519657135
-0.9672542214393616
0.08820000290870667
0.009197830222547054
-0.8634489178657532
1.250774621963501
0.27290406823158264
1.2859575748443604
1.1981220245361328
0.0016497645992785692
0.9477993845939636
0.2802976965904236
-1.271515965461731
1.786126732826233
-0.39068663120269775
1.5552846193313599
-0.4243014454841614
1.6955937147140503
1.067391276359558
1.0940611362457275
-0.26251986622810364
1.194515347480774
0.8403424620628357
0.8055106401443481
-1.097006916999817
0.2117079645395279
0.5131331086158752
-0.7009378671646118
-0.3075471818447113
0.2959826588630676
0.23510856926441193
-0.12473706156015396
-0.7071712017059326
0.7431449294090271
0.22545823454856873
-0.5114194750785828
0.826694905757904
-0.1328379064798355
0.43240928649902344
0.2217308133840561
-1.0459952354431152
1.231400966644287
0.9554311037063599
0.33811667561531067
0.20538955926895142
0.9701979756355286
1.655083179473877
-0.05096368119120598
0.32127848267555237
0.24688129127025604
0.4763209819793701
-0.787291944026947
-0.4555268883705139
-0.4139171838760376
-0.898237407207489
0.031995419412851334
-0.3084731698036194
0.7391055226325989
0.2947557866573334
0.38746437430381775
0.37519052624702454
-0.061245210468769073
-0.19395412504673004
1.7073243856430054
0.3510367274284363
0.6559467315673828
-0.39401379227638245
0.778056800365448
-0.4026881754398346
0.2623348832130432
-0.7632734775543213
-0.4741429388523102
-0.0606476329267025
1.571410894393921
-0.11022797971963882
1.4573252201080322
1.5765420198440552
1.3371156454086304
1.260569453239441
0.6175408959388733
1.411978840827942
0.6958833336830139
1.121938943862915
0.9427014589309692
0.5130007863044739
-0.6190270781517029
-1.1328080892562866
1.1891067028045654
-0.12566399574279785
0.330059677362442
1.4811710119247437
1.5129634141921997
-0.26110756397247314
-0.6987004280090332
0.1573621928691864
-0.29650747776031494
-0.1350155770778656
0.3009050786495209
0.6022747159004211
0.27071109414100647
1.1432658433914185
0.1971258670091629
0.5476666688919067
-0.631629228591919
0.09499694406986237
-0.36431699991226196
1.2876262664794922
0.8253227472305298
1.4298951625823975
-0.9480068683624268
-0.6855770349502563
0.4082259237766266
0.6273745894432068
0.07473435997962952
0.014958690851926804
1.2112212181091309
0.028199249878525734
0.49315041303634644
-0.8060592412948608
0.5538322329521179
0.1962270587682724
-0.2923407554626465
1.0618107318878174
0.477909654378891
0.18484175205230713
-0.08897159993648529
1.3797143697738647
-1.172685980796814
1.1781179904937744
0.41824135184288025
1.3398517370224
0.5129642486572266
1.3994969129562378
-0.27863627672195435
0.6331282258033752
0.2712447941303253
1.4921784400939941
1.6539649963378906
-0.27051305770874023
-0.18868985772132874
1.3267875909805298
0.7007598876953125
0.46226903796195984
1.3758268356323242
1.3384439945220947
1.083975076675415
0.7420637607574463
1.2011268138885498
-0.8262258768081665
-0.1826329529285431
1.6293367147445679
0.9632209539413452
1.5755559206008911
0.639021635055542
0.8155007362365723
-0.6871861219406128
1.756461262702942
-0.8724982738494873
1.8055170774459839
1.2798746824264526
-0.5721406936645508
0.32557952404022217
0.594201922416687
1.261145830154419
0.5310693979263306
1.315010666847229
0.2745380103588104
-0.5831512808799744
-0.3257410228252411
-0.08783932775259018
1.5902349948883057
0.5609187483787537
0.14750102162361145
-0.030030274763703346
-0.8138507008552551
-0.2825172245502472
0.7932766079902649
0.2139357179403305
1.056337833404541
-0.7237305641174316
1.422040581703186
0.3009476959705353
0.6774848103523254
-0.12122774124145508
0.2573205530643463
1.2076350450515747
0.11413704603910446
-0.49654656648635864
-0.319084495306015
0.640770673751831
0.6131682395935059
0.464631050825119
0.5104727745056152
0.14660096168518066
0.7351013422012329
-0.3700436055660248
-0.1960507333278656
-0.13025322556495667
1.2652424573898315
1.689943552017212
1.8937944173812866
-0.4701804220676422
-0.20800656080245972
-0.8149885535240173
-0.3896177113056183
-1.4816200733184814
-0.8119558095932007
-0.3601071536540985
1.1083087921142578
-1.2865140438079834
1.1109505891799927
-0.08973809331655502
0.8181598782539368
-0.19482313096523285
1.0925558805465698
0.31176328659057617
1.7535581588745117
1.2963578701019287
-1.3427650928497314
0.4857635796070099
-0.041195452213287354
0.7796044945716858
-1.2334105968475342
1.5150822401046753
-0.1418284922838211
1.3895554542541504
-0.5162901878356934
-0.9751474261283875
1.2024061679840088
0.2412959784269333
-0.05559510737657547
0.2849682867527008
-0.41989603638648987
0.8140644431114197
-0.22456184029579163
1.5014829635620117
-1.3515483140945435
-0.5250983834266663
1.0487295389175415
0.6936455368995667
0.5951616168022156
-0.5985886454582214
0.4444359242916107
0.05106624960899353
0.4011934697628021
-1.0044571161270142
-0.248710036277771
0.03299768269062042
1.4672937393188477
1.1421178579330444
1.6780359745025635
1.2765803337097168
1.465395212173462
-0.2524802088737488
0.8334659934043884
1.1892834901809692
-0.11244335025548935
0.17028330266475677
0.5818305015563965
1.52155339717865
1.480985164642334
1.8794732093811035
0.6977572441101074
0.19848403334617615
2.036834716796875
-0.43804851174354553
0.7942675948143005
-0.49894052743911743
0.48708128929138184
0.7673330903053284
-0.11201965063810349
0.5954306721687317
1.2110995054244995
-1.3787944316864014
-1.143799901008606
-0.008055713027715683
-0.4750005304813385
-0.12198436260223389
1.0866293907165527
-0.2876797020435333
0.8003673553466797
1.4527544975280762
-0.31055083870887756
-0.2305161952972412
1.0184272527694702
-2.6182360649108887
1.2728972434997559
-0.7004809379577637
1.0062289237976074
0.6934626698493958
-0.5394060611724854
-1.21212899684906
0.33637139201164246
-0.19375096261501312
-0.6464906930923462
1.7172496318817139
1.4704357385635376
-0.591312825679779
-0.44615402817726135
1.1498043537139893
-1.493916392326355
-0.012307313270866871
-0.3186505138874054
1.4061286449432373
-0.5772199034690857
0.9997159838676453
1.0749752521514893
-0.2734880745410919
0.2614331841468811
-1.1219353675842285
-0.3683449327945709
0.861952006816864
-0.7089583277702332
-0.4509042799472809
-0.011957798153162003
-0.19541072845458984
0.426557719707489
1.440940499305725
0.726548433303833
-0.1815430223941803
0.30931514501571655
0.5827475786209106
-0.5882232785224915
-0.3347744047641754
-0.5331331491470337
0.5605162382125854
-0.5519188046455383
0.7602757811546326
0.8306370377540588
0.8283913135528564
1.586419939994812
0.2435487061738968
-0.34130629897117615
1.6833367347717285
-0.5063931345939636
2.079557180404663
-0.021226102486252785
0.7430610060691833
-0.2410106509923935
-0.8837295770645142
1.3450531959533691
-0.5460031032562256
0.9015350341796875
-0.5371386408805847
1.1961185932159424
-0.3415030539035797
-0.019377822056412697
0.6461319923400879
1.180712103843689
0.93654465675354
-0.011059485375881195
-0.5573797225952148
-0.4208536446094513
0.44908079504966736
1.1274303197860718
1.8725922107696533
-0.22774046659469604
-0.6948782801628113
0.023637566715478897
2.461559295654297
-0.32083138823509216
-0.4537131190299988
-0.3738085627555847
0.6369023323059082
1.4998725652694702
0.9168201088905334
1.5055397748947144
0.4958168864250183
-0.14882011711597443
0.9657998085021973
0.1887974739074707
0.10764884203672409
0.5452316999435425
-0.11099664121866226
1.4541454315185547
-1.2959330081939697
-0.034530505537986755
-0.47992441058158875
0.8575587272644043
-0.26164647936820984
-0.24465356767177582
-0.8380863666534424
0.933071494102478
0.28963524103164673
-1.3242802619934082
-0.40571579337120056
-0.3768177032470703
-0.3701610267162323
1.161861777305603
0.7826992869377136
-1.1044920682907104
-0.7603403925895691
-0.621891975402832
-0.4446322023868561
0.037810686975717545
0.581780195236206
-0.13406412303447723
-0.27642422914505005
-0.5742379426956177
-0.7653751373291016
0.6734857559204102
-0.4357030391693115
0.5424630641937256
0.8784068822860718
0.3142380118370056
1.7959543466567993
-0.4499269723892212
-1.2491416931152344
1.3692219257354736
0.6413854360580444
-0.7996545433998108
-0.6208456158638
0.3795093297958374
1.3611565828323364
-0.661615788936615
1.7737276554107666
1.6481428146362305
1.30254328250885
0.13565225899219513
-1.468360185623169
-0.9375021457672119
1.8117176294326782
1.4714488983154297
1.0669076442718506
0.46216046810150146
1.4536957740783691
