0.3075563311576843
-0.5111150145530701
-2.526907444000244
-0.9245120882987976
-0.9452924728393555
-0.8538912534713745
-1.6291594505310059
0.4955381453037262
-1.3909919261932373
-0.2603433132171631
1.1716763973236084
-0.42965584993362427
-0.22841326892375946
-2.9607629776000977
-1.4346412420272827
-0.3404027819633484
-0.40500274300575256
-0.6376463174819946
0.5308117270469666
-1.1711479425430298
0.549010694026947
1.7651736736297607
0.7581461668014526
-0.530798614025116
1.7620973587036133
0.7140763401985168
0.01571851409971714
-0.8479114174842834
0.9750239253044128
-0.5402746200561523
-0.9879375100135803
-1.6020216941833496
-1.1570793390274048
-0.5786460638046265
-0.12048156559467316
-0.013123029842972755
-1.5530552864074707
0.6028812527656555
-0.9416090250015259
0.19021180272102356
-0.7356721758842468
-0.5394129753112793
-0.2959529161453247
-1.6920934915542603
1.1136807203292847
-0.4657928943634033
-0.9553842544555664
-0.43893611431121826
0.8280064463615417
-2.701923131942749
-1.3151895999908447
0.2723901867866516
1.9451065063476562
-1.441914677619934
0.8237016201019287
0.837890088558197
-0.5257352590560913
1.1999727487564087
1.7750320434570312
0.9880808591842651
1.0878089666366577
1.0676348209381104
1.332066535949707
0.17662595212459564
0.09114440530538559
0.25371840596199036
-1.2339818477630615
-1.2253984212875366
-0.5801601409912109
0.64393550157547
-1.005246877670288
-0.627353310585022
-2.0204362869262695
-1.7713825702667236
0.513664960861206
-1.9590001106262207
-1.4553320407867432
0.6906263828277588
-1.3347852230072021
-1.0304591655731201
1.0457137823104858
-1.4174176454544067
-1.3061429262161255
2.0326902866363525
-1.6163135766983032
-0.0761006698012352
0.8449318408966064
-0.5957359671592712
-0.6503317952156067
-0.8375199437141418
-0.6957210302352905
0.7370654940605164
-0.6266272664070129
1.8767164945602417
0.5754997134208679
-0.24589496850967407
0.4846324324607849
-0.2588266134262085
-1.1246607303619385
1.6048123836517334
1.1560773849487305
-0.4798605144023895
-0.4789450466632843
-0.0975537970662117
1.5563232898712158
-0.8140391707420349
-1.2228931188583374
-0.6396399140357971
2.74273943901062
0.2166566401720047
-3.3871846199035645
-0.7551989555358887
0.7600547075271606
0.2908182442188263
0.08388445526361465
0.02092023193836212
-0.5329486131668091
0.01242959126830101
0.7769008874893188
-1.0548515319824219
0.45482832193374634
-1.0994365215301514
0.06288895010948181
0.7453813552856445
0.0840117558836937
3.2354369163513184
-1.1051844358444214
1.172206997871399
-0.12219055742025375
-2.1582181453704834
-0.6798217296600342
-0.7439650893211365
0.9026217460632324
-0.33805426955223083
-1.913859486579895
0.5628987550735474
1.594323992729187
2.1560709476470947
-2.417612075805664
-1.3040752410888672
-0.3305158019065857
0.40462228655815125
-1.250572681427002
-0.6400302648544312
0.9243351817131042
0.8322873711585999
-0.26468467712402344
-0.5356049537658691
3.55046010017395
0.2744312882423401
1.4518895149230957
0.6132737398147583
-0.22030462324619293
0.5874857902526855
-0.5049239993095398
-1.1531187295913696
-1.7798556089401245
-2.308110475540161
-0.8929415941238403
-2.1466712951660156
-2.5933480262756348
0.45587262511253357
0.2045779973268509
0.6847178339958191
0.9760679006576538
1.0191776752471924
0.5731207728385925
0.6152657866477966
-0.7058336734771729
-0.04075238108634949
0.9148240089416504
-0.39920181035995483
-0.14993518590927124
0.1046607717871666
-1.4384791851043701
0.3971485495567322
0.3213706314563751
-0.592349648475647
0.9226017594337463
0.2692233622074127
-2.0878305435180664
-0.18528513610363007
-0.11720138043165207
0.728191614151001
0.60052090883255
-1.252435564994812
-0.4275471568107605
-1.3507137298583984
0.7264355421066284
0.5112981796264648
-0.06229443475604057
-0.5580586791038513
-2.5688793659210205
1.1344377994537354
0.9265401363372803
0.16222748160362244
-0.18220166862010956
-0.8282697796821594
-1.0701872110366821
0.9670106768608093
-0.8279898762702942
1.0664445161819458
-2.1832919120788574
-0.9589335322380066
-0.6935543417930603
-0.37438803911209106
-2.8780229091644287
-0.5226053595542908
0.6345890164375305
0.5589937567710876
-2.1673007011413574
0.9554495811462402
-2.0623204708099365
-0.16650547087192535
-1.117065668106079
-0.7409223914146423
0.06977491825819016
0.21802625060081482
-1.1810933351516724
0.5017879009246826
-0.1871231645345688
0.35720697045326233
0.4254398047924042
-1.5611789226531982
-0.9336039423942566
-0.7725610136985779
-1.7937369346618652
-0.19372662901878357
0.0062283785082399845
0.7659064531326294
1.2414802312850952
0.7080081105232239
0.5409592390060425
0.3412889838218689
-1.9935052394866943
-0.781551718711853
2.6444759368896484
0.9699535369873047
-2.333423137664795
-0.7218797206878662
-0.01141769252717495
0.39178675413131714
-3.241246223449707
-0.6895737051963806
0.11921548843383789
-0.32149943709373474
-0.9242748022079468
-0.24459323287010193
1.582908034324646
1.0025509595870972
-0.9639068245887756
-0.8932263255119324
0.4151468575000763
-1.7766603231430054
-0.5697816610336304
0.6470856070518494
-0.6798916459083557
0.7147416472434998
0.7350168824195862
1.4857993125915527
-0.9749590158462524
0.31387925148010254
1.595537781715393
0.1277843415737152
1.4495213031768799
-1.675076961517334
-0.49054399132728577
1.2940789461135864
-0.09622401744127274
1.0837104320526123
-1.6995335817337036
-0.16009579598903656
-1.2137879133224487
-1.312461495399475
0.5622478127479553
-0.1493353247642517
-0.45602574944496155
0.3181631565093994
-1.7744799852371216
-0.9396018385887146
-0.6203403472900391
-0.8100419044494629
1.0998389720916748
0.015450279228389263
-1.1768302917480469
0.9098929762840271
-0.3749581277370453
2.140922784805298
-0.19950464367866516
-1.3738112449645996
-0.184159055352211
-3.10906411726819e-10
-1.402092456817627
1.025009036064148
0.6100023984909058
-0.22218400239944458
0.6047758460044861
-0.549819827079773
-0.33676084876060486
-0.20426654815673828
-0.12218154966831207
-0.04785914346575737
1.388071894645691
-0.2610310912132263
0.1956484615802765
-0.7471628189086914
-2.96026611328125
0.37987402081489563
-0.3583470582962036
1.3402115106582642
0.520134449005127
-0.6560895442962646
-0.45847007632255554
0.6998422145843506
0.09971457719802856
-0.615516722202301
0.1706700474023819
-0.25315114855766296
-1.3888353109359741
0.30906644463539124
-0.4169805347919464
0.7341996431350708
-0.27512213587760925
-0.8835107684135437
-1.2413311004638672
-1.0373986959457397
0.14440251886844635
-0.037332192063331604
-0.21723619103431702
1.3105981349945068
-0.4826880395412445
-0.15882374346256256
0.6734287738800049
-0.13911424577236176
-0.7139921188354492
0.256279319524765
1.7741862535476685
1.2132978439331055
-1.4062979221343994
-1.0644538402557373
-0.2500858008861542
-0.9714750051498413
0.6437059640884399
0.050811391323804855
-0.5874279737472534
1.4556324481964111
0.20358534157276154
-0.7715915441513062
-0.026519393548369408
-0.3743615448474884
-0.6041581034660339
-2.608311653137207
-1.6849782466888428
0.09724608063697815
-1.7172597646713257
3.8419547080993652
-0.4567660987377167
0.9304409623146057
-1.0602374076843262
-0.56593257188797
-1.3328158855438232
-0.2075050175189972
-0.6300231218338013
0.02933499403297901
-0.39195454120635986
-2.4550113677978516
1.1543866395950317
-0.0563843734562397
-1.7217423915863037
-0.48995691537857056
0.9378875494003296
-2.3221826553344727
-1.1835765838623047
-0.1539318710565567
0.08448032289743423
-0.13892745971679688
-0.6105665564537048
-1.5018556118011475
-0.5727312564849854
1.216488242149353
-0.646271824836731
1.0058801174163818
-0.6656496524810791
-1.2834068536758423
-0.4994087517261505
-0.44293704628944397
-1.1058318614959717
-0.6220724582672119
-0.10925068706274033
0.09113077074289322
-0.891043484210968
1.2349759340286255
-1.419249415397644
-0.09353581070899963
0.4605695903301239
-0.6152145266532898
-0.18873631954193115
0.3435053527355194
-0.3945711553096771
-0.9880118370056152
-1.6053614616394043
-0.04080221429467201
-0.8109731078147888
-0.7600293159484863
0.27509066462516785
-0.4008972942829132
-0.7289146780967712
0.15029023587703705
-0.2980489730834961
0.2375493049621582
0.09337247163057327
1.2159924507141113
-0.5478878021240234
0.12048369646072388
0.13811719417572021
1.602717638015747
0.315527081489563
1.6167163848876953
-2.569269895553589
-0.2292814403772354
-1.3880854845046997
1.0304298400878906
0.8795658349990845
1.3062058687210083
-1.3196961879730225
-1.3561723232269287
2.187495231628418
1.7886887788772583
0.2158724069595337
-0.09334195405244827
2.20500111579895
0.423661470413208
-0.5458948016166687
1.1585257053375244
-0.9200773239135742
0.8886933922767639
-1.0636320114135742
-1.0108251571655273
-0.33833637833595276
0.1968158334493637
-0.5545280575752258
0.9918935894966125
0.7944794297218323
-1.158241629600525
-0.5837247371673584
1.501473307609558
0.05531871318817139
-0.17629335820674896
-2.340996265411377
-0.9385553002357483
0.20252618193626404
0.47541317343711853
-0.36331799626350403
0.052264440804719925
-2.08693528175354
1.3060575723648071
1.2332321405410767
-0.6095467805862427
0.09799055755138397
1.9995887279510498
1.7253626585006714
-0.9671589732170105
0.304089218378067
-0.6381216645240784
0.46627363562583923
0.020672356709837914
-0.15912941098213196
1.0960886478424072
-0.6355883479118347
-0.882131814956665
-1.4902950525283813
-0.2864709794521332
-0.6612516045570374
-0.7964224219322205
-1.3650729656219482
-0.07496204972267151
-0.8641930818557739
-0.7317495346069336
-0.45295149087905884
0.14475972950458527
-0.9811689257621765
-0.11410550773143768
0.8527358770370483
-1.037746787071228
0.42233139276504517
-0.7161090970039368
0.03794838488101959
-0.9674244523048401
1.0532950162887573
2.3854820728302
0.1274135708808899
1.64864182472229
0.17210282385349274
-0.8299390077590942
-0.3483612835407257
-1.0649361610412598
0.33736661076545715
0.0014774819137528539
0.05810796469449997
0.33523228764533997
-0.3470897972583771
-1.0044689178466797
0.1340698003768921
0.6197831034660339
0.1536780446767807
0.38500213623046875
0.38639938831329346
-0.2662869989871979
-0.01368613913655281
0.5481610894203186
-0.27494609355926514
2.1389122009277344
