0.8188977063145846
0.6087711088527324
0.8159673949908234
0.7523456377776201
0.8741159474435845
0.8832683303295719
0.8103052065249272
0.6655506833994402
0.7213715228438338
0.7508225387350504
0.9319605636971353
0.6936063392632709
0.7451544322533412
0.7399332129780152
0.784812328720469
0.8418227620049838
0.5694891965643506
0.8252661397118995
0.8836442258736951
0.8012770524122369
0.7972749647297134
0.8278584398919883
0.9002101565407816
0.8345475170647764
0.786746723545211
0.905806078081128
0.9978562328911028
0.7035251418110211
0.9021634740375392
0.7555340292340226
1.122680742796986
0.7011265951428535
0.7321716782948107
0.869528839025728
0.7624889770086266
0.8242284843267735
0.7849866092050007
0.9669544196723111
1.1732696681378767
0.6980648094396568
0.995744687900649
0.9753689671786582
1.0252980571126058
0.6932832365972613
0.8227128727944559
0.7612788261630856
0.9421576897252933
0.8116138914080399
0.998764473353087
0.7474930993211341
0.6868537863804258
0.7221558860815198
0.6620174655195001
0.6745022137409754
0.8669383822195907
0.8402114849439769
0.7505639743693566
1.1635302976065927
1.201593023539988
0.9994662534122399
0.9073937602948768
0.8478270755334659
0.9618941783418337
0.8085808210583216
0.8485625810962398
0.8761107416547944
0.7383763172763681
0.8988463165285818
0.877521601354004
0.6894591211160893
0.9943537820006477
0.8638961540814808
1.1724170503372806
0.742814420281136
1.0080308667558346
0.9506240682202349
0.9012882356297234
1.0469711377994189
0.9525470299511719
0.7317814263677834
0.8306995970307495
0.9157740623297492
1.0038178168506873
0.8457034497689908
0.6849512067875366
0.9315175298146021
0.8270530678490796
0.7438524230187296
0.6389278501319058
0.7691031961163585
0.6894398638176668
0.9011394908627299
0.9573917010940353
0.7080909087147109
0.9039300365170214
1.0448985791613161
0.9053773037645333
0.8560423375047618
0.5783256345514969
0.8662304525660708
0.6703110486350542
0.7641147282073971
0.7482539043738874
1.2912636480505657
0.989928797415493
0.5862998460510822
0.6996284314429758
0.7333992996312343
0.7829253816212616
0.7398287672320306
0.8137265343512936
0.925164164847696
0.9150003110645369
0.9242721753709167
0.846828749966795
0.8233440952781718
0.6642971394401633
0.7741538772580523
0.6854272815690164
0.7297474453010027
0.7518732287480395
0.7546625727926066
0.7356014244041944
0.6793411607219616
0.7826139451814894
0.8596893850768321
0.6384617038420338
0.9830992838508792
0.8863912377850535
1.1699671974637469
0.9392187326875824
0.8267292357871877
1.176941289022433
0.8599685428100279
0.7468569468467118
0.9116136144117726
0.7919205456938126
0.7616862447992332
0.8005724459216517
0.824269956326911
0.8588666007161853
0.6230486551576254
0.8293180766115446
0.7220707027814995
0.7028622757792652
0.802509813516098
0.8732746080196139
0.735036033668325
0.9293424852810859
0.9493857096707751
0.7226102748783338
0.6752569652566754
0.7408702289832512
0.7320548077581962
0.7588115758906743
0.6441380875388852
0.726553033582484
1.023620158661175
0.8273652466024621
1.3756056495563802
0.7969634891819962
0.7331240618375351
0.9359520917719807
1.1048490914911737
1.2284605372560646
0.6232096165221755
1.1150679647148094
0.6768242924612539
0.8929056185669152
0.8818508148121248
0.7567657326309594
0.7447881896108991
0.7944113932991119
0.8604163784245216
0.9684546609880115
0.9323546103996798
0.7938742974346826
0.9085867521848024
0.8066271105504736
0.6639687288386367
0.8255659985306082
0.7109401080743928
0.8276991276709584
0.668759005298768
1.005223911355756
0.9376205753353732
0.7754112727493315
0.8517026948928972
0.8019599321896805
0.7697271965467566
0.729972271457946
0.8374547724112333
0.865734264762836
0.6232912650251655
0.7979254518096665
0.7012596911000409
0.8120193973253905
1.0949232407233722
0.8529634838427343
0.9132062444242808
0.7302716327246019
1.0694424849708297
0.7518648255659452
1.0732196730108312
0.6758362947658593
0.9708928808415095
0.7995744577749802
0.8500531746556368
0.5853233280188472
0.78711483543149
1.2949822923193406
0.9820738709880968
0.7087687946364002
0.7535915297369349
0.9508023404969234
0.6336554912771984
0.6285910066738664
0.7515028843066105
0.758405756653494
0.8633169871394332
0.9709552833738297
0.605745226143396
0.7190023566354641
0.9231022962543076
0.9546755456254031
0.9113180322983445
0.9676868146975118
0.8488163622389147
0.768326226020207
0.9993517448195918
0.8581636809919878
0.8910131183005346
0.7852076505470967
0.8022281587979261
0.7259334267523755
0.8442609870112132
1.0765881078855215
0.6358230335964589
0.6084005299343909
0.732031317418766
1.0955491450023114
0.6522929790178628
1.3289973191549274
0.7225611532789552
0.9181441513982906
0.9327807606675959
0.784442452497838
0.9161766322635266
0.7368896211786483
0.8428160555110018
0.8096271569849199
0.7900927103545209
0.8273161848769603
1.3072940399432076
0.8941399735847924
0.7654179357671487
0.8741114469917923
0.8402725621071212
0.7650613935306919
0.6927546361109359
0.8023937167438903
0.6245479482442216
1.2250688829323342
0.9137954066066967
0.7577719615043103
0.6612169768771512
0.8786549260894377
0.8923223355515312
0.9733437009535761
0.7975755946287091
0.8786148678777042
0.7440777535699455
0.8911735189400465
1.0246253426776837
0.8555001106262136
0.7316415608935218
0.774683756140264
0.8003518499064531
0.8462353664806473
0.7270894023201115
0.7367677955847068
0.8532984901618721
0.7233925533956571
0.8776121391741722
0.8157348140877803
0.8308634273571913
0.8812317736749659
0.917648169067698
0.7453031981585506
0.7288618401739575
0.857418406694562
0.03162277660168379
0.7195954208669383
0.7521842389735369
0.6100478842185926
0.710590790098778
1.2861677836397276
0.7978600870561853
0.8410700239066236
0.7411972754705785
1.139440606551638
0.8656700265790063
1.1868817380339247
0.8055009606448601
0.9117493081222264
0.7170413986688201
0.9303105683798402
0.7949246574184451
0.8270542569818813
0.7516511470675542
0.8627842716627131
1.0048824926733577
0.8386559968963547
0.551140023979967
0.7431726128265521
0.7655934002641648
0.6970479381131008
0.7810124309200123
0.6923946800775184
0.8895565522664514
0.7628127322886175
1.0250709606821855
0.6784989594217528
0.8399238447454173
0.9482492343628958
0.8298954380194542
0.7670931544824322
0.8229400049755103
0.9693414118326081
0.9192213632098086
0.7306515558146744
0.7916526288912801
0.893624965751499
1.2211160243096248
0.6859492331785199
0.7803604866522349
0.865280777558797
0.8152141799216664
1.1022351751786286
0.7711317281443417
0.7906532575058322
1.0146882422150487
0.8648585488311884
0.8393353441631943
1.0069319912429058
0.7796606000338334
0.8628958697524445
0.7794784378754569
0.8215886758063838
0.843607368281596
0.757925132010735
0.6938877388250904
0.7719562185082841
0.6154616267888113
0.761992780486021
1.0626946780303312
0.7284614283470446
0.7984437728008356
0.9446945761044276
0.7433503213432338
0.715832644992567
0.9015883951418494
0.7421676318269946
0.804133630742715
0.6884818312423066
0.8908619219549446
0.9603938360803679
0.8974975052482764
0.9310392351190605
0.7996244762133299
0.7682033338093539
0.8315327979298535
0.7125467894064964
0.626870632555762
0.7785787008853312
0.8363342133843403
0.5712243050153272
0.6292133749956546
0.6267367653835988
0.8158581081235525
0.7905293122538609
0.8457210341885288
1.139697631088008
0.7141461002485083
0.6988816633021121
1.0203997312121484
0.6743914128269296
0.862566594856205
1.0470097929306175
1.0831044852311038
0.834219163493361
0.7908664973841811
0.7627514696535289
0.8687765054295687
0.7904008606446558
0.8130327904600095
0.7248839078231868
0.7562727954676132
0.6553994623421218
0.7784559724102194
0.7893872571342418
0.9463814993511591
0.8017751421339113
1.1312578574060523
0.845883188297398
0.8219371951977711
1.0657218222386318
0.9357359889268448
0.902070775080449
0.8238649455379978
0.6342810188169369
1.1376657432282666
0.7908840198439614
0.9439781865513223
0.8973283046141748
0.7203726164582943
0.6159632269732808
0.8684285610709417
0.8576616448503596
0.7445121985256585
0.8369522430007917
0.850387505108109
0.8873363214992285
0.8590643656333296
0.8646897167953569
0.7917887440637071
1.2185819758474812
0.7944849567561622
0.6558761765382428
0.6220670650762715
0.7039205169078682
0.627482144873044
0.7934268404712985
0.8806641767463264
0.795719813460722
0.8997801729460202
0.7110104456776725
0.6535300343185294
0.6729403506580259
0.7716684712237136
0.7164596145040141
0.817038595663007
0.7592298178956329
0.7774832601677051
0.7777536822249951
0.911410281209861
0.8678393694489012
0.8635520067197945
0.7116313615196661
0.8887759042068547
0.5098522428973699
1.0083716332173818
0.7018043711139967
0.7476946134700012
1.0031283802201312
0.8184938603790193
0.7007919691748087
1.145712785286663
0.8827449204226626
1.2247754148021572
0.9946303509573915
0.6659261342890764
0.834389767748269
0.7348217605976771
1.0958413216380702
0.7179534983545666
0.7717581817321775
0.7922344177317105
0.989916122909933
1.0046621131359237
0.7577522181494506
0.8172614702695833
0.6541952351894292
0.7035365369400951
0.8883188478268138
0.8924347147852377
0.8854979531766907
0.6689030416902244
0.7657618192532119
0.682461360494358
0.8307842963569811
0.724435634955213
0.8239677450524261
0.6745289225446476
0.8954684155366532
0.7599008323569495
0.8040500899957275
0.7813339270715877
0.7755773676310169
1.017256415826192
0.8270587972913979
0.8227978871891896
0.697853256039896
0.6167377434399078
0.8427463926217166
0.7325502905002701
0.7106950457968011
1.0135754729719935
0.8181884957219258
0.8497783700124532
0.7512120235066907
0.894031542202376
1.033334279265022
0.6780887179183367
0.8556009204783755
0.6653720382203124
0.7512802171263301
0.7797472889208835
0.7426204107887899
0.769026158360419
0.7333178201754068
1.2924151942102289
