0.8643609528631031
0.714815909088456
0.8653689799779203
0.7893232241917012
0.839599084603827
0.6842060166154343
1.0316250210513231
0.9749115749756251
0.7000270930224226
0.9963040961077504
0.7286354852413762
0.9117184837883542
0.8261002030543572
0.70654812386088
0.8489756784987984
0.8865297163400384
0.9527280079533846
0.8985164181754132
0.8635360968532482
0.9892518841790839
0.62557066690063
0.701680786254274
0.8190654254789769
0.7909678208211279
0.7446009782800593
0.7517813832132697
0.9153632410219569
1.0820078717401973
0.6392370734505975
0.7680819739760517
0.90620781425419
0.8536396841153947
0.9016693110142242
0.9538886096269893
0.7884208115585438
0.9238914553849457
0.9576928235409997
0.9998249918863211
0.8421644648584748
1.0162554388147063
0.7845215092950609
0.803585453958577
0.8241721123250929
0.7034678456604527
0.9350161778483487
0.8279647749880807
0.6776406266071883
0.7343108054165951
0.5145161419088864
0.9551256231498907
0.6596551704887641
0.824452198685576
0.9448845648525572
0.8452241247098405
0.7959604893372142
0.6535631633827044
0.7736273336469321
0.8198713739044221
0.8140368311490541
0.8057940833767598
0.9788793383869848
0.9121112444774738
0.716895165463276
0.9253910776751512
0.891398185138511
0.6419805381653377
0.8984760845357694
0.7760354621861065
0.8678245340844677
0.5999628431020572
0.955757327601237
0.6654434303900105
0.784797974485103
0.7700861064647814
0.8416428291294064
0.9344797827103771
0.853567622575865
0.8295689074572701
0.7549755524472901
0.8651068949938673
0.7674356271419729
0.7504635100188699
0.7938498582878643
0.7773445250540852
0.7388494501447829
0.7366347836877694
0.8032041865396438
1.0572016727626237
0.9427961548983758
0.8260632965668218
0.7534713762183843
0.9210831495456436
0.9023054111807607
0.9422242727109902
0.897699375162484
0.7428878377504501
1.0416565034497693
0.7299040469377146
0.9994571886268507
0.8840303786137045
1.003793055939887
0.8285756312343582
0.97704456534403
1.043208211662
0.8608221948191696
0.8650590780513097
0.7254456258781938
0.7821810406834616
0.8338270987303588
0.6893083767761992
0.8225508610963039
0.8636338982067783
0.8094493822950659
0.7030734028852103
0.6478700207256355
0.7945045750283999
0.031622776601692146
0.770395141254089
0.8154835288175385
0.721769343979438
0.9294226843395896
0.8600318900560909
0.9184071314964307
0.6511451636077882
0.7773594386372232
0.7300349784988718
0.8642475094283469
0.7179785700179392
0.6956503493496301
0.662018005728394
0.8019501585610549
0.6741603625356053
0.728782266128255
0.8983163906568655
0.8741232776753071
0.9777441037555489
0.747491026094084
1.0394912986813212
0.8564753846964382
0.9379754836695295
0.7441795605663432
1.2059856247622434
0.8683520982500053
0.8667045216056963
0.9846483854892415
0.8459503381978832
0.8293607674062384
0.7370931447096536
0.806705434047602
0.8138640110877576
0.7665928237708531
0.7427412764281884
1.2429665867219006
0.8573108928343037
0.8914113577346167
0.7643038665286372
0.8121066687806265
0.9527410833381442
0.6733454301033901
0.7959376119696693
0.8038700068156658
0.807258801945971
0.8229048762060296
0.7743657722569898
0.7456249428275024
0.83927845994081
0.6290760979506876
0.9375426669266268
0.8383142859783245
0.7948614829927197
0.8527091894480228
0.8455012907788729
0.8116973512856106
0.8109043745210095
0.784504110645249
1.0697587861700757
0.9815883313180317
0.8604587039115155
0.8107305558890492
0.7721147966295859
0.9040782232727038
1.0828790535778843
0.8079959010407373
0.7957121729535321
0.8941278744542973
1.023514758273393
0.8710908493198972
0.9677495779412506
0.7765176962010768
0.6624074941505481
0.7860684089010892
0.8261996222992668
0.8823595223723669
0.7944578354788051
0.9798785927073187
0.9541420190173624
0.8213305456183342
1.1797888305798827
0.9160243187595507
0.8042550717977414
0.8047716491550774
0.8481877929336191
0.7781866369385881
0.8620331045064775
0.7026089667591529
0.7498167217746609
0.7298312834203969
0.7497641755328845
0.8481131949337576
0.7134869405731535
0.8011047906563085
0.8810559314743525
0.6169282980236388
0.9028916851531602
0.865300306163325
0.7634757964763961
0.8748288060700574
0.8058836931339928
0.8294643229813489
0.7880348166674622
0.9216200012294979
0.6563274345126412
0.6952232438994748
0.9198862774677697
0.8151453023814824
0.7595058366125578
0.8561141907406002
0.8332619395826998
0.8023341762785002
1.049518186741491
0.7938849212838611
0.8037139490564781
0.8462623074649424
0.9645060273590732
0.7132923495545672
0.760681628499115
0.7993583212776019
0.8164533470477208
0.7375905763641623
0.7594787611537575
0.830118738091943
0.811724373850281
0.6793164398376732
0.8251411091896755
1.0208445663353127
1.0032408536279727
0.805137183305833
0.701226499167106
0.7208521501661346
0.8185051113544649
0.7942932123418869
0.7750079160716714
0.7126857605762125
0.969731179033337
0.7892801047435879
0.7649951685958586
0.7810239547250194
0.7508348831248263
0.8119496247939108
0.6582238719172042
0.7387097529438682
0.6634593565436115
0.7575372103877607
0.8067703407307437
0.8649870375946431
0.9089445378680853
0.8326999758626367
0.7683144341859278
0.9104865204631861
0.9439233145823358
0.7155757643907702
0.721971557236584
0.9750146796270717
0.76978186446691
0.9785278446249237
0.9096423885334196
0.777431510533601
0.8604429100289381
0.8058377245362912
0.7258948351588939
0.8289841645319338
0.7884241379532803
0.7381876413249762
0.8821483313377947
0.6622212730533545
0.7802694734895201
0.8235347573102837
0.7404426227829318
0.843799279363324
1.0416063194087597
0.5783061808644179
0.80934481236782
1.0380910825844099
0.8356387314278104
0.5482560684191798
0.9731331453858352
0.7669503638334485
0.8801700310734588
0.7061229885300241
0.7352765906466493
0.6803702166373572
0.9856455706552437
0.9352692836434547
0.7167612515362395
0.7961734681651134
0.8007162380717299
0.8856726106109938
0.7440882873552522
1.0223030971470854
0.6875513974831151
0.8754720169488456
0.7119647230586887
1.1030166771631775
0.6508765351695137
0.8373455138560725
0.8509706388332564
0.87395589440922
0.6848689459296244
0.8256369666272632
0.9771015423919588
0.8220314259937694
0.8324909002935124
0.773032312164459
0.8846149515355048
1.042996844538362
0.6140575096179963
0.797772639317672
0.80304506757592
0.6931562836985268
0.9428275752798434
0.7995342022138866
0.9383527125350017
0.8689238619927344
0.8743757751548663
0.5808419598121699
0.7563148413989861
0.7927093914557942
1.1706689150791545
0.9818650965006014
0.9324986316681096
0.810806608422876
0.6725214671853035
0.7382440392537436
1.1052146920546466
0.7698934725356746
0.8612199301377124
0.7322443313457359
0.7870797358912468
0.844979739877367
0.8590930204218745
0.6078631998211504
0.8053608351602579
0.8367857227182397
0.7364128414565663
0.9908735395497512
0.8139023129358269
0.7310923486293823
0.9243662266189177
0.8708855150337286
0.7724865631984242
0.7577163484275481
0.7940094687428149
0.8429030022776207
0.6406666679787545
0.8831086199213932
1.086532463161045
0.7512710932659977
0.9269167287620115
0.7971005668777864
0.7730464993514988
0.9308250333187721
0.9620732121673841
0.772125063710444
0.8753229027715221
0.9127010481931942
0.8824671590059828
0.8515542131773182
0.7504527480202258
0.6360846663641442
0.8265039742703665
0.7799379476293304
0.9005104106405079
0.8188692827183823
0.8078532201660408
1.0715555147536853
0.7806371656436525
1.031604105408817
1.1104293223238968
1.0285659081163308
0.8348380806109441
0.9022874431794581
0.6373943987503611
1.1342368074843412
0.99067549399319
0.6806550742476735
0.7862672381793209
0.8033294779604551
0.7560977300139883
0.8394852770456634
0.8765271421430962
0.7350230184830201
0.6388518854242838
0.6205652599259897
0.8937248431846739
0.781780452546256
0.9272103917066997
0.9399546663533018
0.8080950029415751
0.8551782338045261
0.7976656793079995
0.764949703807089
0.806213458512096
0.8203547954009728
0.7230521366663673
1.133949635519217
0.6363944048286109
0.7685201834818496
0.754355152314657
0.9797387681897879
0.8111246358347731
0.8460792679749286
0.8179580766478827
1.037335594663468
0.7045786651337873
0.8470016348213893
0.6844131013201508
0.7203635562171111
0.8484494489808401
1.002371694007309
0.7901421597691477
0.7455364049316027
0.7713062019211565
0.7381553427897893
0.7065352587908638
0.8365503084978011
0.8468164323775569
0.6659057041420002
0.9084019011827409
0.7597701836378141
0.8864517890936651
0.6635205117470935
0.9267718722178373
0.887557157368372
0.8770052281727342
0.735046615938846
0.680157234546975
0.6087884386369667
0.7624314017784863
0.7416688498632752
0.7975896815395866
0.7736999072744022
0.937076925055367
0.7730859368215232
0.8485608952890555
0.7994062655301915
0.82306330595195
0.8474921921564492
0.8114354868763028
0.717829247870096
0.9332441119282406
0.8875326787278224
0.7439770542703122
0.8886692999833916
0.7233834073830754
0.7411621727463698
0.7836860144503969
0.7063680337492512
0.7514894404757634
0.7552107052119048
0.7509093023967844
0.9402137648221792
0.9039772479266178
1.0073903468546708
0.7204579177998501
0.6709773794758737
0.8381251726143223
0.9161640434486661
1.0261771309336456
0.9589491397887422
1.1854054202511128
0.8095366362963331
0.9363141257680202
0.924785165582711
0.8180790684150295
0.7799903333505097
0.8191262966025243
0.7995364014126173
0.7141402578274691
0.9269537029433348
0.6045425820983158
0.7995405761461095
0.7986582537092799
0.8801855725537686
0.7223664900236711
0.9474654851177967
1.1344971650392055
0.9120468417506821
0.7875353781004356
0.8607249395980798
0.9047511371901598
0.8917282771872764
0.6693988110877934
0.8856598574092218
0.5252549923673605
0.6544518684483523
0.6150463103094155
0.7626077488297206
0.7683445340358634
0.735859738268926
0.8243629443694871
0.8944971408254561
1.0030358015195389
