-1.2568002939224243
1.176727056503296
2.128324031829834
-0.43908849358558655
0.8898677229881287
-0.6961086988449097
0.2668875455856323
1.9645599126815796
-0.12126471102237701
1.6270530223846436
1.3784031867980957
1.1109329462051392
-0.89127117395401
-0.06747937202453613
1.0685681104660034
0.8049933314323425
0.8675199747085571
-0.6729103326797485
0.2207183688879013
-0.18503238260746002
-0.2830098867416382
-0.051191188395023346
0.845820426940918
0.39846378564834595
0.1933021992444992
-1.5765800476074219
-0.7742578983306885
-0.6019788384437561
-0.17033590376377106
0.42894771695137024
-0.4577292799949646
0.09862173348665237
0.4172946810722351
1.949567437171936
-0.3120483160018921
-0.9111521244049072
1.1275455951690674
-1.1618036031723022
0.9049690365791321
-0.6059146523475647
1.376552700996399
-0.2563217580318451
0.8063695430755615
-1.1732453107833862
-0.3585861325263977
1.1289304494857788
0.3874666392803192
-1.2944670915603638
0.3850690722465515
0.39416345953941345
-0.37135079503059387
0.9900520443916321
-1.8491469621658325
-1.232184648513794
0.6961838006973267
1.2595999240875244
0.21676592528820038
1.3025474548339844
0.4405849874019623
0.6267590522766113
0.9591473340988159
0.40004169940948486
1.7204159498214722
0.5762726068496704
0.12100493907928467
-0.18682527542114258
0.7387193441390991
-1.3359887599945068
-1.0826356410980225
-0.23607006669044495
-0.075903981924057
0.2501985728740692
-0.8033755421638489
0.7379875183105469
0.7586039304733276
1.4919975996017456
1.253220558166504
-0.08272593468427658
-0.04650399833917618
-0.03740296512842178
0.39476877450942993
-0.015171367675065994
-0.6187363266944885
-1.6798771619796753
0.10669814795255661
0.1637555956840515
-0.9998269081115723
-0.622620165348053
2.3709850311279297
-1.9872550964355469
0.6655983924865723
-0.7189877033233643
1.0743564367294312
-0.6524876952171326
0.5467070937156677
0.4456494450569153
2.258375883102417
1.3535462617874146
-1.0465189218521118
0.3217393457889557
-0.7216699719429016
-1.095164179801941
0.6654670834541321
0.6529455780982971
-0.09803297370672226
-0.6101239323616028
0.19657665491104126
0.033414989709854126
-1.9324440956115723
-1.0532532930374146
0.2863619327545166
0.6491512060165405
0.8435651659965515
-0.45941606163978577
-0.011507033370435238
-0.5499998331069946
4.9772761911981434e-08
-1.929402470588684
-0.39068448543548584
1.8042351007461548
0.36696290969848633
-0.3610558807849884
-0.6570619940757751
-0.23156358301639557
-0.5668148994445801
0.05773749202489853
1.1105645895004272
-0.6642262935638428
-0.02348390594124794
-1.0544897317886353
-0.4928170144557953
0.10182315856218338
-0.11425383388996124
0.39987415075302124
1.0090453624725342
2.332923412322998
0.05968104675412178
-0.3935752809047699
0.705853283405304
-0.741900622844696
-0.16065435111522675
2.9378840923309326
-0.27322375774383545
-0.00933228712528944
-0.1703248769044876
0.2409147322177887
-0.5604249835014343
-1.781034231185913
2.343897819519043
1.2757306098937988
1.2958273887634277
0.79646235704422
-0.6328878998756409
2.0049688816070557
1.8572640419006348
-0.18070946633815765
0.10217147320508957
-0.8286349773406982
0.9318261742591858
0.7041521668434143
0.26584872603416443
-1.2917348146438599
0.5268027186393738
-1.0281647443771362
-1.7882893085479736
-1.742018461227417
-0.5238117575645447
-0.09351182729005814
0.05412420257925987
-1.5615284442901611
0.9017088413238525
1.0626246929168701
0.4731471836566925
0.8920279741287231
0.8521292805671692
3.3802592754364014
1.3659961223602295
0.04069461673498154
0.3884519040584564
0.9986624121665955
2.6967954635620117
1.6606056690216064
-0.8292973041534424
0.9567632079124451
0.15543906390666962
-0.5071802139282227
-0.35356593132019043
-0.49175581336021423
0.379052072763443
-1.1751627922058105
-0.5870054960250854
1.4758508205413818
-0.260172575712204
-0.011383291333913803
0.0627129077911377
0.10545981675386429
-1.0010056495666504
1.024462342262268
-0.3882753849029541
-0.9308446049690247
0.4660641551017761
-0.19784478843212128
-0.09510380774736404
-1.0632076263427734
0.5470961332321167
1.5431921482086182
-0.10822363197803497
-0.8404877185821533
-1.7794133424758911
-0.8658801317214966
1.972516655921936
1.2239937782287598
0.6360490322113037
-0.23131586611270905
-0.46033981442451477
-0.052324142307043076
1.5682519674301147
-0.291401207447052
-1.8797416687011719
0.01829995959997177
2.4526114463806152
-0.42771100997924805
0.5875639915466309
-0.8377016186714172
-0.503272294998169
-0.47535914182662964
-1.1148782968521118
-0.7816925048828125
-0.3122729957103729
-0.2667034864425659
0.8910652995109558
1.3102445602416992
1.9937314987182617
0.05673787370324135
-0.5775200128555298
-0.6205141544342041
0.29891544580459595
1.0106589794158936
0.27114003896713257
-0.37372520565986633
1.6298232078552246
1.733343243598938
0.1792711317539215
1.2932742834091187
0.3605988025665283
0.8670394420623779
0.9532513618469238
0.7716612815856934
0.018680932000279427
1.452985405921936
-0.9751203656196594
3.3527653217315674
-0.10420140624046326
1.1751381158828735
-0.26572856307029724
0.11868792027235031
0.39275720715522766
-0.46383944153785706
-1.6617096662521362
0.5128028988838196
-1.5646007061004639
-0.47793468832969666
-0.4177378714084625
1.5399335622787476
-0.06436295807361603
1.8900865316390991
0.4458385109901428
-0.10987593978643417
0.8068901300430298
2.507526159286499
-0.3546791970729828
0.9697204232215881
0.2971141040325165
0.5849612951278687
-0.37679556012153625
0.18581892549991608
0.2741851210594177
0.3762180805206299
-0.5519508123397827
2.8251423835754395
2.128830671310425
0.23046936094760895
0.5025401711463928
0.46999913454055786
0.6376116871833801
2.534656524658203
-1.7064679861068726
2.5870285034179688
1.323931097984314
0.7252354025840759
1.2357412576675415
0.034613680094480515
-0.9747393131256104
0.7157543301582336
-0.1915537565946579
1.0185595750808716
-1.3459439277648926
0.3511006236076355
-0.8050612211227417
-0.8789240717887878
0.5236446261405945
0.8359499573707581
-0.5775854587554932
-1.3113527297973633
-1.0730633735656738
-0.16161683201789856
-0.8949474096298218
-0.12987293303012848
-0.007595093920826912
-0.9681146740913391
-1.0395727157592773
0.7483872175216675
-0.013333317823708057
-0.29877588152885437
1.6296154260635376
-0.17408360540866852
-0.413542240858078
0.5656545162200928
0.5325431227684021
-0.7405927181243896
-0.25338229537010193
0.5564740300178528
0.3077264130115509
-0.9124611020088196
-0.2914435863494873
0.6014472246170044
1.1141483783721924
3.0382840633392334
-1.1457030773162842
2.0861613750457764
0.5286591649055481
0.5171114206314087
-1.1284312009811401
0.9802313446998596
-1.2867465019226074
0.06501191854476929
-0.21244490146636963
-1.599043369293213
-0.924543023109436
1.3923008441925049
-1.9294662475585938
-1.1185230016708374
1.0665711164474487
0.6155012249946594
-0.48101094365119934
-1.094230055809021
0.8405635356903076
0.20803111791610718
-0.24711154401302338
0.7265751957893372
-0.12711985409259796
1.0044764280319214
0.45782849192619324
-0.6693299412727356
-0.39776697754859924
-0.4096616506576538
0.6350064873695374
2.397064208984375
0.5311409831047058
0.5212454199790955
-0.44820040464401245
-0.7074995636940002
2.2324209213256836
0.8529009819030762
0.8468890190124512
-0.4071989059448242
-0.9878395199775696
0.1171242967247963
-1.6535625457763672
-0.9739068150520325
2.8736557960510254
0.6334618330001831
-1.227039098739624
1.4446405172348022
0.6650204062461853
0.6590384840965271
-0.17263156175613403
-0.474054217338562
-1.1360219717025757
-0.44306299090385437
-2.264162063598633
-1.7687890529632568
1.0863144397735596
0.4343113899230957
-1.4021583795547485
0.8365821242332458
0.4194604754447937
1.9021633863449097
-0.6896355748176575
-0.5806729197502136
1.8504753112792969
1.1575475931167603
-1.2558014392852783
1.0350704193115234
-0.27453601360321045
0.8408364653587341
0.18248477578163147
0.5891315937042236
0.8427501320838928
0.37825801968574524
1.5563229322433472
1.743734359741211
0.49364420771598816
0.22793588042259216
0.6571046113967896
-0.5109818577766418
0.5716835260391235
-0.752277135848999
1.507140040397644
0.43404364585876465
-0.6694588661193848
1.4986772537231445
0.4712112247943878
1.3558783531188965
-0.4156617522239685
-0.911414384841919
0.2991049289703369
-0.23729921877384186
1.9831297397613525
-0.13710428774356842
1.1880215406417847
-0.22967803478240967
-1.546132206916809
1.9329886436462402
-0.3826192021369934
1.0906414985656738
3.157557487487793
0.9746425151824951
-0.06880517303943634
-1.757819652557373
1.8635106086730957
-0.5519595742225647
-0.43284910917282104
0.45764145255088806
0.5286148190498352
-0.21726073324680328
0.34195056557655334
0.19559848308563232
0.3937266767024994
-0.06593453884124756
-0.0820653960108757
1.7953227758407593
-0.8062477111816406
-1.909630537033081
1.3564637899398804
0.9041114449501038
-0.23042595386505127
0.7323063015937805
0.73675537109375
0.11748496443033218
0.2187490612268448
-0.08549270033836365
0.05634118989109993
-0.24242472648620605
-1.1066904067993164
0.2764526307582855
3.264901876449585
0.13803952932357788
-0.11928502470254898
1.1270133256912231
-1.0427197217941284
-0.9343383312225342
1.0906691551208496
1.116005301475525
0.022080153226852417
-1.0452630519866943
0.7396260499954224
0.8643052577972412
1.7563109397888184
1.5857540369033813
1.827526330947876
0.03849927335977554
0.09921231120824814
1.2052665948867798
-0.7859076261520386
-0.6025877594947815
-2.495029926300049
0.7172646522521973
-0.9065716862678528
0.3000986874103546
-0.4162803590297699
-0.9651654958724976
0.7751647233963013
0.9521871209144592
-1.1579434871673584
0.5295482873916626
-0.43749260902404785
-0.3661676347255707
1.8091851472854614
0.935985803604126
1.0179141759872437
0.6685450077056885
-0.15312108397483826
0.5239102840423584
-0.6052083373069763
-0.005683815572410822
0.10538995265960693
-0.7165743112564087
-1.4622900485992432
1.5165529251098633
1.3102920055389404
-0.7802357077598572
0.1540718972682953
0.9130295515060425
-0.9646201729774475
0.6099953055381775
-0.7523102164268494
0.1752639263868332
1.3408591747283936
-0.5282697081565857
-1.4862562417984009
-1.9429751634597778
