1.4800341129302979
1.124800682067871
0.9484915733337402
1.1384751796722412
1.4708597660064697
1.0384297370910645
0.6511531472206116
1.2118721008300781
0.4974604547023773
0.9778895378112793
1.1831002235412598
1.0110993385314941
1.4310663938522339
1.121867060661316
1.1106396913528442
1.270143985748291
1.4163254499435425
1.1530787944793701
1.1267871856689453
1.1033542156219482
1.3199033737182617
1.249695897102356
1.2342190742492676
1.08906888961792
1.056221842765808
1.6816952228546143
1.7001254558563232
0.870215654373169
1.0262151956558228
3.3986668586730957
1.5426815748214722
1.3873729705810547
1.8862206935882568
0.6539081335067749
1.2108995914459229
1.3021628856658936
0.9716985821723938
0.7839683294296265
1.782016396522522
0.6998114585876465
0.8419513702392578
1.3529878854751587
1.0513932704925537
1.1074039936065674
1.244297742843628
1.2628241777420044
0.9699974656105042
1.457029104232788
1.1338132619857788
1.5554460287094116
1.5462342500686646
1.4801595211029053
0.9089410305023193
1.4482899904251099
1.524322748184204
1.3191605806350708
1.4931460618972778
1.275201439857483
1.6432390213012695
1.2517586946487427
1.5239105224609375
1.343385100364685
1.2122023105621338
1.4819996356964111
1.2748464345932007
1.9184166193008423
1.210432767868042
1.2336844205856323
1.0994441509246826
1.3455568552017212
0.8307211399078369
0.7398031949996948
1.5147939920425415
1.1147836446762085
1.2721104621887207
0.5977112650871277
1.2612758874893188
1.2753812074661255
1.1436707973480225
0.5539535880088806
1.4536405801773071
0.8964911699295044
1.333509922027588
1.2799198627471924
1.533014178276062
0.9424778819084167
2.080486297607422
0.6060804724693298
1.5113111734390259
2.0601308345794678
0.6564406156539917
1.169472336769104
1.2541934251785278
1.2741330862045288
1.1435333490371704
1.1814504861831665
1.7394753694534302
1.0844597816467285
1.5373613834381104
2.481252908706665
1.2569372653961182
1.2445224523544312
0.582057535648346
1.3280084133148193
1.3088492155075073
0.7943604588508606
1.234311580657959
1.2001997232437134
1.438162922859192
1.3020424842834473
0.4529010057449341
1.688478946685791
1.4918402433395386
0.7711760997772217
1.337092399597168
1.0786209106445312
0.17156356573104858
1.2955104112625122
1.254465103149414
1.175126314163208
1.303786277770996
1.5087676048278809
1.2971713542938232
1.6232153177261353
1.2038155794143677
1.343719720840454
1.0428401231765747
1.2279062271118164
1.2979034185409546
0.7300618290901184
1.049125075340271
1.335078477859497
1.073085069656372
1.3466717004776
1.1109204292297363
1.4245693683624268
1.2033346891403198
1.2434682846069336
1.537018895149231
1.3201172351837158
0.6584591865539551
1.520148754119873
1.103385329246521
1.3438867330551147
1.1767865419387817
1.1290760040283203
1.1977269649505615
0.6668217182159424
0.5160290002822876
0.8759598731994629
1.307102084159851
1.1863192319869995
0.7045450806617737
1.2612472772598267
1.2242155075073242
0.9549787640571594
3.3801896572113037
1.1410728693008423
1.0376415252685547
0.9063984751701355
1.0634407997131348
1.034515142440796
1.246533989906311
1.200732946395874
1.2101746797561646
1.2062361240386963
1.3257050514221191
1.2964298725128174
1.2910370826721191
1.2042230367660522
1.3030802011489868
1.375978946685791
1.026731014251709
1.520943284034729
0.8774591684341431
1.2861238718032837
1.7084403038024902
0.7791165709495544
1.1684565544128418
1.2876580953598022
1.0965884923934937
1.0854088068008423
0.6737115383148193
0.6801527142524719
0.6956595182418823
0.6353273391723633
1.3615708351135254
1.3903717994689941
1.2811622619628906
1.2951476573944092
0.97562575340271
1.201302170753479
1.3900679349899292
1.19699227809906
1.1242154836654663
1.1428470611572266
2.0715034008026123
1.1940306425094604
1.4588099718093872
1.2430506944656372
1.2624695301055908
1.006536602973938
1.2148088216781616
0.5091933608055115
1.6798887252807617
1.509170413017273
1.3912805318832397
1.180561900138855
1.6117407083511353
1.0791716575622559
0.7898266315460205
1.0644563436508179
0.6836125254631042
1.586064338684082
0.8650680184364319
2.421459436416626
1.4144748449325562
1.173315167427063
1.2696545124053955
0.4794476330280304
0.9658923745155334
1.1821659803390503
1.102627158164978
0.8203349113464355
1.4264236688613892
1.182973027229309
1.1340281963348389
1.4784183502197266
1.2224059104919434
1.447738766670227
0.42853108048439026
1.1707080602645874
1.1839213371276855
0.37218034267425537
1.2853527069091797
1.032757043838501
1.0815366506576538
1.1770906448364258
1.5255389213562012
1.294844627380371
1.4427310228347778
0.6520146131515503
2.3506813049316406
0.8145288228988647
2.7218782901763916
1.10968017578125
1.2587710618972778
1.117113709449768
1.4443272352218628
1.1892105340957642
1.126828670501709
1.3554641008377075
1.5814857482910156
0.9181856513023376
1.2234930992126465
0.8628515601158142
1.5764364004135132
1.2164047956466675
1.2094053030014038
1.4295119047164917
1.1889833211898804
1.3146499395370483
1.2562311887741089
1.1903020143508911
1.239235758781433
1.2636507749557495
0.7227685451507568
1.1129242181777954
1.3126903772354126
1.0976483821868896
1.768957495689392
1.1072778701782227
0.736093282699585
1.2072644233703613
1.0888015031814575
1.557295322418213
1.1787667274475098
1.7792993783950806
0.9372081756591797
1.2733808755874634
1.246690273284912
1.4393171072006226
1.4662452936172485
1.2050546407699585
1.6068544387817383
1.28679358959198
1.313434362411499
1.266355276107788
1.3499600887298584
2.0531015396118164
0.614148736000061
1.4012343883514404
1.171157717704773
1.1903060674667358
1.0939843654632568
1.6096725463867188
1.0653457641601562
1.0830367803573608
1.5388480424880981
1.2427860498428345
1.280344843864441
1.2447800636291504
0.7221415042877197
1.615395426750183
2.7645537853240967
1.3822083473205566
0.35788455605506897
1.444409966468811
1.0194852352142334
0.9699089527130127
1.2165411710739136
1.0640186071395874
1.7025048732757568
1.0645579099655151
0.5600666999816895
1.019034504890442
1.23330557346344
1.2042686939239502
1.2186394929885864
0.6722849011421204
1.2844969034194946
1.2822471857070923
1.0515121221542358
1.3095085620880127
0.9477478861808777
1.347463846206665
1.2365559339523315
1.0025984048843384
1.2501749992370605
1.1693830490112305
0.4522087872028351
1.271477222442627
1.0687907934188843
1.1408921480178833
1.2160897254943848
1.1287143230438232
1.1309152841567993
0.5719014406204224
1.1307387351989746
1.323567271232605
1.0354039669036865
1.0461524724960327
1.1605733633041382
1.2523176670074463
0.9799476265907288
1.374517798423767
1.2521429061889648
1.2374415397644043
1.3469882011413574
0.6563557982444763
1.2505964040756226
1.1068590879440308
1.2034913301467896
1.3426649570465088
0.7245573401451111
1.076098084449768
1.2516708374023438
1.101077675819397
0.7468613386154175
1.180647611618042
1.1325634717941284
1.323609709739685
1.404436469078064
1.1587505340576172
1.4402284622192383
1.394760251045227
1.1987154483795166
1.3339321613311768
1.212730050086975
1.2570698261260986
0.8962177038192749
1.4953625202178955
1.3743386268615723
1.2226206064224243
1.0394622087478638
1.4460034370422363
1.607306718826294
0.8647615313529968
1.2291275262832642
1.2995935678482056
1.1223868131637573
1.3722548484802246
1.2586419582366943
1.0711429119110107
0.5471715927124023
1.2084060907363892
1.1594223976135254
0.7886586785316467
0.9287658929824829
1.3140416145324707
0.9496940970420837
0.9957235455513
0.7639862895011902
0.4783892333507538
0.9175006747245789
1.3377578258514404
1.1065722703933716
0.8883309960365295
1.6808562278747559
1.2748093605041504
1.019562005996704
1.3649296760559082
0.9954591393470764
1.2347133159637451
0.611803412437439
0.48067858815193176
1.4991999864578247
1.337206244468689
1.1509361267089844
0.9584762454032898
1.3066538572311401
0.9094029068946838
1.3485792875289917
1.052393913269043
0.6583585739135742
0.9276250600814819
1.0273823738098145
1.3481978178024292
0.9129673838615417
1.4485509395599365
1.1330296993255615
0.9128048419952393
0.8854560256004333
0.748960018157959
1.2274487018585205
1.2236472368240356
1.2658958435058594
0.515548825263977
0.6665633320808411
1.0861589908599854
1.2972005605697632
0.20828644931316376
0.6796630024909973
1.0300228595733643
0.6217617392539978
1.3101085424423218
1.173507809638977
1.4084280729293823
2.1732406616210938
1.2131043672561646
1.2012808322906494
1.311787724494934
1.1674705743789673
1.4143757820129395
1.1193302869796753
0.8750417828559875
1.630952000617981
1.4702234268188477
1.0332587957382202
1.0432125329971313
1.2488856315612793
1.7608000040054321
1.1201201677322388
1.0726053714752197
1.2994213104248047
0.5213921666145325
1.5291978120803833
1.279632329940796
1.1515518426895142
1.2615125179290771
1.1350163221359253
1.059698224067688
1.5551254749298096
0.6218821406364441
1.3241221904754639
1.0840656757354736
1.3379019498825073
1.2658017873764038
0.6064908504486084
0.8774076700210571
1.3589280843734741
1.279171347618103
0.958281397819519
1.3356009721755981
1.0939077138900757
1.0796416997909546
1.1957398653030396
1.402776837348938
0.6241027116775513
1.367401123046875
1.3114246129989624
0.5689333081245422
1.180969476699829
1.1984890699386597
1.0564415454864502
1.3411654233932495
1.1209527254104614
1.397016167640686
1.0515618324279785
1.560133695602417
1.708767056465149
0.7028758525848389
1.4690237045288086
0.9886364340782166
1.1078159809112549
1.5173566341400146
1.3811733722686768
0.9337512254714966
1.38531494140625
0.821411669254303
0.8160926103591919
0.8264981508255005
1.4994808435440063
1.0063085556030273
1.2689014673233032
1.0123026371002197
2.7941644191741943
1.194690465927124
1.1460579633712769
1.1600117683410645
1.269457459449768
0.7096186280250549
