-0.22917711734771729
0.6034610271453857
1.0970875024795532
-0.2861921489238739
-1.2484352588653564
-0.536828875541687
1.6049555540084839
0.359701007604599
1.360385537147522
0.47330066561698914
0.2215937077999115
1.8978296518325806
1.0184144973754883
-0.7064544558525085
0.1577707976102829
0.8339603543281555
-0.29932326078414917
0.8713584542274475
-0.20380599796772003
0.9221687912940979
0.21275414526462555
-0.5047362446784973
0.2545229196548462
0.09899226576089859
0.6465193033218384
-0.9429120421409607
0.989665150642395
1.7054102420806885
0.8037737011909485
-1.5566588640213013
-1.0717812776565552
0.8363943696022034
1.6163978576660156
1.6819708347320557
0.49643126130104065
1.0394364595413208
1.1842738389968872
1.9594433307647705
1.4519745111465454
1.515093207359314
1.7558650970458984
-0.602498471736908
1.189326524734497
-1.0687450170516968
1.4075039625167847
-0.9179084897041321
1.2490707635879517
0.28845763206481934
-0.03063080459833145
1.0629180669784546
-0.9734017848968506
0.2539169490337372
1.470880150794983
-0.37486228346824646
-0.3934165835380554
-0.9661126136779785
1.1552165746688843
-0.7867730259895325
0.29360631108283997
-0.8238033652305603
0.32944419980049133
0.6179244518280029
-0.4509443938732147
-0.5878587365150452
-0.5539432764053345
-0.8775635957717896
-0.11014571040868759
0.2611546218395233
0.0856412723660469
-0.7031388282775879
0.5951866507530212
1.3416950702667236
-0.6206465363502502
0.11069381237030029
-0.1825166940689087
1.2751485109329224
2.3333804607391357
-0.49955397844314575
-0.6288131475448608
1.2373483180999756
-0.6773769855499268
-0.5528711676597595
-0.36094942688941956
-0.09732292592525482
-0.0588073804974556
0.7950584292411804
0.4219956696033478
1.8537356853485107
0.005031105596572161
0.3589896857738495
1.4041393995285034
-0.3228028118610382
0.7160626649856567
-0.36121076345443726
0.6259402632713318
-1.0964818000793457
1.5557880401611328
1.14053475856781
-0.2508147358894348
-0.6730347275733948
0.5322809219360352
-0.16894812881946564
2.0747766494750977
0.8249320387840271
-0.27997830510139465
1.271721601486206
0.25399333238601685
-1.2911983728408813
-0.05309862270951271
-2.214839458465576
1.434194803237915
-0.6643180847167969
1.5902959108352661
1.6043764352798462
-1.1624962091445923
0.6427431106567383
-1.2856155633926392
-0.9708207249641418
0.513449490070343
-1.13826322555542
0.5173885226249695
-2.1834633350372314
0.6433866620063782
0.11309230327606201
-0.45616236329078674
0.17515051364898682
-0.04744599759578705
0.22742262482643127
-0.3256310224533081
1.5072221755981445
-0.6920377016067505
0.029136592522263527
0.17875149846076965
-0.34484878182411194
1.717519760131836
-0.286037415266037
0.055100396275520325
-0.2073415070772171
0.3377481997013092
-0.32084718346595764
1.3988491296768188
-0.1350506842136383
1.368693470954895
-0.631479799747467
0.5055360794067383
0.6559427380561829
-1.007863998413086
1.1527150869369507
1.57919180393219
1.3350789546966553
-0.36130255460739136
0.5631194114685059
1.6470578908920288
0.9524329900741577
0.3984778821468353
1.2520169019699097
-1.7153730392456055
1.0231488943099976
1.297049880027771
0.6281618475914001
0.7624719142913818
0.40121933817863464
-0.5199281573295593
-0.8299598693847656
-0.4482933282852173
0.3877517879009247
-0.5415307879447937
-0.11108801513910294
-0.4166485667228699
0.056857600808143616
0.9357823729515076
0.09746786952018738
0.45406797528266907
-1.3457295894622803
1.656305193901062
-0.012442602775990963
-0.8445999622344971
1.00648832321167
-0.481322705745697
-0.04219997301697731
0.9915426969528198
1.397064208984375
1.3508919477462769
1.2985047101974487
1.4461545944213867
1.5369290113449097
-0.42538392543792725
-0.4915982782840729
-0.8094143271446228
-0.15948404371738434
0.9114508628845215
-0.2871456742286682
1.9471484422683716
0.19958865642547607
0.7128405570983887
0.9105970859527588
-1.587480902671814
0.6287627816200256
-0.35596364736557007
0.015507121570408344
-0.6441560387611389
1.0572046041488647
0.1505340188741684
1.7041819095611572
-0.3620060980319977
-0.006606743671000004
0.12767702341079712
-0.33815574645996094
-0.04687793180346489
0.27606356143951416
0.3086746335029602
0.10478701442480087
1.0211690664291382
0.4543900191783905
1.819710612297058
-0.9359859228134155
-0.478407621383667
-0.007150546181946993
1.2088571786880493
1.4369186162948608
0.9307411909103394
0.35962191224098206
-0.5975009799003601
1.4466263055801392
0.0713881254196167
0.4411850869655609
0.15813907980918884
-0.3045085668563843
-0.41063040494918823
0.3780931234359741
1.2540910243988037
0.6186402440071106
0.17011421918869019
1.4446744918823242
-0.5384997725486755
-0.4970943331718445
-0.13681775331497192
0.3477694094181061
0.4935363829135895
0.3442579507827759
-0.7061439156532288
1.4895212650299072
0.38238680362701416
1.7788701057434082
-1.2221641540527344
1.042406678199768
0.55730801820755
-0.551079511642456
-0.5131539702415466
0.7635340690612793
-0.39479345083236694
0.1851876825094223
-0.3639468550682068
1.458999514579773
0.17825594544410706
1.2137081623077393
0.03322231397032738
-0.17510727047920227
0.4129613935947418
0.07386112213134766
-1.2891451120376587
-0.6520020961761475
-0.6452906131744385
-1.267483115196228
-0.4587213099002838
-0.5755072236061096
1.3183619976043701
-0.17542752623558044
-0.5886710286140442
0.1648842990398407
-1.451094388961792
0.8929764628410339
1.432410478591919
-0.8833035230636597
0.3764820992946625
0.18209372460842133
-0.8532662987709045
3.71075439453125
0.37198781967163086
-0.8477638363838196
-0.4216676652431488
-0.5151419043540955
-1.8750561475753784
0.6777000427246094
-1.0818663835525513
0.08724351227283478
-0.1255873739719391
0.7441015839576721
-0.9185575246810913
-0.22597678005695343
1.3988126516342163
0.5858625173568726
0.6265808939933777
0.3344031572341919
-0.9322182536125183
0.8788734078407288
-0.24595703184604645
0.5608068108558655
-1.8418993949890137
-0.64995276927948
-0.2647140920162201
0.9276377558708191
2.2210752964019775
-1.5325576066970825
0.38771113753318787
-0.16235701739788055
1.6126203536987305
0.6431260108947754
0.32071423530578613
1.2565175294876099
0.028405686840415
-0.7101412415504456
-0.24004650115966797
1.887152075767517
1.2527388334274292
-0.5941112637519836
0.5064643025398254
0.3976150155067444
-0.5758519172668457
0.900432288646698
-0.09576932340860367
-0.5976076126098633
1.823399543762207
-0.2757111191749573
1.7874743938446045
-0.4610411822795868
-0.297208309173584
1.15023672580719
-0.575222373008728
0.1565217673778534
1.507940411567688
0.720482587814331
1.1922942399978638
-0.5915219187736511
-0.1841379553079605
-0.2303619384765625
0.8515263199806213
1.6540426015853882
0.9618953466415405
0.7334682941436768
-0.2243809849023819
-1.2690443992614746
0.2476215958595276
1.8580749034881592
0.45634329319000244
-0.330251544713974
-1.3125146627426147
-0.41496753692626953
-0.38488373160362244
1.485668659210205
0.08032352477312088
-0.3246273696422577
-0.09566501528024673
-0.06957826018333435
1.7627127170562744
0.9420087337493896
0.035190001130104065
1.194075345993042
1.78021240234375
1.6923716068267822
0.3914736211299896
0.27222365140914917
0.08046100288629532
0.9115412831306458
0.4953494966030121
-0.11445820331573486
-0.2257031798362732
0.538722813129425
-0.0860830545425415
-0.48031091690063477
1.3086302280426025
-0.5809041857719421
-1.1202133893966675
2.027012825012207
0.3550034165382385
-0.8793444633483887
-0.10223030298948288
1.2337008714675903
-0.3398294746875763
0.5018215775489807
0.5605872869491577
-1.1918998956680298
-0.18450747430324554
0.8438628315925598
1.3613462448120117
0.9387145638465881
0.5844093561172485
2.093308448791504
0.5777110457420349
-1.0197149515151978
1.0210951566696167
0.6026108264923096
1.4569714069366455
1.9158058166503906
1.8350094556808472
-0.5319264531135559
0.17945325374603271
0.707025408744812
0.023619435727596283
-0.5092349052429199
0.62312251329422
-1.04017174243927
0.1676197499036789
0.3629578948020935
1.4070144891738892
1.9569751024246216
-0.033370621502399445
-0.3517150282859802
1.3585567474365234
0.6267921924591064
-1.0352765321731567
1.7810289859771729
0.1846354454755783
1.0399051904678345
1.5928951501846313
0.6380543112754822
0.8210294246673584
-0.825591504573822
1.4199347496032715
-1.1831953525543213
-0.68619304895401
0.9765637516975403
1.9088352918624878
2.1554253101348877
-0.5500640273094177
-0.7202192544937134
0.11597174406051636
2.0002667903900146
1.4154077768325806
-0.1085570901632309
-0.05853123217821121
1.655133843421936
0.8202704191207886
-0.2607493996620178
1.1030769348144531
-0.0631418526172638
0.40114694833755493
-0.013305127620697021
-0.4494883418083191
0.8934338092803955
-1.5427947044372559
0.12477473169565201
0.6359412670135498
0.05713776499032974
-0.6095065474510193
1.1429144144058228
-1.7385174036026
-0.885826826095581
1.676785945892334
0.14042459428310394
-0.5218527913093567
-0.3705054223537445
1.5964429378509521
1.2032290697097778
-0.5753138661384583
1.3481178283691406
0.34749868512153625
-0.9017575979232788
0.30102449655532837
0.6764137148857117
0.11898859590291977
-0.392363965511322
-0.11586378514766693
1.342974305152893
1.6037156581878662
0.8592665791511536
-0.947502851486206
-1.2610241174697876
1.4282922744750977
1.2238703966140747
0.8549065589904785
0.059352803975343704
1.7187891006469727
-1.0450990200042725
-0.11238598078489304
0.2840613126754761
1.2664693593978882
0.7830560803413391
1.5469603538513184
1.0912224054336548
-0.5771226286888123
1.1678119897842407
0.6741342544555664
0.2984756529331207
1.567643165588379
-0.9647458791732788
0.7172207236289978
-0.5970079898834229
1.6780282258987427
-1.0889943838119507
1.4556208848953247
1.2031373977661133
-0.2362787276506424
1.2068507671356201
-0.11239319294691086
-0.1025708019733429
1.9594701528549194
1.0173107385635376
-0.34999310970306396
0.7259629964828491
1.240853190422058
0.8312357068061829
0.4182250499725342
-1.2875051498413086
-0.7888525724411011
1.1634265184402466
-1.8476277589797974
-0.8650622367858887
-0.6814528107643127
-0.5321189165115356
1.2852643728256226
1.4635916948318481
