2.014828681945801
0.922004222869873
1.8676815032958984
-0.5367003679275513
-0.4387449622154236
1.567101001739502
0.9725854992866516
-0.22752749919891357
-0.3684968650341034
-0.5225875377655029
-0.15678294003009796
-0.11044764518737793
-0.8881558179855347
-0.7308783531188965
-0.8952773213386536
1.0785456895828247
-0.34224840998649597
1.1688828468322754
-0.4717499017715454
-0.2755090594291687
0.79939866065979
-0.6388770937919617
-0.6642003059387207
0.32089072465896606
-0.8094727993011475
-0.350745290517807
-0.5158286094665527
-0.8723961710929871
0.8147463798522949
-0.5307355523109436
-0.4460308253765106
-0.16845062375068665
0.6332378387451172
1.2231459617614746
-0.7347756028175354
0.020901842042803764
0.8083801865577698
-0.559004545211792
1.0021406412124634
-0.2446034550666809
-0.32307204604148865
-0.477348268032074
-0.731480598449707
-0.8347514867782593
-0.669607400894165
0.34744489192962646
1.2327475547790527
-0.21374112367630005
0.33812999725341797
-0.7160373330116272
-0.37180274724960327
-0.2822142541408539
-0.4869784116744995
-0.24438591301441193
-0.8005486130714417
0.5621283650398254
1.4802093505859375
-0.5966652631759644
1.7279253005981445
0.023222940042614937
-0.6509968042373657
0.4645942151546478
-0.5761651396751404
1.640302300453186
-0.1878366619348526
0.7392069101333618
-0.42835140228271484
0.25651460886001587
-0.3016663193702698
0.06420580297708511
-0.6933549642562866
1.4775457382202148
1.0870816707611084
-0.8675533533096313
-0.88553786277771
-0.47648704051971436
0.05600789934396744
-1.226365566253662
1.8887708187103271
-0.5073819756507874
1.0579662322998047
1.6589508056640625
-0.8730431199073792
1.2904022932052612
-0.6310531497001648
1.5155664682388306
0.37674573063850403
0.7432060241699219
-0.2048986405134201
-0.34983593225479126
0.40113282203674316
1.401373267173767
0.11931364983320236
0.2091340720653534
-0.9804523587226868
-0.25488683581352234
-0.3785240054130554
-0.1559690684080124
-0.4240536391735077
-0.9050887823104858
1.7519505023956299
-0.5088968276977539
-0.2644582688808441
0.060515087097883224
1.4736881256103516
1.0372960567474365
-0.33803877234458923
1.516803503036499
-0.5631491541862488
0.7504020929336548
-0.3357861340045929
-0.7742342352867126
1.4670759439468384
-0.11162800341844559
0.3727649450302124
-0.06845223903656006
-0.551490068435669
0.9129026532173157
1.6457571983337402
-0.10736119747161865
-0.6752461194992065
-0.0330088809132576
-0.022600321099162102
-0.33882609009742737
-0.5076143145561218
1.1804161071777344
0.8028283715248108
-0.4547533392906189
1.6381932497024536
0.8962502479553223
-1.111136794090271
-1.1463490724563599
1.4277045726776123
1.282073736190796
-0.33897653222084045
-1.1218223571777344
0.6766982078552246
-1.1521282196044922
0.8618130087852478
-0.9060295820236206
1.401746153831482
-0.9599080681800842
1.224726915359497
-0.3862248659133911
-0.4037362039089203
-1.0349383354187012
-0.37185853719711304
-0.4808667302131653
-0.6552258729934692
-0.758632242679596
0.3855743110179901
-0.6923028230667114
2.2753114700317383
-0.3132105767726898
-0.45227673649787903
-0.5939417481422424
1.181287407875061
-0.6865485906600952
-0.5831725001335144
0.21203720569610596
-0.03222663328051567
-0.4128561019897461
0.7636096477508545
0.6846557259559631
0.9493904709815979
-1.375373363494873
-0.9474788904190063
-0.7131466269493103
-0.20288194715976715
2.0960705280303955
2.0487563610076904
-0.18516696989536285
-0.29687169194221497
-0.956278383731842
0.47473281621932983
1.254772424697876
0.46459251642227173
-0.573577880859375
-0.2036157250404358
-1.15020751953125
-0.36837294697761536
0.018326126039028168
-0.5835781693458557
-0.5568962097167969
0.639078676700592
-0.14110729098320007
-0.345453679561615
0.19789062440395355
1.6956067085266113
-0.40354499220848083
0.29080793261528015
0.15772254765033722
-0.1526884287595749
-0.05549364537000656
-0.4588645100593567
-0.9355624914169312
0.30550459027290344
0.571858823299408
0.5854808688163757
0.4698261320590973
-0.8551093935966492
-0.1012490913271904
-0.5747172236442566
-0.15245328843593597
1.382239818572998
-0.7736889123916626
-0.5412981510162354
-0.5544055104255676
0.052894946187734604
0.23239095509052277
-0.8878663182258606
-0.062333300709724426
-0.37290358543395996
0.1950443536043167
-0.4393079876899719
-0.6941412091255188
-0.009890004061162472
-0.05588313564658165
0.30465975403785706
0.11977723240852356
-1.156375527381897
-0.275174081325531
1.8984482288360596
-0.6788996458053589
-0.24626897275447845
-0.7534154653549194
-0.9187952876091003
1.622628092765808
0.023051561787724495
0.433698832988739
1.6788074970245361
-0.9662975072860718
0.4672050178050995
-0.7541388869285583
0.9380732774734497
-0.24044296145439148
-0.9312251210212708
1.520607829093933
0.9299411177635193
1.6427421569824219
-0.6331431865692139
1.7745063304901123
-0.05704600363969803
-0.701341986656189
-0.40508130192756653
-0.15646891295909882
1.7480367422103882
-0.3855966627597809
1.2872768640518188
0.6920120120048523
0.8532284498214722
-0.26160526275634766
-0.6199228763580322
-0.47655969858169556
-0.2708669900894165
-1.55697762966156
-0.27119699120521545
1.1228222846984863
0.7760793566703796
-0.6316813230514526
-0.5371695160865784
-0.29246845841407776
-1.1232720613479614
-0.012303372845053673
-0.8421590924263
1.6210172176361084
-0.3333055078983307
-0.17607219517230988
1.1446919441223145
1.363999843597412
1.3923407793045044
-0.41531696915626526
0.2833123505115509
-0.4357110857963562
-0.2813025414943695
-0.6992126703262329
-0.1591610312461853
-0.2647365629673004
0.3136666715145111
1.388556957244873
-1.1312382221221924
-0.3755502700805664
-0.24553968012332916
-0.4082846939563751
-0.18077266216278076
2.168520212173462
0.6530367732048035
-0.2872054874897003
0.559350848197937
-1.004624605178833
-1.0373042821884155
-0.44681692123413086
-1.046964406967163
-0.6007480025291443
0.004607280716300011
-0.6572061777114868
0.1620011329650879
-1.0376050472259521
-0.7723960280418396
-0.6213445663452148
-0.9908004403114319
1.2118076086044312
-0.13166393339633942
-0.3996758759021759
1.4272747039794922
-0.5238797068595886
0.8005635738372803
0.8283662796020508
0.36154428124427795
-0.1867617517709732
0.4065324366092682
-0.08037407696247101
-0.05879772827029228
1.8178738355636597
-1.06044602394104
1.1290886402130127
-0.32164689898490906
-0.7984859943389893
-0.39132699370384216
-0.8074760437011719
0.5439742803573608
-0.7959108352661133
0.10431448370218277
-0.27312567830085754
-1.110798716545105
1.550842046737671
-1.2363746166229248
1.0371040105819702
-0.48448583483695984
-0.7400665879249573
-0.8182560205459595
1.5432312488555908
-0.8204266428947449
-0.15400104224681854
1.8962393999099731
-0.5634573698043823
0.8093128204345703
-0.7846873998641968
-0.00979334395378828
-0.9461257457733154
-0.6792667508125305
-0.026813313364982605
-0.10864565521478653
-0.27940502762794495
-0.502457320690155
1.1520285606384277
1.3706905841827393
1.341292142868042
-0.5223119258880615
-0.5670715570449829
0.21773144602775574
-0.18808551132678986
-0.2618306875228882
-0.3096863925457001
-0.8415377736091614
-0.647027850151062
-1.4628136157989502
-0.3881499767303467
-1.007482647895813
-0.08215824514627457
-0.523730456829071
-0.12180779129266739
-0.3339426815509796
-0.5570244193077087
-1.202850103378296
0.9084790945053101
-0.34488701820373535
-1.1983708143234253
-0.3255561292171478
-0.2939947545528412
0.057346414774656296
-0.768011212348938
1.1280617713928223
0.20677581429481506
-0.8070623278617859
-0.3459286093711853
-0.8035379648208618
-0.5464508533477783
0.053816962987184525
-0.2665219008922577
-1.1427242755889893
0.5741041898727417
-0.7498220205307007
0.4849016070365906
-0.2956453561782837
-1.1397011280059814
-0.6839852929115295
-0.7362031936645508
-0.04473971948027611
1.747937798500061
-0.6519048810005188
-0.21586981415748596
-0.7719077467918396
-0.5821158289909363
0.0362032949924469
0.20487533509731293
-0.967985212802887
-0.3558140695095062
-0.3051508069038391
-0.4540702700614929
1.1124985218048096
1.3326084613800049
1.5246785879135132
-0.44159698486328125
1.6877377033233643
0.1254148632287979
-1.2041335105895996
-0.5990834832191467
-1.3231735229492188
-0.33862265944480896
-0.7106082439422607
-1.228680968284607
-0.017003707587718964
0.15975208580493927
0.3944269120693207
1.2211637496948242
-0.6012272238731384
0.20961780846118927
-0.402447909116745
-0.7602151036262512
-0.17805226147174835
0.333695650100708
0.1703009158372879
-0.3570652902126312
-0.4183606207370758
-0.9203335046768188
-0.46447989344596863
-1.502787470817566
-1.2276324033737183
-1.0816363096237183
0.39150846004486084
-0.6315322518348694
1.3306816816329956
-0.9072842597961426
-1.0585514307022095
0.49008145928382874
-0.4182981550693512
-0.2695442736148834
1.1522029638290405
-0.5366427898406982
-0.2738479673862457
-0.4190472364425659
0.11713983863592148
-0.30014219880104065
-0.5409249663352966
-0.6197267770767212
-0.4045865535736084
-0.5458288192749023
-0.8609979748725891
0.8967153429985046
-0.3101552724838257
-0.7525796294212341
0.16586783528327942
-0.5423539876937866
-0.08559039980173111
-0.5003579258918762
1.526817798614502
-0.9561711549758911
-0.5154948234558105
-1.1054065227508545
0.7963386178016663
-1.2355246543884277
0.872296154499054
-0.5607371926307678
-0.4229561388492584
-1.0534710884094238
0.6214174032211304
-0.33853816986083984
-1.0597224235534668
-0.8871210813522339
1.0557900667190552
-0.7695814967155457
0.9097303152084351
-1.215838074684143
0.6137195229530334
0.8081747889518738
0.0326550118625164
0.6253803968429565
-0.444061279296875
0.06802558898925781
0.5393445491790771
-0.17170792818069458
1.285949945449829
0.9063075184822083
-0.5192408561706543
-0.5779838562011719
-0.1378011703491211
1.456689476966858
-0.31696832180023193
-0.838923454284668
0.6381222605705261
-0.15447045862674713
-0.27402305603027344
1.3322759866714478
-0.7221574187278748
0.9496166706085205
0.008486509323120117
-0.47943469882011414
-0.7118167281150818
-0.729496419429779
-0.3819798231124878
1.62643301486969
1.3404769897460938
1.3046224117279053
-0.8808110356330872
-0.22452029585838318
0.7537273168563843
1.6806262731552124
0.9414675235748291
-0.06856166571378708
1.2694170475006104
-0.47709909081459045
