0.44393718242645264
0.7879683375358582
0.5250335931777954
1.1094226837158203
1.5309553146362305
0.6210599541664124
1.0955008268356323
0.8350318670272827
1.1372840404510498
1.4346354007720947
1.3295167684555054
1.438236117362976
1.015857219696045
1.5317821502685547
1.2893071174621582
0.814452588558197
1.2738312482833862
1.0216155052185059
1.5581996440887451
1.344650149345398
1.3087414503097534
0.9103474020957947
1.1063225269317627
1.1957520246505737
1.2046726942062378
1.1127190589904785
1.683756709098816
1.4431183338165283
1.1480286121368408
1.3332343101501465
1.032236099243164
1.6569870710372925
0.9232817888259888
0.6213288903236389
1.512376070022583
1.403690218925476
0.7541572451591492
1.120872139930725
0.7343528270721436
1.332108497619629
1.4080737829208374
1.2815873622894287
1.4119871854782104
1.0473967790603638
1.0956692695617676
0.9299592971801758
1.0376112461090088
1.2574801445007324
1.2325241565704346
1.2613950967788696
1.2873295545578003
1.0996099710464478
1.1661264896392822
1.2566264867782593
1.2393887042999268
1.2977392673492432
0.8383409976959229
1.4669947624206543
1.14933180809021
0.9456132650375366
1.4221705198287964
1.4473659992218018
1.175181269645691
0.7762715816497803
1.1934287548065186
0.8263136744499207
1.087024450302124
1.194733738899231
1.368790626525879
1.4258817434310913
1.0656007528305054
1.1494903564453125
1.0544596910476685
1.252537727355957
1.2499299049377441
1.520443320274353
1.7318183183670044
1.7828398942947388
0.6827704906463623
1.299936056137085
0.7502316236495972
0.41196906566619873
1.4048469066619873
1.7008546590805054
1.4851264953613281
0.8375886082649231
0.8457410931587219
1.1115751266479492
1.0860706567764282
0.8578859567642212
0.880639910697937
0.49555549025535583
1.5564824342727661
1.1480358839035034
1.0358035564422607
1.168144941329956
1.4716554880142212
1.2375361919403076
1.6353216171264648
1.2831065654754639
0.6416682600975037
1.152126669883728
1.2365078926086426
1.6454346179962158
0.5308200716972351
1.247789740562439
1.2938202619552612
0.4596700668334961
1.303547739982605
0.9791628122329712
0.9707930088043213
0.9381585717201233
0.5304499864578247
1.410685658454895
1.4564582109451294
1.4035756587982178
1.4893407821655273
1.324067234992981
0.7870405912399292
1.046138882637024
1.3141547441482544
1.1845901012420654
1.0894681215286255
1.5828895568847656
1.3369978666305542
0.8678666949272156
1.3163505792617798
1.2857496738433838
0.4645270109176636
1.0024223327636719
1.037736177444458
1.0973707437515259
0.8471223711967468
0.7185428738594055
1.0260446071624756
0.7833595871925354
1.584686040878296
1.2686432600021362
1.157871127128601
1.104593276977539
0.8131014108657837
1.139723539352417
0.9689992666244507
1.4659380912780762
1.4684333801269531
1.4619022607803345
1.0728702545166016
1.404748797416687
1.2846474647521973
1.2020400762557983
1.2727290391921997
1.2524762153625488
1.402258038520813
1.098008632659912
1.465856909751892
1.2898857593536377
0.9744541049003601
1.059055209159851
1.452187180519104
1.413731336593628
1.5462805032730103
1.6973644495010376
0.764997124671936
1.194395899772644
1.0247290134429932
1.4366918802261353
1.6463048458099365
0.8818176984786987
3.19035005569458
0.7624908089637756
0.8074424862861633
1.141802191734314
1.272265911102295
1.219355821609497
1.9906808137893677
0.8372957706451416
1.0598560571670532
1.3135346174240112
1.2915436029434204
1.196498990058899
1.4398458003997803
1.5698741674423218
1.0293924808502197
1.1603747606277466
1.813234806060791
0.9157101511955261
1.1290709972381592
0.8535193204879761
0.7464422583580017
1.5392204523086548
1.3790946006774902
0.8210369944572449
1.6847823858261108
1.5027083158493042
1.3544875383377075
1.2502896785736084
1.4659854173660278
1.630913496017456
1.1987441778182983
1.3407926559448242
1.2724968194961548
1.4329880475997925
1.2001941204071045
0.989139199256897
0.6482071876525879
1.3950294256210327
1.1036763191223145
1.135525107383728
1.3021788597106934
1.5467814207077026
1.3690460920333862
1.0282680988311768
1.3252524137496948
1.4813288450241089
1.2042816877365112
1.4228111505508423
0.945117175579071
1.1222609281539917
1.5839242935180664
2.1864418983459473
1.2688134908676147
1.094720482826233
0.8798696994781494
1.1033706665039062
1.245474934577942
1.2880314588546753
0.9836369752883911
0.7241755723953247
1.1481558084487915
1.3837757110595703
0.7217987775802612
1.0768400430679321
1.3980145454406738
1.3610427379608154
1.5866965055465698
0.973228394985199
1.3825277090072632
0.7488017678260803
1.3655204772949219
0.7287317514419556
1.3076565265655518
0.6623055338859558
0.97921222448349
1.2767562866210938
1.3324609994888306
1.2098135948181152
1.637215256690979
1.2296847105026245
0.7674522995948792
1.326962947845459
1.410844087600708
1.0195852518081665
0.9778140187263489
1.1966054439544678
0.8909528851509094
1.2979164123535156
1.334726333618164
1.0416722297668457
1.191495656967163
1.0733662843704224
1.3542873859405518
1.1360211372375488
1.2440770864486694
0.9148757457733154
1.4809606075286865
0.9423242211341858
1.0167213678359985
1.0582566261291504
2.7739133834838867
0.9011282324790955
0.8213358521461487
1.3275914192199707
1.129556655883789
1.0333757400512695
1.6087696552276611
1.4775738716125488
1.150505542755127
1.330485463142395
1.036673903465271
0.7282315492630005
1.2793376445770264
1.076788067817688
1.404728889465332
1.0973109006881714
1.3897279500961304
1.3003090620040894
1.2143484354019165
1.121821403503418
1.0402272939682007
1.3058291673660278
1.2259573936462402
1.4178756475448608
1.3449501991271973
1.1250097751617432
1.4362822771072388
1.359918475151062
1.6103891134262085
1.3215296268463135
1.26362943649292
1.5058162212371826
0.9010562896728516
0.857503354549408
1.1922926902770996
1.226976990699768
0.7609853148460388
1.2892452478408813
0.9849311709403992
0.975193977355957
1.1921484470367432
1.3204811811447144
1.3217411041259766
1.6764888763427734
1.4193240404129028
0.4186932146549225
1.3482297658920288
1.1114774942398071
1.36223304271698
1.3387125730514526
1.534443736076355
1.277506947517395
1.5045149326324463
1.786793828010559
1.3544365167617798
1.3894375562667847
1.2897653579711914
0.5859306454658508
1.3098214864730835
0.8758031725883484
1.3771497011184692
1.3748008012771606
1.1529608964920044
0.7294384837150574
1.3437916040420532
0.9723684191703796
0.5548498630523682
1.3113223314285278
1.0516315698623657
1.4485350847244263
1.4640716314315796
1.141961932182312
1.198649525642395
1.1144553422927856
1.5029858350753784
0.9982324242591858
1.1701499223709106
0.5364944934844971
0.9590246677398682
1.4624500274658203
1.2625032663345337
1.2661381959915161
1.2333704233169556
1.2618199586868286
1.0352022647857666
1.2958791255950928
1.1980983018875122
1.6665593385696411
1.422041654586792
1.040427565574646
1.1553397178649902
1.1488614082336426
1.0487843751907349
1.010619878768921
0.7213426828384399
1.2776316404342651
1.387746810913086
1.319762110710144
1.1669312715530396
1.5177546739578247
1.1484743356704712
1.003454566001892
1.2439889907836914
1.2189221382141113
0.8102824687957764
1.5561785697937012
1.2104425430297852
1.5988343954086304
1.1882967948913574
1.105778694152832
1.2464178800582886
1.315333366394043
1.1656479835510254
1.4882307052612305
1.0253660678863525
1.3345615863800049
0.8680515885353088
1.0658917427062988
1.2660502195358276
1.0488606691360474
0.9890799522399902
0.8105669617652893
1.5347378253936768
1.3757721185684204
1.0694061517715454
1.3975127935409546
0.9701412916183472
1.3294020891189575
1.0426931381225586
1.3178898096084595
1.351769208908081
1.159965991973877
1.2358441352844238
1.0387862920761108
0.5891329646110535
1.1699049472808838
0.4918084144592285
1.3116306066513062
1.4491987228393555
1.6386178731918335
1.1633918285369873
1.2264235019683838
1.3058668375015259
1.4262984991073608
1.1779013872146606
1.3353784084320068
1.3698362112045288
0.9635981917381287
1.257280945777893
1.3481882810592651
1.2661656141281128
1.1873550415039062
1.1655460596084595
1.4611670970916748
1.2988780736923218
1.1349263191223145
1.2023404836654663
1.448743462562561
1.6343750953674316
1.1667578220367432
1.095563530921936
1.2995330095291138
1.0370713472366333
1.6490224599838257
1.1092606782913208
1.4554742574691772
1.2328282594680786
1.4473216533660889
1.2176064252853394
1.0137863159179688
1.4625385999679565
1.2166401147842407
1.1568573713302612
1.0007545948028564
2.4340803623199463
1.5544651746749878
1.4612023830413818
1.0640314817428589
1.260184407234192
1.1657180786132812
1.2919251918792725
0.897278904914856
1.2396588325500488
1.532234787940979
0.8888055682182312
1.3425679206848145
1.1666982173919678
1.000083327293396
1.4844508171081543
1.0787988901138306
1.2127091884613037
1.2564681768417358
1.479495882987976
1.1960818767547607
2.0760438442230225
1.1971286535263062
1.4104517698287964
1.2111263275146484
1.5430792570114136
1.2294580936431885
1.4624007940292358
1.2891829013824463
1.0853487253189087
1.134447693824768
1.2300832271575928
1.2327680587768555
1.1931161880493164
2.540956497192383
1.4840590953826904
1.289411187171936
1.3244481086730957
1.1185874938964844
1.1687800884246826
1.6820998191833496
1.2092509269714355
1.2338247299194336
1.4745557308197021
1.373193383216858
1.2884552478790283
1.1666855812072754
1.187975287437439
1.2297192811965942
0.8371562361717224
1.4436020851135254
1.2263141870498657
1.1515260934829712
1.3117647171020508
1.1157472133636475
1.1981018781661987
1.236996054649353
1.4219013452529907
1.1957162618637085
1.1381748914718628
1.1870977878570557
0.9241620898246765
0.7920888066291809
1.2411062717437744
1.2627185583114624
1.195992350578308
0.6289218068122864
1.2722687721252441
1.227920413017273
0.652848482131958
1.3847060203552246
