0.8554536031139787
0.612565915589686
0.8791408722756049
0.7681021114133112
0.9551895861656243
0.662882045854431
0.7665301525508258
0.8496107155274086
0.7948055028815139
0.887298569722196
0.8674943472488438
0.8691693321716263
0.7893207699956161
0.8888786734616534
0.730504252993862
0.8078008335827963
0.750656405577253
0.6599095675256841
1.040970140104026
0.5900256762332483
0.9824303754738327
0.7323608460902015
0.7932025288955611
0.48624269070561954
0.8817167390715595
1.0869167280824232
0.7288427857208317
0.8325681866967851
0.851227238164519
1.0631169383771037
0.7305212243147675
0.8738721737014493
0.7877058023652387
0.8051327044528949
0.9845835515066566
0.8408575713334928
0.6508064528916738
0.7583721185204734
0.8922974866424462
0.8633975892536757
0.7246365283906447
0.8147646160962604
0.9717873738027817
0.7638534063209472
0.6490059264372392
1.0751087515181625
0.9532619195368472
1.006777363831794
0.7384802016779215
0.8883201562418271
0.905552240822647
0.7319450032857184
0.8567095677386211
0.5654396341401008
0.7419176199673132
0.917752024158645
0.7470020224481293
0.8882931488233262
0.9193381047836182
0.8481103837644979
0.822279949145016
0.8051869672249256
0.9032098227401805
0.7445586711241055
1.0463812849835583
0.9828722917717633
0.8125471767520852
0.7826833247586895
0.9093000523989956
0.9070710447323314
0.8667912726201893
0.6816279113808091
0.7279136242845698
0.8483393932405885
0.7750819753546023
0.8037638582070151
0.7995371469023396
0.717472484207222
0.7651014373571347
0.8975183251829202
0.7983906195029299
0.971430062009365
0.7225089759665085
0.7705245685955291
0.9653695165430757
0.7348892447007074
0.5858296977247328
0.649869221405735
1.1314248686460837
0.7068340686647955
0.672521910328222
0.7687756548066548
0.9099127387558194
0.7366738644920016
0.7411550554964828
0.957877776269226
0.8913214525683042
0.6752145283254082
0.818765224286123
0.8879250615327392
0.8699396884774756
0.7408384094522082
0.9760840874039944
0.8198709377043362
0.7079051488066966
0.9572402793089847
0.8288038895636316
0.9656029070947116
0.8762659457248261
1.1687822147764304
0.9411871949173899
0.7149704874390151
0.7244589602086169
0.8667761786363715
0.905233412037814
0.8289447978959028
0.9784211199841334
0.890817193693068
0.6813661614521674
0.7560756567508516
0.7060290537885994
0.8300223375669705
0.6790479179041992
0.9645738792917358
0.7980565013482299
0.9502288158818359
0.8997685471255671
0.8208739844452867
0.8777966837885758
0.7730034358082717
0.8051181942788777
0.8450629373959361
0.7373100317350811
0.7577665340994618
0.8137155469289833
0.6377260964690566
0.8189212159956613
0.860227550908769
0.8127764897507586
0.7376736442973106
0.6233392449683425
0.8576231775702299
0.6261552488864756
0.7286439109124289
0.9103158709656477
0.815490764811209
0.8820130168425692
0.8305584840570518
0.8216668788672348
0.8064886588607634
0.7678554981505563
0.8896301206007486
0.8470936403587231
0.8003006108066335
1.0642273050137152
0.8688678516065895
0.6787801459065359
0.8645653548305559
0.8945179306437941
0.9259253994385671
0.9305594775906432
0.54841963562304
0.6908441927608141
0.8033202032807487
1.0843384644787326
0.800100575621829
0.7827076175805898
0.7505328437714237
0.6952696033061082
0.6693642173561124
0.696057090949941
0.7273353328689004
0.8463817178946637
0.818764459904535
1.0105989132677338
0.6890942865076995
1.0013041699027687
0.62647836438973
0.7399441279763648
0.8666181401886781
0.9354443652350372
1.0974676768728546
0.8419962499879343
0.6961742896550884
0.6340624728139361
0.8594270938689657
0.5495926614374135
0.627879149495956
0.6476884084340128
0.9076342440850095
0.8953944282261247
0.8490548691110065
0.8650377869483568
0.8987551986904758
0.6321675919072509
0.7238447248569804
0.7855854366783256
0.9125911319636201
1.0208045700588289
1.009794407211141
0.8442353589000173
0.949907852271395
0.7439390782029696
0.9300988582653703
0.6839850353714888
0.8706037303246104
0.8679049236133775
0.7084623244773552
0.8367965140656679
0.8423729791737284
0.8421459214628418
0.7763383667016832
0.7817312747943942
0.9443090872039215
0.8198145205371128
0.7657128192594248
0.8337625826296523
0.9653878231182343
1.0192188125041899
0.9366683200627007
0.9805373275300533
0.7809588926025282
0.6669495918222345
0.8994364025476931
0.8276877496251328
0.8177215062596933
0.8146547654646268
0.9023548873940647
0.7796855986119022
0.9111661495148893
0.6442439608159483
0.8044302896320681
0.8232779612885471
0.966463566084983
0.856685668763015
0.8101542141188935
0.8613041886444268
0.6292969439534316
0.8183361119717145
0.7044869992387945
0.8454949813436656
0.9676601129076243
0.8439231700504123
0.7571860493115907
0.9203526880268652
0.8378631023875187
0.6571450812290299
0.8806595405535277
0.7227226109733315
0.8626939395188021
0.9221444210175574
0.6276169926980272
0.7186527275937664
0.8428952591107752
1.0586199659641564
0.7398304993873878
0.7915864073241247
0.7699870281241508
0.8511448182650196
0.9072369501116666
0.996423680615276
0.7741320108582534
0.6717629324133464
0.8007409514917256
0.731309915027984
0.7465197247290154
0.7995122844451286
0.7900986700971134
0.7822603260235308
0.7974902457953149
0.6716198421616039
0.8538594970747714
0.759006943850612
0.7631636864231244
1.0098694861471993
0.8277628922421945
0.6924767570519863
0.6297682412683175
0.7492484545661534
0.7638446277241462
0.8054380977507328
0.8352596784874132
0.9450192971252422
0.9029570379123076
0.6062991307200939
0.9726192119854163
0.905023475416265
0.928953577220371
0.727415147139195
0.7955806997930946
0.8572177588740202
0.7660510460475883
0.7021467064423638
0.7672484649861612
0.7956349397863979
0.7376240309175746
0.9748671568334812
0.798751798159108
0.8586137075421617
0.8975725809251958
0.5308394369236582
0.7018945191234724
0.8433023683859183
0.8919990452752756
0.691797036806903
0.7994492488734686
0.7192602509188092
0.6928697911492887
0.8276891178794235
0.9178485618315296
0.9299292119065324
1.1970448927655222
0.9307763980664095
0.5294840416867393
0.8498585378514346
0.9934917563051764
0.7734971925453966
0.943253638492283
0.7798637380543465
0.8142828167658238
0.838590679529126
0.8429446515164398
0.6668070106205312
1.0344667611808984
0.7266951087611724
0.45312004849589554
0.8694282044311479
0.6846107205860148
0.7999537669173902
0.7350877677649088
0.6437323603018797
0.5086275875244173
0.7230236961074679
0.914962332685008
0.7243611289828261
0.8763326719631497
0.9157854849615424
0.6162545705784417
0.844939707630907
0.918345474404066
0.8451771927881869
0.9738606794771089
0.8313717880519639
0.9785847657650225
0.8248763589976434
0.8003374020039978
0.7693453807691891
0.9787405891014737
0.815064060349803
0.8436558358665174
1.0406625579379793
0.9228744977412071
0.8809109426489329
0.8414714287153416
1.0260305741125222
0.8764309835794938
0.6612415631554659
0.8710043896740777
0.8087360502334142
0.7658207007214769
0.8081953095712282
0.7180729129848719
0.8875948981469828
0.934083984372958
0.6453624898099578
0.792188221406326
0.7558701868195771
0.7542279685029835
0.8616064133658663
0.8699706570839986
0.9982361799793398
0.8078955696529371
0.6678646169773182
0.5693150101180339
0.7471631047483531
0.9654316895695879
0.8490769821914365
0.8055948203554859
0.9028866349703393
0.8702866862387973
0.807199177290173
1.083265824977737
0.7868016104072261
0.7903413216919081
0.8373811401173962
0.7354136575163603
0.832047376019728
0.7013568991509591
1.0000264407477029
0.8350563830338713
0.7696523896734312
0.8696292220837439
0.7289086972897773
0.8644910669080358
0.849016222487657
0.8390460893954826
0.7665871866809918
0.6583763467844813
0.7346137537709607
0.8882397690131997
0.7726864189221229
0.7876905171470425
0.8372741144078627
0.8423088699673592
0.869879289671589
0.888692707731432
0.7885484140998538
0.8064609065434024
0.5912097859568325
0.7748465453780363
0.9434691881668597
0.958884557311111
0.8459052081333674
0.9509151422766251
0.8362027831496806
0.7177595369614882
0.8303068753627346
0.8448890209115398
0.7791093190826243
0.7386832466238648
0.9732853709666592
0.8701304156564099
0.8516399878847787
0.8329325067395235
0.7804205961140372
0.7383431389920315
0.8885918957613949
0.6789309891560014
0.5745727961014084
0.9559461153159069
0.8045450182944409
0.95440157515443
0.8017158159415294
0.8277808577702832
0.7914544370842691
0.9771099605605824
0.8502943138075995
0.8718836061333204
1.0214502745674903
0.8574894147614404
0.778078937928975
0.7925086435514503
0.687602651735311
0.8715914759532916
0.9358048122393152
0.7654810095087788
0.833264729314409
0.8313148608035442
0.8381275550183204
0.7593077710693865
0.6643326250775293
0.7056516904825956
0.8467762405974318
0.9079369995048584
0.7905432985332137
0.6177739226164166
0.7726207704179888
0.6759868911355277
0.7809429028993132
0.7580152502287241
0.9945343142190312
0.730255839117174
0.7860423621417165
0.7838709627466343
0.9594926040090042
0.7790699187475227
0.864232819311108
0.7105759431116108
0.984232853390082
0.9705668061172122
0.8747655764313426
0.7458210078522757
0.7357041207985622
0.8398452125714009
0.9523441748426459
0.7196309958044665
1.087802115382308
0.8813184811653108
0.9200258367476444
0.8732823889617946
0.7873641220821453
0.5538056962138068
0.7964839430541719
0.8626153445862221
1.0559933868728542
0.8289694966340075
0.9146552883219904
0.5909241244831257
0.8895869719693695
0.7476804235490685
0.6432672864812843
0.546665790104551
0.888886384867744
0.7557925100002347
0.7726711451499683
0.6632271040707675
0.8007495489032866
0.9260618924369809
0.7374656740379286
0.8220063737659279
0.856716907755965
0.7947805674033308
0.7512115474387222
0.8415569916327804
0.9485616793086361
0.8524673349940766
0.7446596919865522
0.6269723867149198
0.7153280823269841
0.6464337662079391
1.0618057006532016
0.9711529314293952
