-1.119315266609192
1.343895673751831
-1.8512732982635498
-1.592704176902771
3.058486223220825
-0.04563739523291588
0.5412315130233765
-1.524329662322998
-1.1554462909698486
1.7445690631866455
1.0849477052688599
3.238332748413086
0.6999678015708923
0.02650454267859459
-0.22860361635684967
0.819634199142456
-0.9169264435768127
0.632944643497467
-1.5401400327682495
-0.7776756882667542
1.9173287153244019
2.6248373985290527
1.58716881275177
-1.026652216911316
-0.8558582663536072
-2.0355682373046875
1.1042344570159912
0.4413501024246216
3.2015373706817627
-1.0581609010696411
0.3313373923301697
-0.28169959783554077
2.148423910140991
-0.9428983926773071
1.6655710935592651
-1.1289727687835693
-0.9532853960990906
1.6696323156356812
-2.003718852996826
-0.10777559131383896
-1.1053518056869507
-0.37345123291015625
1.0182287693023682
-1.7291302680969238
-0.047475531697273254
2.2972428798675537
-3.5314905643463135
1.8342375755310059
-0.030940968543291092
4.158034801483154
1.4463982582092285
0.34269165992736816
1.3209431171417236
-0.10635360330343246
-0.43756338953971863
-0.017922356724739075
-1.333061933517456
0.5531209707260132
1.380122423171997
0.011247553862631321
-1.624950885772705
0.999395489692688
0.030339747667312622
4.4831109046936035
1.3259868621826172
1.0377403497695923
1.1074165105819702
-0.46453335881233215
0.1717388778924942
4.119738578796387
1.921156644821167
1.0559282302856445
0.6989243626594543
0.7537199854850769
-0.5166463851928711
0.27519455552101135
-0.018478380516171455
-1.9752262830734253
1.7002592086791992
0.506481945514679
2.233663320541382
-2.153162956237793
-0.17641210556030273
-0.45326322317123413
-1.0806812047958374
-0.29357993602752686
0.9375297427177429
2.489842414855957
0.7030566930770874
-0.14205381274223328
-1.0133103132247925
0.657421886920929
1.6367876529693604
2.0904297828674316
1.2188435792922974
0.9618487358093262
-0.5219290852546692
0.30448663234710693
0.33313125371932983
0.38436511158943176
-0.13387158513069153
0.9163727164268494
1.7304723262786865
0.8990399837493896
-1.945424199104309
0.03731150180101395
0.013557272031903267
-0.32700711488723755
2.6802918910980225
-0.4545447826385498
1.8270301818847656
2.298356771469116
-1.1878141164779663
1.848858118057251
1.174697995185852
-0.33548906445503235
0.6996434330940247
-0.9880066514015198
1.6222294569015503
0.7318958640098572
0.9417646527290344
-1.5657867193222046
0.8846722841262817
1.7034032344818115
-0.2412901669740677
-3.084686279296875
-1.483107566833496
0.4525393843650818
-0.4824831783771515
1.5835585594177246
-0.1135139912366867
3.679283857345581
1.9523639678955078
2.882927179336548
-0.589966893196106
-1.8408706188201904
3.6528661251068115
0.901022732257843
0.7041998505592346
0.24172724783420563
-0.05986366048455238
0.22094720602035522
0.8511743545532227
-1.1737269163131714
1.743950605392456
-2.1995110511779785
0.8903169631958008
2.072690010070801
-0.2506052255630493
2.1841909885406494
0.1585506796836853
2.5129172801971436
-1.1603797674179077
-0.5950565934181213
-0.5807473659515381
0.9621552228927612
-0.1922743022441864
-1.2695540189743042
1.86641263961792
1.2983076572418213
-1.7115683555603027
-0.025054162368178368
-0.3970026671886444
-0.5754839181900024
0.2844178080558777
-1.6279665231704712
-1.6814727783203125
0.7768930792808533
0.918253481388092
3.192899703979492
0.3634621202945709
-2.1646735668182373
2.914820909500122
-3.0283396244049072
1.3045974969863892
-0.958283007144928
-0.3224542438983917
1.3562251329421997
0.20334357023239136
-1.802034616470337
2.114901542663574
3.1513915061950684
1.2028299570083618
-0.32162657380104065
1.0103347301483154
1.2048428058624268
-0.09127961844205856
-0.1449950784444809
0.9284998774528503
0.4385449290275574
0.6997343301773071
0.8674999475479126
-1.5194933414459229
1.4433619976043701
0.48007550835609436
0.9360730051994324
-2.514023780822754
-0.39478787779808044
-3.5565075874328613
1.6022257804870605
-0.3256583511829376
-0.11678700894117355
1.8812412023544312
-1.4828548431396484
-0.5302948355674744
-2.728538990020752
2.9879491329193115
1.3463482856750488
-1.357295036315918
1.1604400873184204
0.01630791835486889
-1.3816691637039185
-1.0032145977020264
-0.39732295274734497
0.5804318189620972
1.0524600744247437
1.7999792098999023
2.1081838607788086
3.4566221237182617
-0.37918540835380554
1.698485016822815
2.1550803184509277
0.22005602717399597
-0.5022621154785156
-0.3541085124015808
1.7004715204238892
-0.851743221282959
0.6560195684432983
1.1458063125610352
-1.0817064046859741
-0.6343624591827393
0.7059686779975891
0.3841381371021271
-5.051324844360352
1.5616682767868042
-0.37933504581451416
0.006011549849063158
-3.3415184020996094
2.607348680496216
-1.049189567565918
1.1946481466293335
2.126164197921753
-0.20866912603378296
-0.1741885095834732
-1.8167051076889038
0.4004884660243988
0.3344886004924774
-1.6612341403961182
-0.3043375313282013
-0.9810290932655334
-0.004538880195468664
0.981745719909668
0.6973398923873901
1.0552738904953003
1.4802583456039429
-1.2830532789230347
0.3896530866622925
1.0907844305038452
-0.9850578904151917
2.3322882652282715
-1.284346103668213
-0.013668078929185867
-1.2076568603515625
2.5386040210723877
-0.9104517698287964
2.429945707321167
0.3278806805610657
0.6550909876823425
-0.20954948663711548
0.1707383394241333
0.7807450294494629
-1.1596537828445435
1.463670253753662
-0.9097856283187866
3.34083890914917
-0.6818278431892395
-0.5448453426361084
-0.07365145534276962
-2.753532886505127
-0.019626500084996223
2.5003011226654053
-0.2901567220687866
-1.79518723487854
0.07470410317182541
-0.28072959184646606
0.1560472697019577
-0.35285815596580505
1.5468158721923828
-1.1741708517074585
1.8088650703430176
0.10732993483543396
1.4674981832504272
-3.9041712284088135
-2.3630669116973877
0.8659461736679077
-0.6464959383010864
2.8545584678649902
-0.19337764382362366
3.7315616607666016
1.8063247203826904
-1.1134757995605469
-0.9402273893356323
-1.5396275520324707
0.329734742641449
1.8624207973480225
-0.6934229731559753
-2.5905325412750244
-1.976871371269226
-3.2807555198669434
0.9177907705307007
-1.2026469707489014
2.4079296588897705
-0.19984610378742218
1.4128448963165283
-0.43527981638908386
0.11546579748392105
0.2030845284461975
-0.8832330107688904
-0.4652007818222046
-0.7717116475105286
-2.1764581203460693
-1.1339223384857178
0.6382478475570679
-0.8042101263999939
0.9691978693008423
-0.7769076228141785
-1.001212477684021
2.9679365158081055
-0.05797942355275154
-0.14980649948120117
3.4190447330474854
0.024569669738411903
-1.8912066221237183
0.82329261302948
0.588854968547821
-0.8955600261688232
0.4797017574310303
0.1044212058186531
0.42459380626678467
-1.8077154159545898
2.763920783996582
2.2711501121520996
-0.052178144454956055
1.2484617233276367
0.2980038821697235
0.781600832939148
1.2307461500167847
-0.40484267473220825
0.811076819896698
-1.3610568046569824
-1.191163420677185
2.2179391384124756
0.03162002190947533
0.6400241851806641
1.390378475189209
-0.22084783017635345
-2.087385654449463
2.5497007369995117
1.7514842748641968
2.2097415924072266
1.1173020601272583
2.152182102203369
-0.36738136410713196
-0.8157572746276855
-0.6716790795326233
0.9083328247070312
-0.9311707615852356
-0.9599073529243469
-2.9491610527038574
1.659295916557312
1.484067440032959
0.9134073257446289
0.27996909618377686
0.24556449055671692
1.6617951393127441
1.1158500909805298
1.2806291580200195
3.049104690551758
-3.579294443130493
0.21322223544120789
-0.97432941198349
0.2027854323387146
-0.04915697127580643
0.2851952612400055
0.13590426743030548
1.1917861700057983
0.5664269924163818
0.6359656453132629
-0.24180136620998383
0.3635389506816864
-3.0629820823669434
0.25277867913246155
-0.548922598361969
2.7347640991210938
1.8112071752548218
0.8157823085784912
0.7242305278778076
0.8267731666564941
2.7841429710388184
-0.22518113255500793
0.778769314289093
1.7786468267440796
-0.7642347812652588
2.45463490486145
-0.8518572449684143
0.33219820261001587
1.7978681325912476
0.2152906209230423
2.929102897644043
1.8913116455078125
2.328178882598877
-2.997328281402588
-1.7233810424804688
-0.47712621092796326
0.9054641127586365
-0.4650128483772278
1.6295270919799805
2.4632527828216553
-0.5852722525596619
0.14418449997901917
1.2404872179031372
-0.14356154203414917
0.8628116846084595
-0.5059399604797363
0.4466964602470398
0.2022695243358612
0.922217607498169
-0.8100196719169617
0.06373374909162521
1.8155790567398071
-0.8329600095748901
-1.1965934038162231
0.4078921377658844
1.4282233715057373
-0.16524331271648407
1.7324100732803345
0.793764591217041
2.338606357574463
0.3984021842479706
-0.3545404374599457
-3.136939525604248
1.4982824325561523
1.6981614828109741
-1.2749838829040527
0.247855082154274
0.9582905769348145
-0.8686366081237793
1.235404133796692
3.3331785202026367
0.6191653609275818
-0.18959802389144897
-1.111719012260437
2.4316015243530273
0.1412609964609146
3.1978847980499268
1.6406983137130737
0.28761881589889526
-2.2688958644866943
2.1841318607330322
0.19904983043670654
-0.7262482643127441
0.17101804912090302
-1.148004174232483
-0.24810998141765594
0.9890767335891724
1.4891626834869385
2.4031975269317627
-1.7705674171447754
1.0810203552246094
-0.4954531192779541
-0.36209896206855774
-2.7246227264404297
0.5257793068885803
-0.9176161885261536
1.465520977973938
0.2874155640602112
0.9062758684158325
-1.023857593536377
-2.158539295196533
1.3080155849456787
-2.999293327331543
-0.1264881193637848
1.1156156063079834
0.2642379105091095
-1.3076413869857788
1.2031385898590088
0.6077871918678284
-0.6181557774543762
1.4971295595169067
0.3862563669681549
1.3206324577331543
-0.5354424118995667
0.48614969849586487
-0.38066449761390686
1.950013518333435
2.0754482746124268
1.9677927494049072
2.8962457180023193
0.5975104570388794
2.2371976375579834
-0.1421053260564804
0.5240824222564697
-0.39286962151527405
-1.0998787879943848
1.570724368095398
0.39352065324783325
1.3502099514007568
-1.414246678352356
-0.01123661920428276
0.1533999890089035
0.5064272880554199
-1.4278782606124878
