1.6122186183929443
-0.24679160118103027
1.5003416538238525
1.9165599346160889
1.4060642719268799
1.001262903213501
-0.2798753082752228
1.568666934967041
0.7813893556594849
1.9895342588424683
1.2670612335205078
1.1456326246261597
0.026895808055996895
0.0351506769657135
1.8913428783416748
0.5620960593223572
0.931973397731781
1.7265141010284424
1.8097931146621704
1.724867343902588
1.1120431423187256
2.177516222000122
1.4816135168075562
1.8401979207992554
1.356433629989624
1.8237073421478271
1.5130263566970825
0.30702775716781616
0.9911176562309265
1.7155768871307373
0.6343746185302734
1.3530250787734985
0.07082722336053848
1.2584595680236816
1.3113690614700317
1.232322335243225
0.44697368144989014
1.4772967100143433
0.5607152581214905
1.270851731300354
0.9624058604240417
1.4379894733428955
1.6920690536499023
1.277093768119812
1.619933843612671
-0.3495256006717682
1.2215696573257446
1.2351609468460083
1.0458381175994873
0.8477634787559509
1.139424443244934
1.7028427124023438
1.4966199398040771
0.9960677027702332
1.5504716634750366
2.0626232624053955
0.5381426215171814
1.2175766229629517
1.5257110595703125
0.7254114747047424
1.9277403354644775
1.2831085920333862
-0.015312191098928452
-0.19627323746681213
0.2921183407306671
1.9629242420196533
1.6738108396530151
1.3188104629516602
1.2664927244186401
1.3493614196777344
1.6040561199188232
1.4136123657226562
1.5087172985076904
0.4769502282142639
1.6808031797409058
0.5677731037139893
1.271368145942688
1.7361208200454712
2.062260150909424
1.1872025728225708
2.196326494216919
1.3904346227645874
1.080275535583496
0.46259307861328125
1.0967967510223389
2.2920596599578857
1.9556654691696167
-0.0842929407954216
1.002593755722046
0.5106138586997986
-0.5251674056053162
1.170283317565918
1.5519155263900757
0.3097798228263855
0.37156298756599426
1.8340179920196533
0.9125432968139648
1.1564559936523438
1.06353759765625
1.348423719406128
0.12808044254779816
1.812974214553833
0.13369254767894745
1.187733769416809
0.6884446144104004
0.025064516812562943
0.9934082627296448
0.8344639539718628
2.2322189807891846
1.1274909973144531
1.3449987173080444
0.9853701591491699
1.4353314638137817
1.5762381553649902
1.6032519340515137
1.8161629438400269
1.933759093284607
1.5443496704101562
-0.06631794571876526
0.4028298854827881
0.8136870265007019
0.22990433871746063
1.5993294715881348
1.9581665992736816
1.2015292644500732
1.6057244539260864
1.1316882371902466
1.491788625717163
0.8453593254089355
1.7499794960021973
1.461327075958252
0.4568372666835785
-0.34842875599861145
0.3946967124938965
1.6730226278305054
0.6379062533378601
0.1595783680677414
1.4636353254318237
1.9982050657272339
0.5075387954711914
1.620354175567627
0.2853548526763916
0.9575684666633606
2.1843206882476807
1.2118003368377686
1.2322152853012085
0.545333206653595
-0.3318106532096863
0.41174817085266113
1.6567981243133545
0.06009494885802269
1.0221960544586182
1.1423145532608032
0.9071632027626038
0.25267118215560913
1.3104009628295898
1.0736159086227417
1.1007094383239746
1.438086986541748
0.48830029368400574
1.5307457447052002
1.4339162111282349
1.8734878301620483
0.9860762357711792
1.4302253723144531
1.3086129426956177
1.4082465171813965
-0.45734742283821106
1.0903745889663696
1.5946333408355713
1.0385323762893677
1.16591215133667
0.8150652050971985
-0.07994358241558075
0.7705352306365967
0.9973828196525574
1.492027759552002
0.021290522068738937
1.571696400642395
2.115091323852539
1.3336164951324463
-0.6411573886871338
1.302614688873291
1.6127079725265503
1.2282131910324097
1.568109393119812
1.4351080656051636
1.5001897811889648
1.2681471109390259
1.7142314910888672
1.2510994672775269
1.2419929504394531
1.2458209991455078
1.5715376138687134
1.050220012664795
1.5036200284957886
1.3525562286376953
1.6122981309890747
1.6428227424621582
0.4015931487083435
1.3649508953094482
1.143139123916626
0.6390664577484131
1.1273576021194458
1.9624521732330322
1.4914507865905762
1.8140161037445068
0.437959760427475
1.0220155715942383
2.0449812412261963
1.415312647819519
1.538735270500183
-0.27991175651550293
0.8612319827079773
0.21498703956604004
0.527863621711731
1.4869524240493774
2.3537840843200684
1.9771133661270142
1.0006743669509888
1.907193899154663
1.4218086004257202
1.9569101333618164
1.6128662824630737
1.039104700088501
1.1151469945907593
1.6119976043701172
1.6938073635101318
-0.32457447052001953
1.7622325420379639
1.7164759635925293
2.0449016094207764
1.0957366228103638
0.7443987727165222
0.18335868418216705
0.7728297114372253
1.1820210218429565
1.3233124017715454
1.8618065118789673
1.2222775220870972
1.0499067306518555
-0.8323982954025269
0.8670120239257812
0.6547496318817139
0.5632089376449585
1.6435900926589966
1.1847405433654785
1.1363189220428467
0.6351754069328308
1.5834428071975708
1.5613805055618286
1.5805761814117432
1.6262212991714478
1.1890814304351807
0.9201298356056213
2.3002073764801025
1.6829050779342651
1.5174356698989868
1.6047497987747192
1.7197948694229126
0.9640503525733948
0.3379480242729187
1.3815127611160278
1.457856297492981
1.5755811929702759
0.06418502330780029
1.3371186256408691
1.4339044094085693
0.659782886505127
1.986932635307312
1.4645270109176636
1.5319254398345947
1.0783154964447021
1.3437249660491943
0.1577433943748474
0.9117282032966614
1.1262402534484863
0.41262108087539673
-0.4017608165740967
0.692916214466095
1.0602270364761353
1.9423856735229492
1.2701568603515625
2.1409833431243896
2.1773204803466797
1.4077346324920654
1.3449676036834717
0.5313389897346497
0.31302112340927124
1.3702223300933838
1.1239739656448364
1.776434302330017
0.09950906038284302
1.2315882444381714
2.0035533905029297
0.5860928893089294
0.2223646193742752
0.48478829860687256
1.8002899885177612
1.4896619319915771
1.1323069334030151
1.6203445196151733
1.4339383840560913
1.5332467555999756
1.7312506437301636
1.6371864080429077
1.5045356750488281
1.3534880876541138
1.7349299192428589
1.5375868082046509
1.4433488845825195
1.9184595346450806
0.8691761493682861
0.3033904731273651
1.6318832635879517
1.4804160594940186
1.663413166999817
1.802455186843872
0.4303854703903198
0.4025113582611084
1.9797568321228027
1.0393908023834229
0.6473684310913086
1.2191022634506226
2.115715742111206
0.030319180339574814
-0.3303104639053345
-0.31959113478660583
1.53678560256958
1.9628565311431885
1.1586813926696777
1.4288705587387085
1.9002842903137207
1.7360612154006958
1.552015781402588
0.8957458138465881
1.6400898694992065
0.18835511803627014
1.414695143699646
-0.36231565475463867
0.4991949200630188
-0.5635867118835449
1.5726633071899414
1.3254902362823486
0.8602586984634399
1.358242392539978
1.3818957805633545
1.247351050376892
1.130018949508667
0.2251318097114563
1.1713879108428955
1.3779492378234863
1.1876907348632812
1.2048667669296265
0.8106033205986023
1.244863748550415
0.7469891309738159
2.1792185306549072
1.08027982711792
1.3012508153915405
0.2537868618965149
0.8291518092155457
1.069467544555664
1.233559250831604
0.33798858523368835
1.4754937887191772
1.3145339488983154
1.6287568807601929
2.037457227706909
-0.07405298203229904
1.1802728176116943
1.853507161140442
1.3132957220077515
1.59510338306427
1.8977348804473877
1.7922714948654175
1.2422771453857422
1.4525450468063354
1.6517884731292725
1.5905892848968506
0.9318974614143372
0.8024255037307739
1.3662985563278198
1.7200062274932861
1.6078804731369019
0.545967698097229
1.8331868648529053
1.3711750507354736
2.0991947650909424
0.8461030721664429
-0.5370709896087646
1.5250589847564697
-0.1375729888677597
0.5948295593261719
1.0804389715194702
0.7479393482208252
1.4043487310409546
1.7661603689193726
1.062684416770935
1.382217288017273
-0.4997765123844147
2.373249053955078
0.5433509349822998
1.9479886293411255
1.966492772102356
1.4908018112182617
1.9598467350006104
1.1223869323730469
0.7357212901115417
0.7760303020477295
0.7070704698562622
1.4287753105163574
1.6983524560928345
0.056430794298648834
1.0747896432876587
0.7586888670921326
0.8857009410858154
1.8762948513031006
-0.021718943491578102
1.2154098749160767
2.1788489818573
1.5496783256530762
-0.7965083718299866
0.31837695837020874
-0.908913791179657
1.055404543876648
1.5018326044082642
2.3043296337127686
1.6923809051513672
0.5079073309898376
-0.5125925540924072
1.6685569286346436
0.639504075050354
1.1336231231689453
1.2530126571655273
1.9077790975570679
1.415735125541687
0.5753604173660278
1.5274497270584106
0.22489359974861145
-0.46915966272354126
1.9643737077713013
1.6086814403533936
0.21810171008110046
1.32841956615448
1.1341321468353271
1.7159953117370605
1.5597678422927856
1.7441840171813965
1.2473387718200684
1.6209378242492676
1.5981619358062744
1.2984522581100464
-0.15171270072460175
-0.6736735701560974
1.401843786239624
0.7348860502243042
1.2254387140274048
0.6779096126556396
0.08091986924409866
1.3243744373321533
0.024451278150081635
0.8041628003120422
1.649196743965149
0.7933638095855713
1.119086503982544
1.5853580236434937
0.445640504360199
1.921812653541565
1.496579647064209
1.2205537557601929
1.778534173965454
-0.22408504784107208
1.7960823774337769
1.6553770303726196
1.1935875415802002
1.899186134338379
0.34621956944465637
1.5132532119750977
1.5562245845794678
1.0980513095855713
1.8396244049072266
1.8829683065414429
1.5234792232513428
1.3167644739151
0.6934288144111633
0.17198845744132996
0.8149964213371277
1.6986055374145508
1.7362796068191528
1.4621953964233398
1.1240129470825195
0.6923407912254333
2.250880002975464
1.7182934284210205
0.029281005263328552
0.5532897114753723
1.7125073671340942
1.823825716972351
1.662353277206421
0.23396669328212738
0.5214958786964417
1.8290046453475952
1.4789233207702637
1.8521487712860107
1.5854301452636719
1.7513571977615356
1.3953362703323364
1.5755287408828735
-0.6319940090179443
1.3236384391784668
1.2105743885040283
