1.2941555976867676
1.6203150749206543
0.5696548819541931
0.9311667084693909
0.6474081873893738
1.1922175884246826
1.2866814136505127
1.088512659072876
1.2523307800292969
0.8299577832221985
1.0637303590774536
0.9347128868103027
1.4609057903289795
1.2813960313796997
0.855240523815155
1.6895873546600342
1.1628817319869995
0.4302482604980469
0.956993043422699
0.6222781538963318
1.082666277885437
0.8209003806114197
0.8019412159919739
1.2522207498550415
0.6045445799827576
0.8062245845794678
1.1558990478515625
1.3945307731628418
1.174244999885559
0.438361257314682
1.286836862564087
1.068993091583252
1.3352125883102417
0.6584699749946594
0.7443779706954956
1.7432104349136353
1.1108320951461792
0.4597603678703308
1.1769901514053345
0.9923116564750671
1.2362935543060303
0.7146445512771606
0.7260949611663818
1.0042778253555298
1.500131368637085
1.1466079950332642
0.9987835884094238
0.9481900334358215
1.698161005973816
1.042011022567749
1.0687626600265503
1.1909737586975098
0.8914352655410767
0.9714592695236206
0.9459874629974365
0.5802719593048096
1.2796586751937866
0.9566306471824646
1.3575434684753418
1.3471177816390991
1.3356056213378906
0.7777277231216431
2.1685564517974854
1.5516374111175537
0.8304896950721741
0.8927282691001892
0.5147531628608704
0.8230881690979004
1.0894882678985596
0.8273627161979675
0.8804132342338562
0.8812169432640076
0.6241418719291687
1.11257803440094
0.9310307502746582
1.2717269659042358
0.7079999446868896
1.0013079643249512
0.5884526371955872
0.975634753704071
1.194055438041687
1.6504160165786743
0.8070226907730103
1.055448293685913
0.8933693766593933
0.8401081562042236
1.5692710876464844
1.949474811553955
1.248228669166565
1.6174532175064087
1.9848889112472534
1.1080751419067383
0.9435968995094299
1.3470380306243896
1.243449091911316
0.8892527222633362
1.1936081647872925
0.9685875773429871
0.8338081240653992
0.6587802171707153
0.9277621507644653
1.0355751514434814
1.8223204612731934
0.97010338306427
1.1980462074279785
1.3983628749847412
1.0865756273269653
1.2974560260772705
1.251323938369751
0.6792924404144287
1.0072189569473267
0.9726355075836182
1.1233845949172974
0.9099258780479431
0.854017436504364
0.8321921229362488
0.8381192684173584
0.5335884690284729
1.343396544456482
1.147043228149414
1.460067629814148
1.0360746383666992
1.0228867530822754
1.0049793720245361
0.9847221970558167
1.072791337966919
0.602662205696106
0.40769246220588684
1.3485299348831177
1.0181846618652344
0.915820837020874
1.1652367115020752
1.4572123289108276
1.116974949836731
0.939530074596405
1.172196626663208
1.356347680091858
0.9704002737998962
0.971354067325592
1.8968455791473389
0.6788440942764282
1.593203067779541
1.1185622215270996
1.0036497116088867
1.1543049812316895
1.2346593141555786
1.3156611919403076
1.5142093896865845
2.147691011428833
0.9098064303398132
1.2878329753875732
0.8002772331237793
0.5383282899856567
0.7544571161270142
1.4282958507537842
0.619379997253418
0.652271568775177
1.5036755800247192
0.6195287704467773
1.6054328680038452
0.8038906455039978
0.8887477517127991
1.237674593925476
1.4653377532958984
0.762279212474823
0.9632643461227417
0.7111825942993164
1.9405204057693481
1.040040373802185
0.7225755453109741
1.1064258813858032
0.8190682530403137
2.1564102172851562
0.9986613988876343
1.112776517868042
0.8951181769371033
0.8530034422874451
2.0929439067840576
0.7363660335540771
0.914898693561554
1.006181240081787
1.5350505113601685
0.8574397563934326
0.6705195307731628
2.0297205448150635
0.4257509410381317
1.1212873458862305
0.9961695075035095
0.8390440344810486
0.6546585559844971
0.9478947520256042
0.9549224376678467
1.1635229587554932
0.817409336566925
2.3563671112060547
0.7292693257331848
0.6802859306335449
1.032996416091919
0.8617861866950989
1.299323320388794
0.6279489994049072
0.7571887373924255
1.1743178367614746
0.984254002571106
1.1141115427017212
0.8653388023376465
0.9090359210968018
1.3806895017623901
1.0402852296829224
1.1184989213943481
0.8121575713157654
0.8618438839912415
1.8292714357376099
0.9629949927330017
1.3001104593276978
1.0884783267974854
0.9684120416641235
0.5760024785995483
1.0308887958526611
0.9744739532470703
1.2671432495117188
1.2511018514633179
1.08455228805542
0.4134626090526581
0.8894276022911072
0.97467041015625
0.7092747092247009
1.475248098373413
1.2298295497894287
0.9117646217346191
0.5359669923782349
0.9077940583229065
0.744575560092926
1.4758599996566772
1.2910858392715454
1.053221583366394
0.8858420252799988
0.7199006080627441
0.9567986726760864
0.963388979434967
0.7720088958740234
1.1154868602752686
1.1811248064041138
1.1624250411987305
1.9301161766052246
0.8031506538391113
0.9572926759719849
1.4887548685073853
1.0423429012298584
0.6264978647232056
0.7281652092933655
0.6080119013786316
0.9868258833885193
1.0084595680236816
1.7089207172393799
0.9581673741340637
1.2273682355880737
1.0489004850387573
0.8835156559944153
1.1025210618972778
1.1778473854064941
1.2495735883712769
1.2873066663742065
0.6280368566513062
0.7445124387741089
1.5312862396240234
1.0387111902236938
1.1750472784042358
1.140741229057312
0.9892289638519287
0.8924390077590942
0.4893193244934082
0.7085422277450562
0.9086681008338928
1.5315117835998535
1.0119379758834839
1.4721426963806152
1.1577672958374023
1.7764300107955933
1.05631422996521
0.8855044841766357
1.1393483877182007
1.095885992050171
0.8107942342758179
0.83847975730896
0.5023893713951111
0.7805188298225403
1.288725733757019
1.000245213508606
0.5632191300392151
0.8168442249298096
0.3283251225948334
1.1091885566711426
0.8871886730194092
1.2508163452148438
1.1579151153564453
1.5023255348205566
1.0973014831542969
1.254964828491211
0.9727374315261841
0.7807669043540955
0.536865234375
0.6590298414230347
0.6445894837379456
1.2000969648361206
0.9663845896720886
0.564904510974884
1.002921223640442
0.8959513902664185
0.7683830857276917
0.781627893447876
0.31185027956962585
1.0028941631317139
1.2714512348175049
0.556277871131897
0.6564003229141235
0.6209102869033813
0.7023204565048218
1.3873956203460693
1.5607202053070068
0.736802339553833
1.3830208778381348
1.2489100694656372
1.3597753047943115
0.6990501284599304
1.446264624595642
1.273378610610962
1.8170928955078125
0.9405267834663391
1.1067135334014893
1.223901629447937
0.769871711730957
0.7819744944572449
1.0059382915496826
1.0372862815856934
1.1080604791641235
0.6128533482551575
1.8737373352050781
1.0545473098754883
1.2894165515899658
1.2883470058441162
2.006885290145874
0.9540796279907227
1.0012538433074951
0.9472854137420654
1.012999176979065
0.7160412073135376
0.7756412625312805
0.9128753542900085
1.1444885730743408
1.2290159463882446
0.9008413553237915
1.0238138437271118
1.5099701881408691
1.329307198524475
0.7264801263809204
1.3636795282363892
1.0238641500473022
0.7853782773017883
0.9205570816993713
1.3054709434509277
1.1984617710113525
1.2114098072052002
1.5321595668792725
1.7711721658706665
0.7691908478736877
0.9776012301445007
1.0808210372924805
0.7948952913284302
1.5196893215179443
2.0659167766571045
0.9322693347930908
0.6868090033531189
0.5549409985542297
0.8549265265464783
0.9463712573051453
1.7863140106201172
0.7859041094779968
0.7514787912368774
0.8734701871871948
1.261470079421997
1.0177596807479858
0.9300840497016907
0.8045321702957153
1.5875831842422485
1.1512895822525024
0.8812259435653687
0.7610787153244019
0.9522624611854553
0.9665015935897827
1.3691192865371704
1.1654034852981567
1.3455065488815308
1.061500072479248
1.1337414979934692
1.1567140817642212
0.7929150462150574
0.980808675289154
0.7953154444694519
0.5342045426368713
1.0611066818237305
1.206442952156067
0.972923219203949
0.9271882176399231
1.0082443952560425
0.8612037897109985
1.2358992099761963
1.1191658973693848
1.3502389192581177
0.8720356822013855
1.334906816482544
0.9411876797676086
0.7812870144844055
1.5915390253067017
1.2076053619384766
1.1580477952957153
0.7125645875930786
0.9425554871559143
1.4068119525909424
0.7128680944442749
1.614120364189148
0.6590685248374939
2.0114521980285645
1.1629308462142944
1.5139726400375366
1.0105645656585693
1.1048825979232788
1.3508397340774536
0.13623639941215515
1.18773353099823
1.9838405847549438
1.0484704971313477
1.2179981470108032
1.1920969486236572
1.0455716848373413
0.8435963988304138
0.6055229902267456
1.2071630954742432
0.5444958209991455
1.7201007604599
1.5555133819580078
1.289116382598877
0.8853644132614136
0.9609817266464233
1.1187106370925903
0.8177377581596375
0.6292240619659424
1.3658336400985718
0.6443843841552734
0.8853405714035034
1.02761709690094
0.45154720544815063
0.9144347906112671
1.632495641708374
1.1487401723861694
0.9644116759300232
1.2866923809051514
1.018720030784607
1.2146018743515015
1.4424527883529663
0.6209307909011841
1.3585001230239868
1.051378607749939
0.9261658787727356
1.2950986623764038
1.1447906494140625
0.6222428679466248
1.110720157623291
0.6032108664512634
1.1213384866714478
0.9417991638183594
0.7154813408851624
2.0488622188568115
0.9420201182365417
0.7220892310142517
0.9762972593307495
0.9460182785987854
0.9530050158500671
0.8950104713439941
1.0391656160354614
0.7860578298568726
0.9997791051864624
0.9632810950279236
1.0546971559524536
0.6540085077285767
1.3750107288360596
0.981281578540802
1.0699729919433594
1.2595669031143188
1.148877739906311
1.1589503288269043
0.8617380261421204
1.3868086338043213
0.9067023992538452
0.5566075444221497
0.962842583656311
1.128989338874817
1.02949059009552
0.5466482639312744
1.2789065837860107
1.4701646566390991
1.1472642421722412
0.917383074760437
0.967129647731781
0.8783844709396362
0.785025417804718
0.15692740678787231
0.994093656539917
0.8573540449142456
1.1458752155303955
1.4197849035263062
0.6470866203308105
