0.8168191264043771
0.8764937190577748
0.6710165090818241
0.9290082105883544
0.8806798448669163
0.9390740283125141
0.691100024324863
0.8775546796450389
0.6420811741928972
1.4938019255866397
0.6113985022841912
0.8979074727861502
0.991758605771606
0.7157226002865308
1.1947341022188065
0.7033944870666318
0.7317039212262431
0.7086241767516496
0.689321044546558
0.9761050019669809
0.6885205503872136
1.4297057857490545
0.9221312026572428
0.91935752245215
1.1642919535975396
0.9247326675939933
1.1914186374708218
0.7775398358262372
0.8028863625052766
0.7244555869379977
0.7602591675641847
0.8677708911364705
0.7076785129608838
0.6682885153489009
1.0917220584027052
0.7970561482097075
0.6632673648957979
0.6408651514012746
1.1164221967622014
0.5833321295680387
0.6833798631279093
0.7673310021716627
0.7182439687935733
0.8495555366382845
0.7559224663162449
0.6773422697022486
0.9532162111758344
0.7272417407099562
0.9007225572003795
1.0389011577883585
0.7409038974667174
0.8513073745863391
0.8235876267186903
1.2770261040829738
1.0186242410935726
1.0364417164043986
0.7996715473404025
0.8373839517158468
0.7684015886339985
0.7894203287189562
0.9526654751033641
0.6553199724709106
0.8115386857162149
0.9570845987203357
0.5555904033089558
0.824909525158434
0.9289099772950412
0.729290392887218
1.0877379501296076
0.8976620592106958
1.014054748787667
0.7373392550619823
0.9827379576246779
0.636184408070735
0.9970767452619069
0.8246021270794835
0.7540719523590333
0.8046062841818108
0.8253412139300136
0.7063737084061846
1.2656194714084013
0.5800028904892158
1.090293742592804
0.6685965511711762
0.7403516134458207
0.7020718514345932
0.7654983733425884
0.8085163177419443
0.8331753459579332
0.7715705230901405
0.8132053473943665
0.6974258758440421
0.8023609570345398
0.7392921274906099
0.7164438907964219
1.2721749632931467
0.8177281757709071
0.5605876371336503
0.8130675027092105
0.7844573831039003
0.7522449359590232
0.7738322865327548
0.8748286698041984
0.7051358277440151
0.8658822078941759
1.1671157635113607
0.8404406609905909
0.7116469821694145
0.7779300420953286
0.5177963784746494
0.8505236112444509
0.7831410682046628
1.4448877734522165
0.7146878605530184
0.7494811892576057
1.4606142801553312
0.9952057179611005
0.8028808317582895
0.7011975346282535
0.5862499785270768
0.7198537236875107
0.5915732746785376
0.87373260999191
0.7308777349012135
0.9374592522984673
1.1406601473475024
0.8938818566218454
0.9657172204087522
1.1176884525992337
1.1547083298142626
0.7895922710815353
0.864318059892486
0.6696905605799828
0.6309839705971848
1.0898123354742406
0.679625572628126
0.886116065543291
1.0194573274318688
1.198775845627911
0.6859888338245107
1.0463021608792828
1.1109386550317868
0.9164883698257765
0.8685548060841498
1.0825244651478958
0.9210168179002667
0.721169265314223
1.0372839374079328
0.7952877099271224
1.0524581296480018
0.8856820323835355
0.7526582346219471
0.6234757536431224
0.8314996092193842
1.1169997695369362
0.9572843323192437
0.8908914273276793
1.0029150441854866
1.0426615063457485
0.8114670722565946
0.8168756774806137
0.9365827910675734
0.8045443515299803
1.068826052988053
0.9434251850306208
0.7803314231744347
0.7076477488931334
0.8212136619692155
0.8409565571667288
0.8402433364227121
0.7844293452430087
0.5953653955864245
0.8200811592504539
0.7056234988863093
0.601905116618132
0.8138961979433319
0.7995731159555964
0.7147378985303501
0.7885593364622187
1.146674098990624
0.7779775830694647
0.7908114404197161
0.9881860201945609
0.567349573944381
0.6534959914865992
0.6752291377000286
0.755385147723474
0.679102534813743
0.5892188553265033
1.087836525248193
0.8628189166257704
0.8264046998279015
0.9390255664030243
0.8039776612233989
0.9455627619601594
0.6774211111626439
0.6807322186316732
0.6684637729926192
1.0822124457837023
1.0239641775518735
0.9216108175076634
0.8209999552109923
0.7369820285557332
0.7632517413991935
0.9981028984455799
1.0413747090444683
0.8801950869193643
0.9182845271676643
0.8785230086216888
1.1195182553566705
0.4874636994809492
0.7814249306718741
0.8014682787271606
0.8695298672482583
0.7448495693151511
0.5939281957155076
0.753202681907806
1.0311294027385483
1.1325109466124743
0.9246565095968874
0.8381333865457996
0.794999260512194
1.2424337566685286
0.7208130797993517
0.6771919307378954
1.0908867337760826
0.932411090099671
0.8548562357873946
0.6331159884008246
1.0732754874092085
1.013828837742878
1.1222012785466955
0.7697729986161496
0.9520595165810212
0.8196083031170012
0.8076456829611485
0.6648217837944325
0.7540690277360892
0.6440294897882897
0.8890475379475962
0.7362049198436007
0.5936206483984676
0.9934015495656852
0.6897849439567773
0.6197768935892564
0.9894705455284115
0.9198461032770586
0.83082113661338
0.7039015282272504
0.9366580111781326
0.9445431065978713
1.073864499472032
0.6531399746140975
0.9111933947801023
1.1858156007382272
0.6862051307448607
0.8345002346849882
0.813355700101933
0.7528265783657024
0.6820682928943397
0.792800404986789
0.7103719963132394
1.0606436280574312
0.7636366039823798
1.0177117614271876
0.7117981036739487
1.2640101931468795
0.9588325276472275
0.660879910712904
0.7530665179454199
0.9564208662177922
0.7663742687151545
0.6380302970547661
1.0609086746547234
1.132430419047488
0.6995607196666265
0.9250410063134276
0.6450194950262575
1.2394958992690575
0.6568605088178996
0.7015519120536752
1.1485220745889808
0.8759422411536855
0.9254521043482623
1.5470340765644155
0.8842207290834887
0.5862599422042871
0.825683493263965
0.6948186091547099
0.7678159084717951
0.6425954806410211
0.7318497202063795
0.714350888637167
0.7755032403682693
1.281585538145924
0.9090392569845283
0.9721067850123939
1.0461925507226482
0.8578846654779636
0.8550966826647465
0.7816431283219651
0.6384929775532949
1.1230868713156366
0.7255863571063095
0.6932001588075019
0.8491905220344639
0.5755648355592996
0.9362686086111737
0.9038321770837605
0.7226132855814442
0.7612890044995312
1.225604982655185
1.0612447621246588
0.805356061509971
1.4245158647997438
0.9993919734217223
0.9934886965499793
1.3332373389417758
0.6567947404721721
1.0772775613371242
1.2483868493415113
0.7490721850988525
0.8180846057009069
0.5960345345578985
0.7595569241972842
0.8112200491362224
0.660260647797299
0.7647843793166615
1.4835141791066897
1.2055443358936904
0.7008588603749957
0.7496756494435386
1.0606040086619026
0.6836300743697308
0.7021691592664442
0.7220635624457327
1.2697419262543175
0.9488896624734193
0.6960852204387848
0.6667711203126111
0.9776483591964454
0.693974878447373
1.269928226695608
0.9035611289539637
0.6154799060919315
0.8751089919192263
0.7123597649549805
0.7076650156803551
0.7304166975599835
0.8189557514394196
1.1318411830355959
0.8037287070626379
0.5491846476096918
0.8524638739395766
0.6492080805116378
0.8055723645732945
0.8970558893234837
0.9451478299563468
0.9600520269382556
0.8470252792634912
0.8874799919559491
0.9095378040470125
0.9018339299230718
0.6520373243080506
1.3271644533157974
0.6183943822786911
0.8317582382239039
0.6054596791233953
1.0714103252037979
0.8989805227806942
0.9451534741525348
0.8996274023200194
0.823631627690542
0.7452490140159148
0.947623972519968
0.8812088441369438
0.6806007789736832
0.9918848376876931
0.9045925181441055
1.1425172242717254
0.8677169357612204
0.7167269479180036
1.04132411074818
0.9152370052649899
0.6812795307163452
1.06843701112953
0.7659231584716756
1.0000857738425573
1.6775821926032277
0.5641632769899324
0.6128886583733112
0.9207333823513679
0.8168920583191611
0.6706446189890313
1.063908014720406
0.8932320172826955
0.7639327212464082
1.090716302323634
1.1332530570116262
0.8084977398323547
0.6402051627364775
1.1835770109396726
0.6210463027584843
1.1351804835967936
1.3304371446673624
0.9398029402880673
1.1949103486975752
0.7852696660811843
0.8424358453293571
0.6553096717333212
0.5979314539960462
0.8133251407737025
0.8348100212547593
0.7841246253191653
1.0664578719727122
0.7042522387077979
0.6669585510083236
1.1065217308327269
1.0572293548011515
0.9768914001806379
0.914851222215428
0.7727007281670608
0.7926574327432602
0.7857013619152693
0.690938725394927
0.8312639527834917
0.7867869136794482
1.2654261778087905
0.9023513534687938
0.8029797484265773
0.8761189736371137
0.9564430209057031
1.2371247294767649
1.0618006484757752
0.9901657296187902
1.1617699190734332
0.8068434422332568
0.7872994324932963
0.869561844362061
0.7886955320410438
0.7614980217800883
0.8635384781751373
0.8798815665961282
0.7562735836040378
0.8051227102284119
0.8180916001137069
0.8665860888423911
0.9295478913444194
0.7791290567538182
0.7113874590206146
0.7172274932015935
0.6686881008200759
0.7064343547735841
0.7351019575156006
0.5265595272444397
0.784960716382309
0.899242578318356
0.8070544353452328
0.8504786888157161
1.1760407023035944
0.5683452547292244
0.7897924772952895
0.6838668589831693
0.8627770868900292
0.8275939467999248
0.8856861375530796
0.8013654565571652
0.7389366113656892
0.6301833373438015
0.8404796310148803
0.7630319950124963
0.9829863855674543
0.8084770234853073
0.9099647816979864
0.9131746860070101
0.7711995901886258
1.090845590050956
0.7082658480491322
0.8555268991991403
0.8639586959211368
0.7157178950089578
1.0064076891247558
0.9299480879559231
0.8714671413576268
0.9430763093527751
0.8072109179730975
0.7342780522412711
1.0175213998517125
0.9068551909099233
0.922457437179486
0.8116255315100033
0.6490639896219614
0.6012174789055992
0.8281003918140463
0.8638291226926625
0.6827421154696979
0.7359949553591502
0.9400220394594452
0.7320771981946413
1.0480011310753288
0.8225263681794054
0.8694284100995542
1.1326366739558715
0.8615110801099375
0.9282933919202749
0.841886943627633
0.9540462799142881
0.9023939908395717
0.9083046547856638
0.802217645439091
0.8369889185934155
0.63768338183799
