0.18740804493427277
0.19378302991390228
-0.3048888146877289
-0.4286819100379944
-0.889758288860321
2.538180112838745
1.8424537181854248
0.1954464316368103
-1.1646232604980469
-1.3002673387527466
0.3296867609024048
-1.150026559829712
0.7585031986236572
-0.5554044842720032
-0.1312841922044754
-1.9869742393493652
-1.520853042602539
-0.7362824082374573
-0.34463807940483093
0.11424761265516281
0.05519774183630943
0.051750313490629196
-0.6707274913787842
-1.8004577159881592
-0.2035387009382248
-2.208662748336792
0.9337533712387085
-0.16845130920410156
-0.13420765101909637
-1.5405279397964478
0.02850644662976265
-1.893424391746521
-0.1811334788799286
0.45520538091659546
-1.3255265951156616
-2.102786064147949
2.043879508972168
0.12635324895381927
-1.1812944412231445
0.046125367283821106
-0.04532577097415924
-0.0773015096783638
-0.4997929334640503
0.4762692153453827
0.6196922063827515
1.3288401365280151
0.010973410680890083
-0.7305570840835571
2.5823283195495605
-1.0864570140838623
-0.3721814453601837
-1.0551426410675049
-1.4208279848098755
-0.914033830165863
0.9594830274581909
0.9260684251785278
-0.18241238594055176
1.453115463256836
1.3228023052215576
0.570940375328064
-1.816234827041626
0.2136368602514267
-1.6220976114273071
-0.4867743253707886
0.5946471691131592
-0.6616019010543823
-0.9464383721351624
-1.2345938682556152
0.9251795411109924
-1.59054696559906
0.07427871227264404
-0.6483439803123474
0.7546799182891846
1.0725977420806885
2.892460823059082
1.8092604875564575
-0.40142592787742615
-0.7808133363723755
1.4077115058898926
-1.2013980150222778
-1.935044288635254
-0.4214465618133545
1.449270486831665
-0.06568991392850876
1.5864412784576416
0.3875139653682709
2.083390951156616
0.15367743372917175
2.100914478302002
0.055788591504096985
0.33965614438056946
-1.2481677532196045
-0.8165380954742432
-1.342943549156189
-1.055815577507019
-0.304854154586792
-1.649512529373169
0.5446908473968506
-0.6033894419670105
-1.070672869682312
0.21705934405326843
0.5359864830970764
1.7325563430786133
0.8946288824081421
-1.492584466934204
-0.5122964382171631
-1.0046402215957642
1.994374394416809
-0.5265264511108398
0.44860440492630005
0.1100291907787323
-1.082068920135498
-0.5464993715286255
-0.7141309380531311
-2.0519628524780273
1.657220721244812
-0.3247040808200836
-0.18802861869335175
-0.8078475594520569
-0.04930246248841286
1.2707079648971558
1.5071613788604736
-2.58309006690979
0.09611047804355621
1.5818860530853271
1.907528042793274
-0.7713549137115479
0.4857505261898041
-0.07886350154876709
-0.6532002687454224
-1.678099274635315
0.8487889766693115
-0.8952946066856384
-1.2033264636993408
0.8964791297912598
1.1903536319732666
-1.6129727363586426
-0.8423315286636353
1.6400036811828613
-0.1268598884344101
-1.8671133518218994
-0.7020343542098999
-1.5491139888763428
2.182995557785034
0.048019327223300934
1.9597026109695435
-1.4986315965652466
-0.8747755885124207
0.26810210943222046
1.4633842706680298
0.6476082801818848
0.3544978201389313
0.47757530212402344
0.08095893263816833
0.6105033755302429
-0.01220002956688404
-2.1948885917663574
0.82718825340271
0.9142481684684753
-0.1576627939939499
-0.9936501979827881
-0.5571588277816772
-0.4085419178009033
-0.8361383080482483
-0.36610615253448486
0.006596540100872517
0.4311550259590149
-0.46880534291267395
1.2400662899017334
0.24895302951335907
-0.42907556891441345
-0.7336817979812622
1.051595687866211
1.2552576065063477
0.8667907118797302
-1.1887680292129517
0.923403799533844
0.41388341784477234
0.7403873205184937
0.19208666682243347
-1.0518244504928589
0.7543075680732727
-0.8960812091827393
-1.6339703798294067
-0.11815202981233597
0.5268662571907043
0.0267680361866951
0.8991308212280273
-0.45815321803092957
0.571541965007782
2.269883871078491
0.5832412242889404
-0.3446744382381439
-0.294671893119812
2.0731523036956787
-0.4060900807380676
0.11931712180376053
0.28704190254211426
-2.257662534713745
-0.07009182870388031
0.164006307721138
1.42440664768219
-0.25879618525505066
-0.4819020628929138
0.3113267123699188
-0.6546464562416077
-0.902652382850647
-1.0999388694763184
-1.65524423122406
-0.38928288221359253
0.13436715304851532
1.418778657913208
-0.3854939639568329
-4.870425701141357
-2.0475728511810303
-0.04491875693202019
-0.4664904475212097
0.11047656834125519
0.1277870237827301
1.8279266357421875
0.9958919286727905
0.9191519618034363
-1.132199764251709
-0.019374683499336243
0.245655357837677
-3.2844831943511963
0.2942759394645691
-0.6182660460472107
-2.742467164993286
-1.8194897174835205
1.3681492805480957
-1.290828824043274
0.9417018294334412
3.7105956077575684
0.3287932872772217
-1.1729257106781006
0.11755962669849396
-2.0833208560943604
-0.7650962471961975
1.1945067644119263
-1.2263545989990234
-1.3013306856155396
-1.0401781797409058
-0.43855831027030945
0.5723428130149841
-0.5345916748046875
-0.25132954120635986
1.397868037223816
2.6079866886138916
-1.2145365476608276
0.41941091418266296
-0.838756263256073
-2.534759283065796
0.7214272022247314
-3.0646469593048096
-0.03392162546515465
1.764743685722351
-0.6533098816871643
2.0589802265167236
-0.7627473473548889
1.499962329864502
-0.7511342763900757
-0.9133526086807251
-1.2364157438278198
-0.6160147786140442
0.3515048027038574
0.18887722492218018
-1.2720357179641724
-1.0396167039871216
2.322402000427246
0.3272695541381836
0.1502835899591446
-0.9881166815757751
1.1730084419250488
1.3590962886810303
-0.7544966340065002
-0.1799994856119156
0.6879451274871826
0.08456995338201523
0.009769199416041374
2.057746648788452
-0.4699914753437042
-0.8899306654930115
-0.49808821082115173
1.9132846593856812
-4.039013385772705
-0.18155494332313538
-0.6117493510246277
-0.5292596220970154
1.4126694202423096
0.8244348764419556
0.23141388595104218
2.172762870788574
1.5842363834381104
1.8264153003692627
1.4242926836013794
-1.0104707479476929
1.772714376449585
-1.8084514141082764
0.2501019835472107
-1.3000582456588745
0.7045290470123291
0.7425307035446167
1.0333131551742554
0.2619786560535431
-0.7730242609977722
0.37056824564933777
0.6575939059257507
1.0777944326400757
-0.9067227244377136
0.6596571803092957
-1.5613170862197876
-1.9375861883163452
0.3787848949432373
-1.4318548440933228
-0.33946493268013
0.3879089057445526
-0.8366453051567078
-0.4418643116950989
-1.3932678699493408
-0.6346117258071899
0.9498374462127686
-1.2806384563446045
-0.4694886803627014
-1.9510396718978882
-0.32191383838653564
0.39682960510253906
1.172622561454773
2.6408703327178955
-1.5443905591964722
0.10424139350652695
0.7551515102386475
0.3791463077068329
1.4830092191696167
1.078178882598877
0.3946794867515564
0.6537250876426697
1.6972094774246216
-0.920517086982727
-0.0031158183701336384
2.129960536956787
0.2474461793899536
2.316728115081787
0.735952615737915
1.0930485725402832
-0.4797956049442291
-0.6745019555091858
2.9944069385528564
0.05153016000986099
-1.7980457544326782
1.0820837020874023
1.303131341934204
0.36715811491012573
-1.0260460376739502
0.9792996048927307
1.3712618350982666
-1.912987470626831
1.482011318206787
-1.1367039680480957
0.5694248676300049
0.3456004559993744
-1.9636183977127075
-1.0449135303497314
-0.30814042687416077
-0.09032584726810455
-0.4259074032306671
-0.19102682173252106
-0.2107710987329483
0.2180621325969696
-0.02122509479522705
-2.2747931480407715
-0.23136325180530548
0.8682886958122253
-1.7808488607406616
1.5645655393600464
-0.9155431389808655
0.9932674169540405
-0.7839047312736511
-0.8166776299476624
1.47516930103302
-0.7783657908439636
-1.036306381225586
1.5313925743103027
-1.4070072174072266
0.29981526732444763
0.10588984936475754
0.6353050470352173
-1.5777226686477661
3.0816168785095215
-0.4604595899581909
0.25442492961883545
0.6462994813919067
-2.192607879638672
1.3985825777053833
0.031136346980929375
-1.0730435848236084
-1.218595266342163
2.721233367919922
-0.4844004809856415
-1.3050559759140015
-0.16254758834838867
0.4207916259765625
0.25583362579345703
0.520053505897522
-1.325039029121399
-1.1258907318115234
-0.11830071359872818
-1.2882064580917358
0.16790243983268738
-0.03528226166963577
1.1441714763641357
-2.031642436981201
1.8601452112197876
0.8354129791259766
-0.8041183352470398
-2.6768760681152344
-0.5837148427963257
2.2562668323516846
1.1253389120101929
-3.169534206390381
-0.10378172993659973
0.10468821227550507
0.25019633769989014
1.9080008268356323
0.6220307946205139
-2.1213936805725098
-0.6596468687057495
-0.33669963479042053
0.24467338621616364
-2.2148306369781494
-0.5159176588058472
-0.8602914214134216
0.5113577246665955
-0.9282002449035645
-0.2973683774471283
2.439871311187744
-1.3063255548477173
-0.561369001865387
0.876376748085022
0.8718255758285522
-1.4287681579589844
0.27580833435058594
1.2711328268051147
0.27162855863571167
-1.5000650882720947
1.270237922668457
-2.4482107162475586
-1.1052675247192383
0.7378399968147278
-1.3648085594177246
1.8461253643035889
-0.11854731291532516
-1.2623810768127441
0.5816145539283752
-0.9906206130981445
0.009914650581777096
-0.92452472448349
0.7688633799552917
-0.2478632777929306
0.7339145541191101
-0.4153192639350891
-1.2588887214660645
-1.7247560024261475
0.9047298431396484
0.5832197666168213
-1.3144447803497314
0.019703278318047523
0.6887304186820984
-2.1798057556152344
-0.7134500741958618
-1.324714183807373
1.911790132522583
0.19903826713562012
0.7933404445648193
-0.23170964419841766
-0.036985352635383606
-1.6485066413879395
0.276309609413147
0.7212439775466919
2.0347704887390137
-1.5413397550582886
0.8364273309707642
0.1629728227853775
-0.280669242143631
-1.313226580619812
-0.16506527364253998
1.2608189582824707
-0.4779480993747711
1.823987603187561
0.7941491603851318
-1.5403655767440796
0.9653611779212952
2.96127986907959
0.36382392048835754
0.24642351269721985
1.53103768825531
0.11994343250989914
0.596316397190094
0.39285150170326233
1.1340035200119019
1.3714900016784668
-1.6071958541870117
-2.8773558139801025
-0.12288269400596619
-0.9769420027732849
-1.8839634656906128
0.002490441547706723
0.3628121614456177
-1.1097173690795898
1.6486327648162842
-1.2677724361419678
-0.5356321930885315
