-0.6744025349617004
-1.0727940797805786
-1.1834638118743896
-1.8396464586257935
-0.8441989421844482
-0.7082026600837708
-0.9204554557800293
-1.1814324855804443
-0.4870372712612152
-0.471209853887558
-1.305065631866455
-1.5850356817245483
-1.8114498853683472
-0.7167865037918091
-0.3844289481639862
-0.880539059638977
1.530574083328247
-0.5580642223358154
-0.6079153418540955
2.1075751781463623
-2.0024428367614746
-0.637658417224884
-1.517341136932373
-1.5204702615737915
-0.6719348430633545
-1.4064861536026
1.3866316080093384
-1.0303092002868652
-1.0186388492584229
1.2221814393997192
-0.9327376484870911
-0.5421026945114136
-1.227980613708496
-0.2916458249092102
-1.2525535821914673
-0.765738844871521
-0.4965900778770447
1.1516311168670654
-0.04900114983320236
0.2596469223499298
-0.9294463396072388
-0.6944738030433655
1.789711833000183
-1.5007011890411377
1.5258535146713257
-1.3696656227111816
-1.3134913444519043
-1.192940354347229
1.334144949913025
0.5973564386367798
-0.22935695946216583
-0.6966296434402466
-1.2053240537643433
-0.9117140173912048
-0.9426014423370361
-1.5580878257751465
-0.5482985973358154
-0.7095963954925537
-1.0039300918579102
0.5510909557342529
-0.9723012447357178
0.21122227609157562
1.343899130821228
1.3153300285339355
1.316720724105835
1.3687165975570679
-1.4024995565414429
-1.7930030822753906
-1.2849162817001343
-0.14642171561717987
-1.3639479875564575
-1.3222824335098267
-1.1550523042678833
-1.1075645685195923
-0.4910694658756256
-0.5084067583084106
-0.7780460119247437
-1.0287706851959229
-1.7609150409698486
1.7468483448028564
1.7638169527053833
-1.1081243753433228
-0.7559733986854553
-0.7055816054344177
1.5785614252090454
0.07182496786117554
-0.9190306067466736
1.2635811567306519
-0.8297238945960999
-0.955656886100769
0.8279101252555847
1.573227882385254
-0.8790673017501831
0.7598037719726562
-1.4883419275283813
-1.1732052564620972
1.8007930517196655
0.08692363649606705
0.36207014322280884
-0.38813573122024536
-1.0771608352661133
-1.1185156106948853
-1.5417587757110596
-0.5983380675315857
1.3290740251541138
1.586262583732605
-0.9113994836807251
-0.9724111557006836
-1.3262553215026855
-1.243567943572998
-1.1717036962509155
-0.6563812494277954
-0.13376472890377045
0.7123252749443054
-0.9849460124969482
-0.9206390380859375
-0.7342153787612915
-0.5775918960571289
1.2003480195999146
-0.9085153341293335
0.16593320667743683
1.3297876119613647
-0.5166110396385193
1.6694601774215698
-1.6454355716705322
-1.4191417694091797
-1.2685214281082153
-1.1135962009429932
-1.8040122985839844
1.3307609558105469
-0.8802156448364258
-1.2241525650024414
-1.1199442148208618
1.9626609086990356
-0.06934009492397308
-0.8367838859558105
-1.154619574546814
-0.9996317028999329
-1.1391160488128662
-0.6038651466369629
1.3926386833190918
0.1571108102798462
-0.5584362745285034
-0.5830723643302917
-0.2990249693393707
-0.19478057324886322
-1.778744101524353
-0.7222501635551453
-1.2086950540542603
-1.1908432245254517
0.029758894816040993
0.19654838740825653
2.0524659156799316
-0.9948890805244446
1.7243037223815918
-1.4296091794967651
-1.4685122966766357
0.2553158104419708
-1.8226782083511353
-0.9526450037956238
1.6106470823287964
1.6112502813339233
1.9113214015960693
-1.0491172075271606
-0.7362611889839172
-0.8325434923171997
1.3453764915466309
-1.0144485235214233
-0.007485595066100359
0.806794285774231
-1.564949870109558
-1.018029808998108
-0.9851565957069397
-0.4815150797367096
-0.5783169865608215
-0.6715462803840637
-2.031723976135254
-0.3628031611442566
-0.8573446869850159
-1.3597357273101807
-0.20390866696834564
-0.6341140270233154
-0.48529860377311707
-0.1104489266872406
-1.454183578491211
-0.09150424599647522
1.403508186340332
-1.10823655128479
-0.20807509124279022
-1.15736722946167
-0.7095978260040283
-0.8886946439743042
-0.40227293968200684
1.7130392789840698
-0.27686402201652527
-1.072181224822998
-1.8548048734664917
-0.8945116400718689
-0.7855874300003052
-1.4284359216690063
0.9827214479446411
-0.011234607547521591
-0.43813300132751465
0.004743923898786306
1.4436976909637451
1.6238176822662354
-0.9468691349029541
-1.084078073501587
-0.8957551717758179
-1.1568584442138672
-0.6203809380531311
-1.3708723783493042
-0.8060489892959595
-1.1070798635482788
-1.982587218284607
-0.8951457142829895
-0.9627128839492798
-0.1593228578567505
-1.2619483470916748
-1.1320726871490479
1.0489037036895752
-0.9376575946807861
1.536429524421692
-0.7863498330116272
-0.6223029494285583
-0.4744872748851776
-0.4591876268386841
-1.035338282585144
-0.610981285572052
0.9743636846542358
1.3012802600860596
-0.8405506014823914
0.48229312896728516
0.33728620409965515
-0.9947715997695923
-1.8052918910980225
0.7932019829750061
0.18523117899894714
1.7800320386886597
-1.1501092910766602
-1.4397796392440796
0.98089599609375
-1.5281870365142822
-0.7741546034812927
-0.959889829158783
-1.47390615940094
-1.1448262929916382
-0.7146534323692322
-0.5665270090103149
-0.49480366706848145
1.3707139492034912
-1.6223242282867432
-1.265372633934021
-1.6510233879089355
-0.9910381436347961
0.6418815851211548
1.2168688774108887
-0.7194520235061646
1.1185283660888672
-0.863760232925415
-1.4322329759597778
-0.9153465628623962
-1.2730358839035034
-1.1702501773834229
-0.44891273975372314
-1.1464020013809204
-1.7484588623046875
1.359336495399475
0.0704563558101654
-1.5637590885162354
-1.3390036821365356
1.5681054592132568
-0.4519858658313751
-1.1267510652542114
1.6212832927703857
0.5502819418907166
-1.2144546508789062
-0.530227541923523
-0.8039353489875793
0.537867546081543
-0.08084230870008469
-0.38286688923835754
0.1269330233335495
-1.4105020761489868
1.386569619178772
-1.3784254789352417
-0.2259507179260254
-0.23101824522018433
2.067214250564575
-0.5736165642738342
-0.6508722305297852
-0.9576964378356934
1.3935822248458862
-0.7339922189712524
1.398601770401001
-0.34307923913002014
-1.0022493600845337
-0.9688982367515564
-1.6942228078842163
1.367509126663208
-1.8900251388549805
-1.7277930974960327
-0.6653436422348022
-0.42032164335250854
0.3605899512767792
1.86966872215271
-1.2580140829086304
-1.4331271648406982
-0.6583124399185181
1.035443902015686
-1.7842466831207275
-0.059604376554489136
-0.7773882746696472
-1.4905859231948853
-0.8685494661331177
-0.9635764956474304
1.0955965518951416
-0.8007892370223999
-1.1482744216918945
1.218700885772705
-1.273003101348877
1.9937719106674194
-1.8581916093826294
1.6742815971374512
1.4933456182479858
-0.0808110237121582
2.043700695037842
-1.479984164237976
0.9419060349464417
0.8537902235984802
-0.4915104806423187
2.0557570457458496
-0.37995654344558716
2.025568962097168
-0.724526047706604
-0.9692499041557312
-0.6933492422103882
-1.1925870180130005
-0.4247826039791107
0.26469600200653076
0.5340535640716553
0.921809196472168
1.0219732522964478
1.3450924158096313
-0.36394861340522766
0.2598954737186432
1.6228433847427368
1.3783316612243652
-0.9454951286315918
-0.9802743792533875
1.6146284341812134
1.7092385292053223
-1.1131755113601685
1.522674560546875
-1.2869259119033813
-0.6851751804351807
-2.078254222869873
-1.2275196313858032
-1.3362576961517334
-0.763171911239624
-0.29277145862579346
-0.5560674071311951
-0.8920801281929016
0.09208227694034576
1.1070618629455566
-0.6930608153343201
0.5277707576751709
1.3429657220840454
-1.2414618730545044
-0.4863588809967041
1.5620057582855225
-0.87175452709198
1.712545394897461
-1.511684536933899
1.7753777503967285
-1.218833088874817
-1.219283938407898
1.4882991313934326
-1.4542007446289062
-0.8218899965286255
-0.7684174180030823
-0.528504490852356
-0.761364758014679
1.5309321880340576
-1.148667335510254
-1.006826400756836
0.42761504650115967
-0.46913594007492065
-1.028610110282898
0.10594016313552856
-0.2608603835105896
-0.9106951951980591
-0.44556933641433716
1.4854736328125
-0.7666321396827698
-1.0534368753433228
-1.7888025045394897
-0.6353459358215332
-0.6385141611099243
-1.050848364830017
-0.9323897957801819
0.131156787276268
-1.2378647327423096
0.23586571216583252
1.7069847583770752
0.7925252318382263
-1.539167046546936
-1.4171850681304932
-0.11064855754375458
-1.5688978433609009
1.8151583671569824
-1.1677508354187012
-0.5306488871574402
-0.6245735883712769
-0.6887019872665405
1.0003955364227295
-1.0189169645309448
-0.7832129597663879
0.9564054012298584
0.06695199012756348
0.16116835176944733
0.1515921801328659
-1.283861517906189
2.166693687438965
1.538840651512146
-1.4181466102600098
-0.9202196598052979
-1.1218359470367432
0.2560269832611084
-1.3732408285140991
1.5858585834503174
-0.6255044937133789
1.3363150358200073
-0.7967481017112732
1.3378337621688843
1.0544102191925049
-1.4639289379119873
-1.442689061164856
1.8763986825942993
-0.6145164966583252
0.3446756601333618
-1.576345682144165
-0.09194903820753098
-0.9010806083679199
-1.0271215438842773
-0.5716844797134399
-1.0490167140960693
0.25003790855407715
-1.3649362325668335
-1.1370877027511597
-1.240250587463379
-1.162771224975586
-0.6414996981620789
-0.7776274681091309
1.3743724822998047
0.3027118444442749
-1.5167489051818848
-1.0453379154205322
-1.2697776556015015
-1.1408019065856934
-0.6879498362541199
-0.08340559154748917
1.738764762878418
0.9163663983345032
-1.3214876651763916
-0.5724952220916748
-1.2291967868804932
-0.36752891540527344
-1.4064815044403076
-1.0101901292800903
-1.065496563911438
1.8855431079864502
-0.6532934904098511
-0.765238344669342
-0.8566896915435791
-0.4458639621734619
-1.7316871881484985
-1.4305715560913086
-0.8470329642295837
-1.426937222480774
-1.844851016998291
-0.168422669172287
-0.24339281022548676
0.7114160656929016
-0.00976316537708044
-1.0645557641983032
-1.1037845611572266
-0.30030298233032227
-0.6074999570846558
1.180587887763977
-1.0509926080703735
0.9984835982322693
-0.9389227032661438
-0.41776570677757263
-0.06408395618200302
-1.323426604270935
-0.11703833937644958
0.10687743127346039
0.9552003741264343
1.3499078750610352
-1.030122995376587
-0.7192279696464539
-0.8662850260734558
-0.538953423500061
-0.93325275182724
-1.4068500995635986
1.568198561668396
-0.2661460041999817
1.2252072095870972
1.6466089487075806
-0.003919709473848343
0.1559758484363556
