1.517331838607788
1.6008641719818115
1.468981146812439
1.471333622932434
1.4275397062301636
1.6264756917953491
1.1663938760757446
1.4125123023986816
1.487510323524475
1.4873331785202026
1.3715507984161377
1.5657916069030762
1.5420093536376953
1.3985533714294434
1.3417489528656006
1.371124267578125
0.6012166738510132
1.091245412826538
1.3560205698013306
0.6727116703987122
1.4602525234222412
1.4753788709640503
1.290830135345459
1.4374319314956665
1.4116289615631104
1.3761029243469238
0.7978858351707458
1.4887653589248657
1.1458086967468262
0.8108434677124023
1.2344173192977905
1.5000337362289429
1.7883689403533936
1.2608628273010254
1.5946540832519531
1.4284379482269287
1.1252297163009644
0.7406956553459167
1.4709011316299438
1.2167106866836548
1.6330926418304443
1.5653820037841797
0.494141161441803
1.4730584621429443
0.5536681413650513
1.4106206893920898
1.2917628288269043
1.302270531654358
0.5658396482467651
1.1041473150253296
1.5583454370498657
1.4460151195526123
1.5329042673110962
1.4865531921386719
1.567995548248291
1.702173113822937
1.308258056640625
1.294568657875061
1.416258692741394
1.0285407304763794
1.5922552347183228
1.3466315269470215
0.5645583868026733
0.6192919611930847
0.8320609331130981
0.8298447132110596
1.5051053762435913
1.4326207637786865
1.6800713539123535
1.301283359527588
1.4323011636734009
1.2815749645233154
1.5035266876220703
1.587281346321106
1.4633897542953491
1.3264425992965698
1.561850666999817
1.5743728876113892
1.5910784006118774
0.7194932699203491
0.6420844793319702
1.5542271137237549
1.2872198820114136
1.3908677101135254
0.7322533130645752
1.226358413696289
1.4935468435287476
1.02052640914917
1.283617377281189
1.491571307182312
0.936423659324646
0.6677173376083374
1.447163462638855
1.1431870460510254
1.3628716468811035
1.5911251306533813
0.6169829964637756
1.4144716262817383
1.393288493156433
1.3761945962905884
1.244268774986267
1.5490893125534058
1.4051313400268555
1.2786943912506104
0.27339667081832886
0.5865262746810913
1.3260021209716797
1.5126540660858154
1.4052940607070923
1.449127435684204
1.5564649105072021
1.35494863986969
1.068278193473816
1.1652781963348389
1.5569102764129639
1.4676268100738525
1.5833951234817505
1.2184141874313354
1.3588578701019287
1.3388344049453735
1.14969003200531
1.5617605447769165
1.1789131164550781
0.5737922787666321
1.4632349014282227
1.4749462604522705
1.5621776580810547
1.2551015615463257
1.6428873538970947
0.578191339969635
1.6432026624679565
1.4070360660552979
1.3039110898971558
0.7551578879356384
1.6199661493301392
1.5267508029937744
1.3616334199905396
1.4156609773635864
1.6282384395599365
1.011106014251709
0.6251071095466614
1.6143025159835815
1.4479846954345703
1.5490211248397827
1.3105891942977905
1.579743504524231
1.5942997932434082
1.4106489419937134
1.5287368297576904
1.466260552406311
1.3299639225006104
1.3976458311080933
0.5830146074295044
1.457094669342041
0.5370676517486572
1.2153253555297852
1.522886037826538
1.3188773393630981
2.190896511077881
1.4888116121292114
0.5580706596374512
0.6118729710578918
0.6707783341407776
1.4476608037948608
1.2623116970062256
1.3242371082305908
0.5135164260864258
1.499300241470337
1.1977686882019043
1.2780678272247314
1.310362458229065
1.3161801099777222
1.3945987224578857
1.2980135679244995
1.0683715343475342
1.5771218538284302
1.58161199092865
1.1162021160125732
1.44052255153656
1.3622413873672485
1.454548954963684
1.3796608448028564
1.3249810934066772
1.556837558746338
1.4732822179794312
1.3888694047927856
0.6170286536216736
1.3655081987380981
1.3003088235855103
1.3220727443695068
1.3597694635391235
1.387646198272705
1.0752387046813965
0.5220311880111694
1.6355987787246704
1.3947018384933472
1.5186363458633423
1.4676780700683594
1.4689632654190063
1.1402186155319214
0.9996645450592041
1.7715284824371338
1.1759967803955078
1.2737915515899658
0.7261565923690796
0.7526700496673584
1.4413098096847534
1.4012396335601807
1.5300161838531494
1.50693678855896
1.047853946685791
1.4845781326293945
1.308767318725586
1.3439867496490479
1.5299996137619019
1.2483735084533691
1.3099629878997803
1.3532408475875854
1.4244303703308105
1.506386637687683
0.9668772220611572
1.4619539976119995
0.7704041004180908
1.5234150886535645
1.0670669078826904
1.1374024152755737
1.3361555337905884
1.956051230430603
1.349089503288269
0.8884961605072021
0.5758224725723267
1.6569081544876099
1.3740794658660889
1.0126904249191284
1.4714332818984985
1.7011187076568604
0.991237998008728
1.210455060005188
0.5801631212234497
1.5995415449142456
1.6293243169784546
0.97381591796875
1.5169761180877686
1.2462743520736694
1.3037121295928955
1.4447824954986572
1.4010894298553467
1.4967567920684814
1.0780147314071655
1.555029034614563
0.6221227049827576
1.2330135107040405
1.3611127138137817
1.4521498680114746
1.4007158279418945
0.898144543170929
1.1707416772842407
1.4933583736419678
1.4231165647506714
1.5010178089141846
1.558347463607788
1.4390335083007812
1.3117667436599731
1.27882719039917
1.3735699653625488
1.1933730840682983
1.1569163799285889
0.7222229838371277
1.3020551204681396
1.3132244348526
1.552482008934021
0.5484676361083984
1.194814920425415
1.4333635568618774
0.6777365803718567
1.0004303455352783
1.4450269937515259
1.4646821022033691
1.5034160614013672
1.149222493171692
1.2546229362487793
1.5662041902542114
1.2964929342269897
1.4751787185668945
0.7017592787742615
1.241315245628357
1.4193415641784668
1.2927157878875732
0.8055090308189392
1.4667778015136719
1.2467525005340576
1.3427352905273438
0.8403310775756836
1.3325053453445435
0.4296901822090149
1.1622505187988281
1.4686329364776611
1.1893845796585083
1.4974253177642822
0.724643349647522
1.7079212665557861
1.383886456489563
1.4512372016906738
1.4068918228149414
1.4897747039794922
0.7123395204544067
1.2787286043167114
1.4456379413604736
1.3936611413955688
1.007964849472046
1.3963252305984497
1.1838184595108032
1.2491428852081299
1.5414581298828125
1.521336555480957
1.3838582038879395
0.8366102576255798
1.3323172330856323
1.4275603294372559
1.2284542322158813
1.3354811668395996
0.6387261152267456
1.6118216514587402
0.701180100440979
0.9093018174171448
1.230905294418335
0.6110619902610779
1.3770920038223267
0.7585230469703674
0.9462519288063049
1.0989582538604736
0.6650442481040955
1.2312418222427368
0.6030430793762207
1.3823562860488892
1.276852011680603
1.2625739574432373
1.4176199436187744
1.4422125816345215
1.2396692037582397
1.0917872190475464
1.723884105682373
0.8920458555221558
0.5710984468460083
1.6170130968093872
1.4624215364456177
0.7883055806159973
1.0101284980773926
1.053055763244629
1.295842170715332
0.5902392864227295
0.7818755507469177
1.2965987920761108
0.48007598519325256
1.4830663204193115
1.6146724224090576
1.969910979270935
1.4240241050720215
1.102957010269165
1.2799378633499146
1.5238224267959595
1.4338957071304321
1.1598211526870728
1.4060173034667969
1.0900593996047974
1.3331609964370728
1.2887754440307617
0.3729393780231476
1.6407294273376465
1.6026395559310913
0.546092689037323
1.5361690521240234
0.574106752872467
1.3405827283859253
0.6199948191642761
1.345971941947937
1.2984484434127808
0.5701060891151428
1.4691202640533447
1.2899757623672485
1.2767406702041626
1.3999254703521729
1.4696872234344482
0.5037326216697693
1.3230024576187134
1.3276933431625366
1.2368204593658447
1.2880079746246338
1.2232451438903809
2.2724883556365967
1.2338498830795288
1.6210185289382935
1.3244918584823608
0.5515108108520508
1.0796128511428833
1.3977543115615845
1.5172494649887085
1.2033469676971436
1.4409395456314087
1.4243751764297485
1.5173851251602173
1.2120592594146729
1.404981255531311
1.4977878332138062
0.8155624270439148
1.123907208442688
1.4365382194519043
1.3691128492355347
1.4968348741531372
1.5930862426757812
0.6740492582321167
1.3146573305130005
1.370886206626892
1.40725839138031
1.5419707298278809
1.0731784105300903
1.4731637239456177
1.2455222606658936
1.0426634550094604
1.2766802310943604
1.369792103767395
1.534016728401184
1.632114291191101
0.6527866721153259
0.6085333824157715
1.423801064491272
1.349798321723938
1.3239644765853882
1.2450467348098755
1.5656347274780273
0.6065044403076172
1.3703079223632812
0.8607693910598755
1.2468667030334473
0.9688714742660522
0.7474773526191711
1.3453712463378906
1.8233060836791992
0.5634313225746155
1.601124882698059
1.4674948453903198
1.592797040939331
1.3024356365203857
1.2515915632247925
1.3056071996688843
1.1878591775894165
1.3353064060211182
1.207665205001831
1.4564297199249268
1.256247878074646
1.5845891237258911
1.4354084730148315
1.1507375240325928
1.5635902881622314
0.5525506138801575
1.3018369674682617
1.408866286277771
1.3515708446502686
1.3636430501937866
1.600732684135437
1.1324235200881958
1.0131665468215942
1.1828933954238892
1.499120831489563
1.5904756784439087
1.500532627105713
1.251778244972229
1.3326510190963745
1.5123515129089355
1.2977008819580078
1.461237907409668
0.8182072639465332
1.176177740097046
1.2582528591156006
1.5601744651794434
1.3067703247070312
1.6737035512924194
1.1452287435531616
1.3202662467956543
1.6532572507858276
1.5740808248519897
1.5119330883026123
1.2517752647399902
1.3883835077285767
1.372562050819397
1.5020493268966675
1.4423319101333618
1.5785330533981323
0.9691013693809509
0.9427833557128906
1.3802587985992432
1.0465917587280273
1.531150221824646
1.3404728174209595
1.4185161590576172
1.524483323097229
1.458735704421997
1.4059276580810547
1.3809502124786377
0.6799325346946716
1.4975228309631348
1.094694972038269
1.3375729322433472
1.2561050653457642
1.398179531097412
1.347307801246643
0.7548510432243347
1.4950028657913208
1.0128670930862427
0.6042947173118591
1.3097803592681885
1.4770475625991821
