-0.9632034301757812
-1.0079143047332764
2.4504952430725098
-0.6247822642326355
-2.9337847232818604
-2.0147182941436768
1.2072099447250366
1.7939612865447998
-2.192016839981079
3.092595100402832
1.7788020372390747
0.15499255061149597
-0.13839803636074066
0.5911431312561035
1.2527514696121216
-1.5391411781311035
1.7228567600250244
0.17888540029525757
-1.5350232124328613
-0.703184962272644
-0.019587190821766853
-2.301398277282715
2.0258677005767822
-0.37806764245033264
3.511380672454834
2.9173314571380615
-0.4632847011089325
3.8481802940368652
-2.9217281341552734
-0.18652188777923584
0.4916002154350281
0.1487552970647812
1.43382728099823
0.6484636664390564
-0.704167902469635
-3.5420432090759277
2.0461208820343018
0.25932776927948
0.3711138367652893
-0.03099755197763443
0.7833888530731201
-1.0052675008773804
-1.0777782201766968
-0.8980371356010437
-0.09539086371660233
0.6594777703285217
-1.180435299873352
2.5469489097595215
-0.39022296667099
-0.5436834096908569
2.396285057067871
-0.6689558029174805
-3.162658929824829
-0.9686180353164673
1.0021835565567017
1.2476317882537842
-1.3339190483093262
-0.9258009195327759
0.9891946315765381
1.165784478187561
-0.8122166395187378
-0.6162416338920593
-3.630640983581543
-0.6340981125831604
-0.9262250661849976
-0.3847382962703705
-3.650963544845581
-0.13591042160987854
-0.2866988182067871
-2.3361151218414307
2.490112066268921
0.7904495000839233
1.2323256731033325
1.0808781385421753
-5.356697082519531
2.767972230911255
-3.161811590194702
-0.5069441795349121
-1.1715466976165771
-2.1012542247772217
1.4068694114685059
-2.8729236125946045
-0.32151442766189575
0.056541088968515396
0.6549986600875854
-0.4903317391872406
0.020377548411488533
1.7301156520843506
1.010136604309082
-0.5348153114318848
0.531557559967041
0.16027045249938965
1.9607930183410645
-2.8616721630096436
-1.150944709777832
0.1647019386291504
0.46908342838287354
2.693065643310547
0.8747574687004089
1.6592869758605957
-0.6869108080863953
-0.964703381061554
1.5571032762527466
-2.579951047897339
1.0570355653762817
1.6920578479766846
0.3679979741573334
2.4838192462921143
0.8560281991958618
0.6151840686798096
3.2988264560699463
-1.8279006481170654
0.37824687361717224
1.1507867574691772
-1.2532850503921509
-0.09642259031534195
2.987917184829712
-0.5881940126419067
-1.7060819864273071
1.9940260648727417
3.0300638675689697
0.1493624895811081
-0.9939747452735901
-1.5877569913864136
-1.700129747390747
0.4613393545150757
-0.5209066867828369
0.9317111372947693
-1.9404401779174805
0.9111205339431763
-3.1121697425842285
1.2213218212127686
-2.0271334648132324
-0.9236202836036682
1.614859938621521
-0.17383389174938202
2.448457956314087
-0.008627848699688911
-1.123212456703186
-0.7774795293807983
1.536686658859253
0.43956947326660156
0.5052701830863953
1.1656465530395508
-4.727998733520508
-0.3194195628166199
1.1816707849502563
0.6036583781242371
-2.0285778045654297
1.015283465385437
-0.6805434226989746
1.151613712310791
0.23009149730205536
-2.174409866333008
-1.8261454105377197
2.909147262573242
-0.9429195523262024
-0.9273103475570679
-1.0926620960235596
1.3457444906234741
-1.564021348953247
-2.760850191116333
1.67952561378479
-3.3171849250793457
2.9142987728118896
-1.9331289529800415
-0.6948350071907043
0.1884782463312149
-2.486466646194458
1.0725656747817993
-2.788085460662842
2.0187556743621826
1.102759838104248
-2.942883253097534
1.2169361114501953
-1.7389410734176636
-3.003147602081299
1.5810214281082153
-1.7707719802856445
-0.45773234963417053
0.5635395646095276
-0.46493202447891235
-0.9217351675033569
-0.9661587476730347
-1.4710962772369385
1.632313847541809
-1.5953903198242188
0.9607312083244324
-0.33643838763237
-0.03523392230272293
1.7833267450332642
3.6751315593719482
0.568301796913147
-1.4653241634368896
3.179535150527954
-0.2830333709716797
1.2016849517822266
1.8202394247055054
-2.493701934814453
0.004568825475871563
-1.1077557802200317
-0.08574678748846054
1.0089914798736572
-1.9865628480911255
-0.4316091537475586
-1.6767572164535522
1.6868276596069336
0.11101291328668594
0.047799937427043915
-3.0107154846191406
-0.7548022866249084
-3.0730905532836914
-0.7642030119895935
1.1602303981781006
-1.8667718172073364
-1.0655052661895752
-1.053472876548767
-2.908844470977783
-0.7170370817184448
1.1981853246688843
-0.296163409948349
2.80582332611084
-2.984558343887329
-0.14267954230308533
-1.180145025253296
0.9770746231079102
0.240773543715477
-2.001450538635254
-1.6254183053970337
-0.6995525360107422
0.34893447160720825
-1.4229049682617188
-0.20672817528247833
-0.2875215709209442
-2.464110851287842
-1.320953607559204
-0.4296671450138092
0.4493216872215271
-0.17504571378231049
1.7089192867279053
-2.636702299118042
0.11776048690080643
-1.1832199096679688
-0.5264094471931458
2.021496534347534
-1.3165873289108276
-0.6267932057380676
-1.3151406049728394
-1.9270378351211548
0.6658010482788086
-0.9496436715126038
-0.08977264165878296
-0.658237874507904
-0.5263839960098267
-2.0968732833862305
0.6310607194900513
-2.3318159580230713
0.017052127048373222
-1.9798471927642822
-1.613165020942688
-0.5961183309555054
0.7797068953514099
-1.7203224897384644
-1.2091957330703735
0.0914706438779831
-3.8022961616516113
1.0144944190979004
-2.1807119846343994
1.338958978652954
0.11087501794099808
0.6276528239250183
-2.5324766635894775
0.11021320521831512
-0.40693172812461853
0.058941517025232315
-2.084307909011841
-0.6368297934532166
-0.5533554553985596
1.5289182662963867
0.4449928402900696
0.596425473690033
-1.6005595922470093
-1.2727688550949097
-1.5634735822677612
0.9940064549446106
0.5451863408088684
2.2884225845336914
1.100558876991272
-1.2177079916000366
1.588468313217163
-0.30321210622787476
0.7999967336654663
-0.45224180817604065
-1.2824877500534058
-1.1780333518981934
0.42818957567214966
1.0996967554092407
0.24930253624916077
1.7302402257919312
-0.11463023722171783
-1.5468829870224
-1.380484938621521
-0.9779304265975952
1.4273935556411743
-0.9211560487747192
0.2629983723163605
-2.8382647037506104
-0.2866794764995575
-0.2766074240207672
1.5190752744674683
-1.2485263347625732
-0.8612976670265198
-0.6252458095550537
0.8968079686164856
1.6623425483703613
-0.8223416805267334
-0.049873705953359604
1.060984492301941
-4.881068229675293
-0.8254283666610718
-0.3499787449836731
-3.3668594360351562
-1.690372347831726
1.2514350414276123
-1.9156711101531982
0.3399988114833832
0.8650354743003845
-2.377711296081543
-2.8990559577941895
-1.338915228843689
-1.4587234258651733
0.5216143727302551
-0.9643608331680298
1.1137853860855103
0.7553460597991943
1.1107375621795654
1.9887233972549438
1.7122353315353394
2.087057113647461
-2.374746322631836
-0.8457446694374084
0.19962617754936218
-1.731971263885498
-1.0673555135726929
-1.5756747722625732
-0.024453723803162575
-0.11852243542671204
-0.095914326608181
-1.5572313070297241
-2.719304323196411
-0.21898046135902405
-1.1957409381866455
-1.962117075920105
-1.5337475538253784
2.2784979343414307
-0.22209399938583374
0.0025161346420645714
-2.249878406524658
-1.2384421825408936
0.7149790525436401
-0.31103378534317017
1.8963192701339722
-1.7904027700424194
0.21699519455432892
0.7583125829696655
1.2572087049484253
-0.8782784938812256
0.06776528060436249
-1.8349487781524658
0.4041402041912079
2.0800936222076416
-1.0977659225463867
-2.6830825805664062
1.7542662620544434
-1.039610505104065
0.469103068113327
-0.9447841644287109
1.7386258840560913
-0.3290979564189911
-0.15145039558410645
-2.4726409912109375
0.24563312530517578
0.31989794969558716
1.7095385789871216
-1.2166457176208496
1.493056297302246
-0.4205889105796814
1.680114507675171
0.8885127902030945
-1.386599063873291
-0.6361004710197449
0.44221964478492737
-2.307877779006958
-0.6050011515617371
-0.8530713319778442
0.2083311825990677
0.5211256146430969
2.0559935569763184
-0.9455278515815735
-0.46147748827934265
-1.28926420211792
-1.367570161819458
0.6553995609283447
-2.0621562004089355
1.3178588151931763
-1.66240656375885
2.4618966579437256
1.540517807006836
-2.0059802532196045
-0.855701208114624
-2.1740598678588867
-1.2428847551345825
0.8672401905059814
-0.8516063094139099
-1.6296039819717407
0.35685038566589355
0.2404780089855194
0.14644965529441833
2.118035316467285
0.14582188427448273
-0.05249236524105072
-1.2104668617248535
0.3274277150630951
0.3590574264526367
-0.010305577889084816
0.2938474714756012
0.3897252678871155
-1.217566728591919
1.2942384481430054
0.4168752133846283
1.731453537940979
-0.3964933753013611
4.176168441772461
0.49399325251579285
1.4890859127044678
0.7822628021240234
-1.4805209636688232
0.6435257196426392
-1.649080514907837
-0.47422531247138977
-2.1971323490142822
-0.34211260080337524
-1.1322245597839355
1.1387460231781006
-1.4410144090652466
-0.3284243941307068
1.1085892915725708
0.9186928272247314
-1.3684481382369995
2.4207987785339355
-0.32159677147865295
1.3404737710952759
1.4804739952087402
-0.12580284476280212
-3.0989739894866943
-1.2749922275543213
-1.708640694618225
1.0284425020217896
0.6221908926963806
1.1157104969024658
-0.44328728318214417
0.7393935918807983
-1.987888216972351
-1.5605733394622803
4.013331413269043
0.9341878294944763
2.68849778175354
0.7386788725852966
-0.7266339659690857
0.4621424078941345
-1.8335449695587158
1.267277479171753
3.0864479541778564
0.9183077812194824
1.578355073928833
-1.9650956392288208
-1.6847484111785889
0.5298338532447815
2.379350423812866
0.9679253101348877
-1.862403392791748
-0.653316080570221
-1.6965078115463257
-0.6941401958465576
-4.172898292541504
-1.1954869031906128
1.2323559522628784
0.2429300993680954
-3.04378604888916
0.08630409836769104
0.6915823817253113
-3.9778616428375244
-1.9250513315200806
1.600770354270935
-0.257731169462204
1.5685480833053589
-0.5663458704948425
-0.2575630843639374
-1.2619794607162476
-1.1970688104629517
0.15975971519947052
-1.5058518648147583
0.1093476191163063
-3.0884218215942383
-1.119870901107788
1.0427541732788086
-0.9336798191070557
1.3786661624908447
0.14660437405109406
-2.2489380836486816
-1.5437219142913818
2.4681003093719482
