0.8620537783935822
1.0613827501714215
0.9946587556789871
0.9813439529535838
1.0429035756753513
1.090493209439928
0.9558073420484267
0.8842595896547362
0.7265782186797249
0.9560229292398272
1.0038698305878737
0.8919934656690741
0.8001028477600323
0.8321517074858078
0.8504121417931845
0.8747194118204925
0.7474896705194422
0.9096599163982876
0.9749292438460003
0.8585650777151179
0.8821880264091475
1.067528527926114
0.9048697785744467
0.8530556149615377
0.9711463028919155
1.0551350305571037
0.9125902175722616
0.8149705964032454
0.874563728834903
0.6619219541599837
0.9399917300854775
0.8351566987710002
0.9138377057004005
0.5458102196126302
0.994637362324833
0.8963591449842384
0.959581619279937
0.7554259806285174
0.8180012510122232
0.8650980759294681
0.9940720994636342
0.9409309300320308
0.7655533821708428
0.9231135313526486
0.7811193057795991
0.8701581580452284
1.043062676361561
0.8695202019084703
0.6747324844354007
0.7022200044070135
1.0430898193497427
0.9765981809887809
1.0731960690337141
0.8519008984620665
0.9301760765255437
0.8170065690830556
1.053871777920146
0.8871823150601499
0.9015800651544887
0.6012740107795871
0.878964306622016
0.7165699619282332
0.7593962339093364
0.7589880964705269
0.7815204997409539
0.7857623902866264
0.8075053022346382
0.8381123715216644
0.9757209269292217
0.9335902135295205
1.0964156560017317
1.023813461553831
1.0000104371956697
1.1277986053261992
0.9275656204453886
0.9788090071058347
1.0869920184343367
0.9840914670933422
0.8252027600556118
0.7800720954245567
0.851142437282708
0.9320232066777078
1.0160965401747404
0.996401846596145
0.8129717196957063
0.6503585814867622
1.0368137323582713
0.8508077029204575
0.6334864578937321
0.8468299113302519
0.6538722566544513
0.8044005767976693
0.9368428220815246
0.6830259620582935
0.9215820692797458
0.9563842522120389
0.7530502921758158
0.7095607890700928
0.7708394975845341
0.6166856978890677
0.88318849560762
0.9594023690063035
0.7455276105259201
0.8634470168923958
0.538989198427836
0.8304235557682552
0.8005766897046654
1.0812367084546186
0.8130160752686088
0.7602745730923688
0.9046996178746062
0.909230107827972
0.9644720996026882
0.833170517052228
0.821117740356855
1.0415644307637968
0.9812529028102435
0.9180408600749815
0.881008540411958
0.9421373817690053
0.7477750843601677
0.9893702125072017
0.8732802048446727
0.7205394865515649
0.8058497439320681
0.9768920408338003
1.0576134458072373
0.8798149740167124
0.8533242651772975
0.7931312889048189
1.2256145632862143
0.8419775259094852
0.9208136515578128
0.9325562850799256
0.9147201915929132
0.8177213604774198
0.8613347757303288
0.9799084286822928
0.9756804554224155
0.9381655624434202
0.72028176066248
0.827124917228502
0.9100825469336704
1.0149783266506514
0.871943661026854
0.8248831151755879
0.81970509215371
1.0779006065486563
0.9943112814369051
0.9003854024408766
0.7769247954560947
0.8220020593399278
0.8629112733690513
1.021864904884613
0.7794172998373635
0.8594967570662554
0.9282041052299482
0.9349144636899445
0.8147069308148027
1.0109777857021827
0.7254942646259986
0.8079054926872873
0.836284109825512
0.958607592743129
0.9027026966434598
0.9955251893459165
0.7449968359707203
0.8362151145215949
0.9015794040410843
0.7536085347768475
0.8812166226606638
0.8099011237819047
0.9335648030537861
1.079067736231
0.600446196188859
1.005120910848747
0.912446156833642
0.5826219577574839
1.1115154843472332
0.8973725422858614
0.8704114976117406
1.063505124103521
0.7800727831065922
0.8333553547492667
1.045298605514351
0.8244996596822042
0.747520289959043
0.934911244101564
0.7160875606248575
0.8921374217073639
0.8728735567310676
1.0097206804023828
0.7299645143532429
0.7082644173999101
0.8472903192561172
0.9411661060530412
0.867285171919424
0.9105176483530352
0.9776308309217524
0.7972248736465556
0.798081147759881
0.9915323637462222
0.8783288785530731
0.6993308042959928
0.7329592842852127
0.9628426875625825
0.9777927802180009
0.8540985147843592
0.8460223440258738
0.957358859792655
0.7461857450799925
0.9591619079719261
1.0546287016125986
0.8056847112055633
0.816994823257313
0.8915298020563933
1.0053070986492656
0.9182083212047297
1.1452819970038526
1.002204825213191
0.7906163172188542
0.9740026635401846
0.7205084650414671
0.9281451218604105
0.8720736347746068
0.9170328512224916
1.2240417044740293
1.2102560086194722
0.9933805791502098
1.0355074079166602
0.7083442768672714
0.823089882949498
0.7517852681459282
0.7339672505247319
0.8884749717471745
0.8961575052583988
0.6391615884530244
0.7575054221384107
0.7814841574138783
1.0033662053254213
1.0696927584965488
0.5537081503284956
0.9116628796767874
1.0034975404694984
0.8374676547280852
0.837545407046444
0.9652275593423213
1.1564317306805942
0.8823889067537884
0.8916782113394465
0.47215600558158544
0.8489790835662786
0.9074385253850011
0.7961360727726976
0.936905933859376
0.43951883230015876
0.9469418384391436
0.9655950676189193
0.70033750980493
1.0346867260459094
0.9499311000533843
0.9644946255413034
0.9586809603963388
0.8340785745134398
0.9937485021903788
0.7956743813268424
0.8011078411758054
0.8346295763467031
0.8119739229050486
0.7839809452242257
0.7945144402480261
0.7643557641392005
0.8555876493695922
0.9633470800820313
0.7954167211927898
0.8902008390449678
0.9972611775282273
1.0183062802876783
1.137568237437768
0.7479078284532144
0.9900024628849413
0.9197690870394363
1.2206867483276471
0.8581911504133188
0.6643451634810145
0.8552506823320964
0.7972261820357719
0.8307024671196249
0.7516289035702731
0.9011050955142655
0.8891583870666433
0.9262829870715612
0.7701356795526643
0.7733873761822082
0.7548359575226693
0.9677265426406246
0.8917763016642293
0.8382353606022276
0.8414449718636335
0.617102929417394
0.9674724712447504
0.9069069163873158
1.0519782191476665
1.0357733622647838
0.6668211561451546
0.7570246195625813
0.8415791246632727
0.7704158371638413
0.9332036185951892
0.7129091951642749
0.7721337867620977
0.7724418479981637
0.9568172672129794
0.9200082796180341
0.95990108690706
0.9532498830059389
0.67797118415756
0.9153881800482893
0.9114008638120454
0.8448807668363524
0.9186113167238218
0.6878043591694796
0.8292837930187446
0.6790222865985175
0.8435621481987488
0.8795125003292867
0.7097053840698507
0.9244675861904895
0.875983067993367
0.5086864120991078
0.9411430534204924
0.6967023702382659
0.9450951071215674
0.7109503363823345
0.9262081470892309
0.8398843876432837
0.7985647356214457
0.831020985369345
0.7025836859777476
1.0191254730092503
0.8700266992374526
0.9188387774698229
0.7703513878839102
0.7667799516268791
0.9732053873697752
0.802496629987159
0.8257260110473263
0.6015804196946071
0.7251535193916501
0.9328037324170676
0.8481169548580767
0.7963204872755331
0.7722913250966565
0.6707571273862949
0.9221901182410916
1.005258301805712
0.8955323465661851
0.8718191715537353
0.7699527347598621
0.8412849025656237
0.7572262734606183
0.9202491264349478
0.9382154346668341
0.6943039691073712
0.878527452551239
1.0099039544809725
0.8485598767789253
0.5534360881509548
0.9493334419441518
1.0655610145309236
0.8109708560852901
0.9757634125691034
0.8466054922503836
0.8999763981055637
0.754462959262588
0.9535774412827924
0.9302409861701263
0.710645855452486
0.9643805690463663
0.7800390477676922
1.1161425636422806
1.1780408575229504
1.0908960223173763
0.7423353435832867
0.9159598658006796
0.9693469151573387
0.9367813921703472
0.8045776149942307
1.0121501228613228
0.9251026037376444
0.8792491063039412
0.6853707118605514
0.8311559959549208
0.7866849759834879
0.9842228610226481
0.9130057467084444
0.9533636143405774
0.9488302688919917
1.1165735442680058
0.9245513670903533
0.9682093377807817
0.8171653035579327
0.822267879963227
0.8096692664545859
0.7221251403613002
0.6349956725190855
0.8587496204181038
0.8511042706277201
0.896749028254531
1.0982031824877603
0.7646164466138785
0.9083177134427824
0.8668327711253025
0.8971017018014689
1.0063389263783165
0.6722019072708475
0.799980366585138
0.8831695312697825
0.7987594469016235
0.6253224359396852
0.7986778441001501
0.8819871341022114
0.8461397806962601
0.7460023600742961
0.7310146888921789
0.8885507091376639
0.7560458568233686
0.9557731990528134
1.0474685926440388
0.8351600174421902
0.7328146414328969
1.023655736121009
0.8175937910260379
1.1067205887224087
0.8950502719292927
0.5433456000111561
0.930960423807397
0.8901716790545323
0.7365471477632259
1.0719288007841288
0.8302596745396876
0.8883799051407282
0.9395473128784985
0.8671167436206388
0.9945158249587044
1.0129177460899443
0.8885866636902923
0.7219672641993967
0.7636348867995567
0.8761978538767278
0.8898226894066684
1.0258567467338389
0.9460036286351008
1.0065051689981686
0.7046902809172778
0.932244326080381
1.055298104768351
0.8445523020672693
0.8813250413693104
1.2283645128427627
0.9656532140270347
1.1507722960704516
0.7358704706917365
0.8649964779578152
0.9780365223218207
0.8708533127483807
0.8441099252550902
0.875021566942636
0.8504535634585793
0.8971718943377027
0.9100761940256376
0.7858649785765174
0.8829844557472907
0.9116691888382618
0.9624482108711142
0.8735658341847902
0.7916589909900865
0.8226550203116737
1.04996720489876
0.8744376356310041
0.8825749851173318
0.8532842402256484
0.9872274462088743
0.9133840868821425
0.7762825480838363
1.0141477909280172
0.9094713512645999
0.986692643473376
1.316130639629978
0.5937530475337471
0.9073113512837448
0.8162388686024273
0.9441238754106165
1.013251457158718
0.7240043732711264
0.8153188012297413
0.7374452253787802
0.8020620836357772
0.8477851037036258
0.7871085123289318
1.0880779664174405
0.846591552089426
1.0384859827865236
0.6587832112056705
0.8552722519201897
0.7938371316139623
0.8586080845338245
0.9366331612091284
0.556472443240233
0.7899415894535384
0.8604605049498862
0.847554151160997
