3.1745002269744873
3.662668228149414
0.3394964039325714
0.35260847210884094
0.38087475299835205
2.8517696857452393
0.3357636332511902
0.3137415945529938
2.577064275741577
3.593346357345581
0.3340100049972534
0.2861524522304535
0.22571437060832977
1.1856151819229126
3.4369208812713623
2.9619131088256836
0.15392954647541046
0.24875380098819733
0.4053614139556885
-0.41677501797676086
0.23448415100574493
3.162907361984253
0.32505396008491516
0.25666263699531555
3.4201908111572266
0.34162449836730957
0.45271891355514526
0.3311109244823456
-0.21719665825366974
0.8934866786003113
0.3156343698501587
1.83595609664917
2.670498847961426
0.15802377462387085
0.3254318833351135
1.6390377283096313
0.23400603234767914
0.8675383925437927
2.501492738723755
2.5930771827697754
4.163934230804443
-1.2419902086257935
-1.4849579334259033
0.26823607087135315
-0.3159208297729492
0.28181248903274536
0.32826337218284607
0.3323594331741333
1.2194180488586426
1.9941340684890747
2.111280918121338
3.8441450595855713
4.084877967834473
2.7123565673828125
0.39744874835014343
0.2773241400718689
3.0313963890075684
3.1912522315979004
4.018892765045166
-1.4374126195907593
1.3906079530715942
0.46530938148498535
0.35995107889175415
1.9755808115005493
-0.25605666637420654
0.24407999217510223
0.27243897318840027
0.30917173624038696
0.351022332906723
2.9631831645965576
0.32570919394493103
0.3191593885421753
0.3647941052913666
0.40538716316223145
3.0156288146972656
3.025073766708374
3.5033204555511475
3.5653328895568848
0.2782355844974518
1.5483711957931519
-0.16400393843650818
2.4695980548858643
-0.09678740799427032
0.3468046188354492
-0.15847931802272797
2.253546714782715
0.3770459294319153
-0.11317920684814453
-1.0314449071884155
0.3187646269798279
1.1387379169464111
0.45616409182548523
0.35601934790611267
1.9957622289657593
0.3349897563457489
0.34042856097221375
-1.0734649896621704
1.0765161514282227
1.5068367719650269
0.28026628494262695
0.31251993775367737
0.34824174642562866
0.234373539686203
3.9777209758758545
-1.1576663255691528
1.3061603307724
0.3346766233444214
0.3982250988483429
0.3150423765182495
3.3688571453094482
0.33044683933258057
3.27976131439209
0.5028975605964661
0.45611193776130676
0.2769258916378021
0.3662751317024231
2.323732376098633
0.3141680359840393
0.7289990782737732
3.9732913970947266
-2.166628122329712
-0.6269359588623047
3.4653592109680176
-0.053682830184698105
0.2549908757209778
0.28396785259246826
0.34480342268943787
0.3011394441127777
0.2668461799621582
1.0511621236801147
2.881850242614746
3.6938672065734863
-0.10695857554674149
-0.6113875508308411
0.5825126767158508
0.3646068572998047
0.30080321431159973
0.35864701867103577
3.6411964893341064
0.3249751925468445
0.04731115326285362
0.6665633320808411
1.3257131576538086
2.652740955352783
2.803318738937378
0.45183396339416504
0.23328861594200134
0.4402575194835663
3.1108903884887695
3.4673545360565186
2.2204508781433105
0.6858781576156616
-0.7076299786567688
0.3748946785926819
-0.682366669178009
0.23131419718265533
0.26752763986587524
-1.1817854642868042
0.27227333188056946
0.3891058564186096
0.6973037123680115
-0.36921730637550354
-0.809980034828186
0.343162477016449
3.4372928142547607
4.31449556350708
0.3682520091533661
0.3946292996406555
0.04204545170068741
0.5477843880653381
0.26475727558135986
0.29353126883506775
0.35642263293266296
0.2186499685049057
-0.9730522036552429
1.7527809143066406
0.3006761372089386
-1.9117132425308228
3.709182024002075
0.2916099727153778
0.9335482716560364
0.19490846991539001
3.9137613773345947
1.3885142803192139
0.3148687183856964
1.695020079612732
1.637655258178711
0.3244017958641052
0.589364767074585
0.30376332998275757
0.37765106558799744
0.40144601464271545
0.08402171730995178
0.01599687524139881
0.9526997208595276
1.930611491203308
0.2426469624042511
2.787572145462036
0.4027596116065979
0.13670159876346588
2.0750739574432373
0.7761394381523132
0.617146372795105
0.7645086646080017
0.2584209740161896
-0.5075023770332336
0.3962739109992981
0.3171471655368805
0.37507256865501404
3.6752004623413086
0.8238323926925659
0.31356868147850037
0.3923480808734894
0.2723568379878998
0.23608209192752838
3.7434372901916504
0.22608351707458496
2.8131752014160156
0.3608040511608124
4.140813827514648
1.0482922792434692
3.9039547443389893
-0.09277717769145966
2.659851312637329
0.3926359713077545
0.4223872721195221
0.08398882299661636
1.446221113204956
3.5336544513702393
0.5989902019500732
1.9522560834884644
1.1128920316696167
-0.006112438160926104
2.1714117527008057
3.2376210689544678
0.28537532687187195
1.473198413848877
2.573061466217041
-0.7028406262397766
0.45361414551734924
0.38466060161590576
-0.8679831027984619
0.3407849371433258
0.3877743184566498
4.304945468902588
0.28253406286239624
4.495447635650635
3.3465166091918945
-0.07092826813459396
2.117933988571167
-0.22038163244724274
0.2382545918226242
0.3118007481098175
0.2565140128135681
4.3113813400268555
-1.5616854429244995
0.9751302003860474
3.964555501937866
2.58624529838562
0.362732857465744
0.29254278540611267
0.4465835690498352
0.2860453128814697
0.28316277265548706
0.26417526602745056
0.27583277225494385
0.22326597571372986
1.963893175125122
2.6589736938476562
0.2587635815143585
0.23859795928001404
-0.5872883200645447
2.6606862545013428
0.33325812220573425
0.025907330214977264
-0.5802502036094666
0.34383419156074524
3.79009747505188
1.616159439086914
0.5660445094108582
2.6249313354492188
0.8677127957344055
2.742908239364624
4.332047939300537
1.322330355644226
0.25855275988578796
3.068488836288452
2.899566888809204
-0.8440462350845337
3.113042116165161
0.8515849709510803
0.32125911116600037
-0.8066123127937317
0.7645050883293152
-0.4296169579029083
-0.3456055521965027
0.3333146274089813
0.2759355902671814
0.2608085572719574
1.6159114837646484
0.3650951385498047
0.2585572600364685
3.759143829345703
1.7467870712280273
2.6021652221679688
-0.2537606954574585
0.2598835825920105
0.24397467076778412
0.43721523880958557
1.285130500793457
0.2290080487728119
-1.3678936958312988
0.375710666179657
0.29511845111846924
3.1609764099121094
4.448917388916016
2.345167398452759
3.6884968280792236
3.3653228282928467
0.32311463356018066
0.28998860716819763
-0.8037818074226379
0.2465597689151764
1.6179883480072021
-1.3847333192825317
-0.18830956518650055
-0.8906576633453369
0.26565995812416077
-1.689573884010315
1.6454156637191772
0.2825677990913391
-1.0545334815979004
3.5291686058044434
-0.8578844666481018
1.5800447463989258
0.3054000735282898
3.940460681915283
0.27226194739341736
0.7210376858711243
2.496239423751831
-0.15244905650615692
-0.03917712718248367
0.46018844842910767
0.8904842734336853
0.6367917656898499
0.6817200779914856
-0.489117830991745
1.6140719652175903
0.2242630124092102
5.201723098754883
-0.04497528076171875
0.665328860282898
4.479910850524902
0.8215909004211426
0.3484787344932556
1.894713044166565
0.3272912800312042
0.30361059308052063
0.2166995257139206
2.3091647624969482
3.300140380859375
3.0758912563323975
0.3431718945503235
0.22222155332565308
0.049772266298532486
3.573904037475586
1.8574039936065674
-1.576413869857788
0.3546278774738312
2.230386972427368
0.162520632147789
0.37270137667655945
-0.3241015374660492
0.27174848318099976
-0.4734054505825043
0.3300541341304779
0.3485216200351715
0.23457640409469604
0.3327971398830414
3.7863528728485107
0.03977116942405701
0.29713109135627747
2.7764816284179688
0.1679472178220749
0.2849348485469818
0.35206741094589233
2.210869073867798
0.9820473790168762
0.39238157868385315
3.0841925144195557
0.20244507491588593
2.8337228298187256
3.148695707321167
1.0393697023391724
0.32551395893096924
3.959743022918701
0.2705627679824829
-0.4070419371128082
2.6376075744628906
0.3652176558971405
3.113908290863037
2.3844332695007324
0.29803937673568726
0.5153180360794067
-0.6593703031539917
2.1030471324920654
0.3409569561481476
0.23896732926368713
0.5105841159820557
0.35783514380455017
-0.4600083529949188
0.3136129677295685
3.498305559158325
3.0239524841308594
-2.2416765689849854
0.5925401449203491
3.1764779090881348
3.766798734664917
2.723167657852173
2.343768358230591
0.7943407893180847
0.684721827507019
0.33844250440597534
-1.1602823734283447
0.7693957090377808
0.3169999122619629
0.2772407531738281
0.28388354182243347
0.40985754132270813
0.2718847692012787
-0.12006475031375885
3.6255741119384766
0.44575613737106323
0.34157323837280273
-0.3387732207775116
-0.6238765120506287
0.28421154618263245
0.31931018829345703
-0.47465774416923523
3.2325356006622314
0.37578997015953064
0.28485193848609924
2.846595525741577
0.3438066840171814
0.3535580337047577
0.39771243929862976
4.162181854248047
-0.6982381343841553
0.2677106261253357
0.29613950848579407
0.30553799867630005
0.36508145928382874
0.4079207479953766
0.32315683364868164
-0.27420487999916077
2.5311059951782227
0.3105541467666626
0.2941225469112396
0.27136123180389404
3.61065673828125
0.2339680939912796
-0.22119005024433136
0.7676857709884644
-0.19066473841667175
0.3479764461517334
2.7026500701904297
0.26299336552619934
3.0272085666656494
0.2806902825832367
3.392181873321533
0.3444904386997223
-0.6000660061836243
0.3112202286720276
4.080717086791992
3.8780767917633057
3.1986303329467773
0.2608731985092163
0.22470474243164062
0.2936938405036926
0.33882975578308105
0.24693945050239563
0.6917736530303955
2.690976142883301
-0.48747655749320984
1.7883272171020508
0.45173829793930054
0.33958858251571655
0.7960883378982544
0.1940157413482666
1.2704919576644897
0.30317777395248413
0.5512760281562805
0.380184143781662
3.080214262008667
0.955352246761322
0.2737792134284973
1.5927823781967163
1.368232011795044
1.1025325059890747
2.10612154006958
0.3880380392074585
0.29673343896865845
0.37478509545326233
-0.5741607546806335
3.792712926864624
0.2193126231431961
0.6386291980743408
2.7688775062561035
-0.35642361640930176
0.8086789846420288
2.8034911155700684
0.6960791945457458
