-1.3382731676101685
-0.9562986493110657
0.8104544281959534
0.5799258351325989
1.1206004619598389
-1.4319710731506348
0.8884865641593933
0.7049544453620911
-1.746549367904663
-1.55961275100708
0.6490738391876221
0.7809445261955261
0.5592884421348572
-1.111752986907959
-1.7600758075714111
-1.1270310878753662
-6.7027153968811035
0.8919001817703247
1.368862509727478
-10.1924467086792
0.4625566899776459
-1.2560126781463623
0.5700962543487549
0.5977514386177063
-1.005041480064392
0.7341418266296387
-5.737346172332764
1.1741461753845215
0.5907744765281677
-1.3662254810333252
0.7682822942733765
-1.6466487646102905
-1.1429568529129028
1.0919493436813354
0.9974985718727112
-1.2757927179336548
1.0620042085647583
-4.682064056396484
-0.8319273591041565
-2.1464500427246094
-1.27140212059021
-0.10224735736846924
-7.820459842681885
0.7566875219345093
-6.966313362121582
0.699951171875
0.6852129101753235
0.7400822043418884
-5.576751708984375
0.5332853198051453
-1.8344095945358276
-1.3027669191360474
-0.7870171666145325
-1.1950727701187134
1.4848334789276123
0.8340948224067688
-1.0669878721237183
-0.9024030566215515
-0.8584710359573364
3.10345458984375
-1.2028963565826416
3.5428342819213867
-5.357354640960693
-6.270429611206055
-5.393059730529785
-5.5601396560668945
0.8572397232055664
0.5918630361557007
1.1283483505249023
-1.7958695888519287
0.6535443067550659
0.540668785572052
1.0224324464797974
1.1591869592666626
-1.6039178371429443
-1.3419508934020996
-1.2713629007339478
-1.2315384149551392
0.7519280910491943
-9.277411460876465
-8.558287620544434
-0.9130228161811829
0.9898205995559692
1.3440706729888916
-7.493948459625244
0.2762819230556488
1.0407743453979492
-5.179843425750732
0.50437331199646
1.19776451587677
2.469312906265259
-6.733878135681152
0.9660996794700623
-1.2699456214904785
0.5178805589675903
1.268271803855896
-7.869106769561768
2.410130023956299
-1.2842748165130615
1.7451151609420776
0.6936130523681641
1.0521984100341797
0.5970954895019531
-1.275889277458191
6.458566188812256
-7.483053684234619
0.9359626173973083
1.1260745525360107
0.709952712059021
-0.7822898626327515
1.106276035308838
-1.2506024837493896
1.4199198484420776
-3.2252025604248047
1.4712142944335938
1.1501657962799072
-1.301893949508667
1.0863804817199707
-6.738068103790283
-0.8113863468170166
0.4004879593849182
-9.754401206970215
-0.8544262647628784
-8.135013580322266
0.635573148727417
0.6865158081054688
1.0331262350082397
0.6809908151626587
0.710120677947998
-5.864861011505127
-1.2658038139343262
-0.7985156774520874
0.7127413749694824
-9.414910316467285
-3.5486655235290527
1.223902940750122
0.7048378586769104
0.980140209197998
-1.073228359222412
0.684502124786377
-5.494158744812012
-4.025915145874023
-1.4576178789138794
-1.7527546882629395
-1.5496339797973633
-2.013986110687256
0.7081475853919983
1.185522437095642
-0.8109661340713501
-0.8916432857513428
-2.252702474594116
-2.657118320465088
-9.861875534057617
1.0846478939056396
-7.2712860107421875
0.4460739195346832
0.7356478571891785
4.03342866897583
1.2106376886367798
1.1759817600250244
-8.011667251586914
-6.67282247543335
-8.793988227844238
0.9696601629257202
-0.7805858254432678
-0.9659985899925232
-5.956971645355225
0.9394211173057556
2.51670503616333
-4.612520694732666
0.5453161597251892
1.0054606199264526
1.0243650674819946
1.2921894788742065
0.5142016410827637
-1.3033844232559204
0.6712068915367126
0.13563066720962524
-0.9912331700325012
0.6798474788665771
-2.010546922683716
1.1935940980911255
-1.4535884857177734
-2.4963510036468506
0.9189261198043823
-1.8946378231048584
-6.332846641540527
0.7312653064727783
1.7309650182724
0.799910843372345
1.3741177320480347
0.938784658908844
1.063733458518982
-8.964823722839355
-2.6458191871643066
-0.8294784426689148
0.5174911022186279
-1.1177088022232056
1.3116196393966675
0.28770560026168823
-4.554604530334473
-3.3147449493408203
1.3909739255905151
2.4869346618652344
-6.350737571716309
-7.399406909942627
1.165845274925232
1.0753164291381836
1.199429988861084
-1.0665669441223145
0.8215399980545044
0.785581648349762
0.9143123030662537
0.8617956042289734
0.5585728883743286
-0.7279694676399231
0.7645629048347473
-1.6179496049880981
0.8647571802139282
-1.0096598863601685
-4.611795425415039
-1.1332578659057617
-6.558104038238525
-1.2193958759307861
0.8240228295326233
0.9448620080947876
1.5907386541366577
-1.678503394126892
-1.2549240589141846
-3.9823131561279297
-5.090332508087158
-1.9201421737670898
-3.109363079071045
-0.5520949959754944
-0.9861634969711304
0.7322450876235962
2.213940382003784
-2.4844279289245605
-8.712979316711426
0.9423632025718689
1.075778603553772
4.223191261291504
0.8075069189071655
1.1172515153884888
-0.7837017178535461
0.6658231616020203
-0.9332683086395264
-1.049298644065857
0.9449669718742371
-1.8540509939193726
0.4952084720134735
0.516957700252533
0.6856488585472107
0.633420467376709
-0.8652323484420776
0.04114804044365883
-4.202071666717529
-1.4912792444229126
-3.4473156929016113
1.1672275066375732
0.9258487224578857
1.113585352897644
0.6629984974861145
0.711863100528717
1.4943218231201172
0.7238923907279968
0.4616248309612274
-6.435070514678955
-2.4845359325408936
0.5390899777412415
1.0269397497177124
-7.44571590423584
-1.3481792211532593
0.8304914832115173
-7.142426013946533
3.4794161319732666
0.8816760182380676
-1.6208301782608032
-1.2200076580047607
4.370513916015625
-1.469915509223938
-1.6614121198654175
-2.1176180839538574
-0.8230536580085754
-5.2619853019714355
0.5035797953605652
-1.962716817855835
-1.7158644199371338
-10.344202041625977
-1.4721094369888306
1.1460314989089966
0.9654057621955872
-5.120602607727051
1.1023690700531006
-6.992093563079834
1.2169623374938965
0.9505407810211182
0.6108121275901794
0.6619591116905212
-4.784683704376221
0.787520170211792
0.4731340706348419
-1.514092206954956
-1.3048036098480225
-1.2013938426971436
-10.48726749420166
0.6213645935058594
0.643526017665863
1.3549741506576538
3.84330415725708
0.5312560796737671
1.0818557739257812
0.9907441735267639
0.7924309968948364
-1.14943528175354
-0.905271589756012
-2.9099738597869873
-1.1840041875839233
-0.8389928936958313
-5.743203639984131
0.7215674519538879
-9.972052574157715
0.7242242693901062
2.8042871952056885
-4.367048740386963
1.9332278966903687
-9.344390869140625
0.551791250705719
4.872328281402588
-3.7196044921875
1.003145694732666
-10.493855476379395
-1.5883897542953491
-10.400388717651367
-1.1753298044204712
0.8843739032745361
-0.946535050868988
0.8863576054573059
-1.30766761302948
-2.261814594268799
3.043301582336426
-5.693380355834961
-4.177092552185059
-5.945685386657715
-2.348130226135254
-2.88004469871521
-6.883741855621338
-3.0974466800689697
0.6670301556587219
-0.7948965430259705
-7.482262134552002
-8.396905899047852
-0.7174150347709656
-7.410749912261963
0.8353176116943359
-1.5354112386703491
0.8191910982131958
0.7933104634284973
0.3675069212913513
-0.8537790775299072
-1.7346512079238892
-1.2121198177337646
0.7937501072883606
0.7819470167160034
-5.048953533172607
-1.012643814086914
-3.2145252227783203
-0.995266318321228
1.104597806930542
-1.6954004764556885
-6.6309027671813965
1.3513749837875366
-7.823750019073486
0.5760216116905212
-7.925621032714844
0.9258483648300171
0.7065373659133911
-6.398396968841553
0.6860565543174744
-0.9703728556632996
1.0362920761108398
1.4698985815048218
-1.3752690553665161
-6.872496128082275
0.7225196361541748
0.8451904058456421
-3.0051276683807373
1.5592793226242065
0.6549615859985352
-4.0757737159729
1.5620653629302979
-0.28933942317962646
-1.4577865600585938
-7.071394920349121
0.6798043847084045
-0.7842395305633545
0.561246395111084
1.0375481843948364
-1.1329573392868042
1.0145028829574585
-1.1348353624343872
-2.2620043754577637
0.7192975282669067
-3.0581977367401123
-7.502857685089111
-0.43119439482688904
0.6222649812698364
0.612917423248291
-1.9831095933914185
0.8554233908653259
-8.60136890411377
0.7555685043334961
-1.2038424015045166
-1.3327016830444336
0.2329689860343933
1.0870598554611206
-1.0353690385818481
-0.7572563290596008
-4.872976779937744
1.9405399560928345
-2.736264705657959
-3.478790044784546
0.9009559750556946
-11.407295227050781
-7.3843488693237305
0.636262059211731
0.9297493696212769
0.7926936745643616
-2.079850673675537
0.8545427322387695
-6.975826740264893
-1.1393671035766602
-6.105358123779297
0.9351028800010681
-5.7038493156433105
3.1645400524139404
0.5757275223731995
1.0739026069641113
-9.137627601623535
-1.6039482355117798
-3.0408878326416016
0.8436483144760132
-1.7459357976913452
0.9880291223526001
0.8734728693962097
0.797705352306366
-0.7014079689979553
3.2480132579803467
0.7411547303199768
0.6371985077857971
0.8464937210083008
0.7549072504043579
1.0891059637069702
1.4498924016952515
-5.356147289276123
-2.78613543510437
0.666723370552063
0.9369628429412842
0.5974160432815552
-0.9813312292098999
0.8274622559547424
1.6376314163208008
-5.322335243225098
-5.037029266357422
0.9709945917129517
-1.6243208646774292
0.6861875057220459
-1.5092519521713257
0.8043619394302368
-0.6993728280067444
0.951781690120697
-9.583495140075684
0.867152750492096
-0.8967500329017639
-1.1647696495056152
-1.3358032703399658
0.8436088562011719
0.4615345895290375
0.9574830532073975
0.9942032098770142
0.6939458847045898
-2.0704269409179688
-1.247868299484253
4.855334758758545
-2.3066225051879883
1.0510449409484863
0.8915361166000366
-1.5863267183303833
0.8323591947555542
-0.09977748245000839
0.950505793094635
-4.436028003692627
1.1010366678237915
-1.3414422273635864
2.0988802909851074
0.8518108129501343
-2.1630256175994873
-2.3418631553649902
-5.904093265533447
-6.118426322937012
1.000545859336853
0.8747966885566711
1.070266604423523
0.488501638174057
-1.0143041610717773
0.5887985229492188
-7.683864593505859
-1.950325608253479
2.749213933944702
-7.966967582702637
-2.2728004455566406
-2.9893946647644043
