0.5363524556159973
0.5848920941352844
0.7779287099838257
1.1315970420837402
0.6572036147117615
0.6747885346412659
0.640737771987915
0.688827633857727
0.5278120636940002
0.6555768251419067
0.7516435384750366
0.6778397560119629
0.607662558555603
0.742282509803772
0.488905131816864
0.45880383253097534
0.9605328440666199
0.9265232086181641
0.6075542569160461
1.295434832572937
0.7312684059143066
0.7241818308830261
1.058935284614563
0.6645312309265137
0.6596069931983948
0.8574288487434387
0.8043608069419861
0.5555233359336853
0.9698312282562256
0.5851377248764038
0.6941689848899841
0.4842522442340851
0.5848076939582825
0.4937455356121063
0.6450688242912292
0.4902455508708954
0.7494742274284363
0.5624198913574219
0.46456220746040344
0.5419794917106628
0.6790934205055237
1.1456067562103271
2.0302345752716064
0.5996846556663513
1.1628882884979248
0.6361963748931885
0.8323676586151123
0.7152377963066101
0.507731556892395
0.4923044443130493
0.6370506882667542
0.6082948446273804
0.5795897841453552
0.5326305627822876
0.6279259920120239
0.6691344976425171
0.6363736391067505
0.5743104219436646
0.5447348356246948
1.5916794538497925
0.7518200874328613
0.5288676619529724
0.7026090025901794
0.5569966435432434
1.2279410362243652
0.8390308022499084
0.6032393574714661
0.8333293795585632
0.7336800694465637
0.557024359703064
1.179804801940918
0.8706300258636475
1.1209921836853027
0.7438426613807678
0.5896815657615662
0.5785518288612366
0.6695151925086975
0.5051968097686768
0.7478418946266174
0.5280314087867737
1.0309616327285767
0.4720200300216675
1.0097647905349731
1.0420429706573486
1.141281247138977
0.5618417263031006
0.7002663612365723
1.141787052154541
1.6065711975097656
0.5783411860466003
0.5313525199890137
0.6216842532157898
0.6457475423812866
0.5101364254951477
0.9142600893974304
0.6374474763870239
1.6361300945281982
0.47028717398643494
0.539553165435791
0.5596776604652405
0.6964356899261475
0.6887450218200684
0.6049321293830872
0.5330307483673096
1.3464665412902832
0.5082442164421082
0.6944929957389832
0.7408628463745117
0.7517833709716797
0.48974287509918213
0.6896221041679382
0.48800915479660034
0.8722983598709106
0.8330916166305542
0.5252701044082642
0.6539891958236694
0.7720834612846375
0.6602314114570618
0.8076711893081665
0.6347218155860901
1.773114800453186
2.1839070320129395
0.6783778667449951
0.9821913242340088
0.6941086649894714
0.7091315388679504
0.730315625667572
0.6496978998184204
0.7289422154426575
0.5702797174453735
0.6925461292266846
0.5509123802185059
1.6797257661819458
1.4500030279159546
0.7580768465995789
0.6196151375770569
0.695836067199707
0.6371176838874817
0.4724341034889221
0.7003036141395569
0.9713439345359802
0.6885442137718201
0.8000070452690125
0.5401475429534912
0.5517356991767883
0.8630079030990601
0.5892452597618103
0.7920691967010498
0.6132662892341614
0.6260600686073303
0.5017529726028442
0.6855130195617676
1.638710379600525
0.6843315958976746
1.3888747692108154
0.6147764921188354
0.6064354777336121
1.9318554401397705
1.0021634101867676
0.6661428809165955
0.5728338360786438
1.2380516529083252
1.6255643367767334
0.6033145785331726
0.5205792784690857
0.6970880627632141
0.7105216383934021
0.759529709815979
0.8867931962013245
0.676478922367096
0.6518704295158386
0.5118504762649536
0.6457182168960571
0.9400025606155396
1.5126075744628906
0.5872697234153748
0.8062201142311096
1.639176607131958
0.7030520439147949
0.6800010204315186
0.5907300114631653
1.1882383823394775
0.5300609469413757
0.5215845108032227
0.7078047394752502
0.5160444974899292
0.49652835726737976
0.803438127040863
0.5394474267959595
0.628409743309021
0.6147738695144653
0.7422143816947937
0.4944140613079071
0.8517705798149109
0.6431141495704651
0.8380058407783508
0.6939823031425476
0.5722287893295288
0.6534135341644287
0.6252253651618958
0.5154929161071777
0.9136565923690796
0.5422742962837219
0.5253198742866516
0.7953260540962219
1.5534483194351196
0.9506486654281616
0.6989120244979858
0.6139354109764099
0.5398434400558472
0.4886050522327423
0.6696696877479553
0.7665711641311646
0.5629726648330688
0.6806458234786987
0.613368809223175
0.7771546244621277
0.6333810091018677
0.7999311089515686
0.6069564819335938
0.526351809501648
0.598495364189148
1.0572837591171265
0.5147826671600342
0.6833553314208984
0.7185625433921814
1.4939366579055786
0.692147433757782
0.6067681908607483
0.7505271434783936
0.5775227546691895
0.6581907272338867
1.200427770614624
0.5363762974739075
0.5841571092605591
0.7978116869926453
0.5208773016929626
0.47771838307380676
1.4074734449386597
0.9474505186080933
0.8260345458984375
0.8880249857902527
0.813012421131134
0.6606699824333191
0.541262686252594
0.6957943439483643
0.6938523650169373
0.6921701431274414
0.7342186570167542
0.584415078163147
0.9052823185920715
0.7083807587623596
0.7343308329582214
0.6504350304603577
0.6469162702560425
1.1405487060546875
0.7000858783721924
0.5617451667785645
0.48422688245773315
0.6776303052902222
0.5139848589897156
0.8302293419837952
0.6074389815330505
0.6185606122016907
0.6050730347633362
0.7388269901275635
0.7511685490608215
0.5372511148452759
0.5282407999038696
0.7518579959869385
0.4755483567714691
1.4278652667999268
0.6660240292549133
0.7534539699554443
0.8914468288421631
1.292725920677185
0.737013041973114
0.6727226972579956
0.8499780893325806
0.637451171875
0.5803931355476379
0.675261914730072
0.7162580490112305
0.4840172529220581
0.5535248517990112
0.6259974837303162
0.5456395149230957
0.5083168745040894
1.5580843687057495
0.5251736044883728
0.6028127670288086
0.6452835202217102
1.68475341796875
0.5824337005615234
1.18049156665802
1.4165680408477783
0.6905295252799988
0.5822390913963318
0.6536349058151245
0.5187914967536926
1.0389771461486816
0.7767500281333923
0.5467481017112732
0.8045089840888977
0.4981215298175812
0.9830260276794434
0.6412083506584167
0.571340799331665
0.5909603238105774
0.512205958366394
0.6420013904571533
1.9987846612930298
0.6772415041923523
0.6428500413894653
0.5782369375228882
0.6123298406600952
0.5063730478286743
0.6597346663475037
0.547842800617218
0.8280373215675354
0.6525484323501587
1.2753381729125977
0.6412879228591919
0.5189502239227295
3.0183587074279785
0.9232280254364014
1.4634263515472412
0.6017241477966309
1.9109878540039062
0.578726589679718
0.758610725402832
1.3832733631134033
0.6068118214607239
1.3575153350830078
0.4967994689941406
0.6073218584060669
0.4445840120315552
0.5546163320541382
1.3135508298873901
0.6204450130462646
0.9884069561958313
1.3723138570785522
0.7191066145896912
0.5356332063674927
0.7788510322570801
0.6647109389305115
1.4485981464385986
0.6479988098144531
0.5110426545143127
0.7940543293952942
0.9711067080497742
0.6141010522842407
0.49222856760025024
0.5411104559898376
0.7889621257781982
0.6648303866386414
0.9645472764968872
0.6961504817008972
0.5955944061279297
0.5611106157302856
0.48948872089385986
0.5975615382194519
0.7591758966445923
0.6081326603889465
1.1364754438400269
0.6129015684127808
0.5509480834007263
2.1862313747406006
0.7901946902275085
0.7416261434555054
0.7847151756286621
0.6416180729866028
1.0643808841705322
0.6805846095085144
1.3369450569152832
0.7476182579994202
0.9144888520240784
0.7247712016105652
0.8105683922767639
0.47211363911628723
1.4856921434402466
0.905485987663269
0.6209403276443481
0.7548587322235107
0.5761857032775879
0.6138631701469421
0.554486870765686
0.4796038568019867
0.9863623976707458
0.5846378207206726
0.6824078559875488
0.5098488926887512
0.5275818705558777
0.5574374794960022
0.6078295111656189
0.6488490104675293
0.8197194933891296
0.8147217631340027
0.6027513146400452
0.8176010251045227
0.5700693130493164
0.5076063871383667
0.6445305943489075
0.8839711546897888
1.5172877311706543
0.4701995551586151
0.9417746663093567
0.5390371084213257
0.832865297794342
0.8954257965087891
1.204514741897583
0.7077144384384155
0.5652191042900085
0.5670987367630005
1.5522524118423462
0.5543778538703918
0.4990982115268707
0.6647023558616638
0.5081292390823364
0.46345505118370056
0.6858586668968201
0.7389631867408752
0.797619104385376
1.6226900815963745
0.5790086388587952
0.7894585132598877
0.5340563654899597
0.5858584046363831
0.9572895169258118
0.5920901894569397
1.020317792892456
0.6558471322059631
0.7795244455337524
1.0346170663833618
1.7226321697235107
1.0593847036361694
0.7033398151397705
0.6529146432876587
1.2354761362075806
0.5962517261505127
0.9966472387313843
0.6876340508460999
0.6037629842758179
0.6175126433372498
0.720800518989563
1.141736388206482
0.6036996245384216
1.0145618915557861
0.5902707576751709
0.7062605023384094
0.6361194849014282
0.7880308628082275
0.8511816263198853
1.0418825149536133
1.0578944683074951
0.6568648815155029
0.7977511882781982
0.5998074412345886
0.5932214260101318
0.7176448702812195
0.821329653263092
1.362541913986206
0.676537275314331
1.5060667991638184
0.7826862335205078
0.5374287962913513
0.5797430276870728
0.5330395698547363
0.635297954082489
0.6356462240219116
0.6584157347679138
1.2543085813522339
0.5845310091972351
0.48619964718818665
0.6661695837974548
0.5120055079460144
0.6723248958587646
0.5692757368087769
0.9520580172538757
0.7722827792167664
0.5819037556648254
0.6552531123161316
0.6611692309379578
1.356202483177185
0.4821969270706177
1.000307559967041
0.6803246736526489
1.0174168348312378
1.834018588066101
0.5050753355026245
0.544769823551178
0.6658358573913574
0.6902698874473572
0.620878279209137
0.49920040369033813
0.5647432208061218
0.5101997256278992
0.5100724101066589
0.517770528793335
0.4916714131832123
0.7814487814903259
0.5978043675422668
0.6841330528259277
0.9899631142616272
0.4934924244880676
0.49178096652030945
0.8405787348747253
0.5308119058609009
1.1421644687652588
0.5699277520179749
0.4933224618434906
0.7457624077796936
