1.953609272482453
1.8059219368658277
1.979221669393163
2.0613645435938044
2.130429920812101
2.2797296920961174
1.843155089527605
1.7179629728836825
2.6325915463606355
2.3398781038796925
1.6541860643045434
1.9820789242109274
1.5784760116141558
2.2036469999878427
1.910279833082036
1.6838964418704523
2.1306442196315682
1.9959440412723255
2.161625026026325
2.6648045870079247
1.5811682566144243
2.0716379380427195
2.0580008189030123
1.7140894943518021
1.951726080068582
2.0832498961970174
2.4691021971751623
1.9605632472870007
1.7279792809745418
2.4255492023045613
1.8834918876455018
2.2646409787231634
2.2673434510282413
1.8585236021179599
2.1798784892313887
1.8949606688552083
1.9138555487411122
2.0331218782548133
1.876521402714171
2.0678008367824368
2.150903143042362
1.3851713162725376
1.8288905377468763
1.7506684187516923
1.9848823982397341
1.7221036827693517
1.8975333932343144
1.680104141299998
1.6881037659141123
2.2285271956522035
2.5101301139755514
1.949488026337837
1.4853621807333324
1.8974236377735048
2.4921193991417945
2.047287312920267
1.7609376586805676
1.6071382036535315
1.4249059465389053
3.25680498251781
2.6069694122580294
3.870215455595398
1.6174121869407931
2.1924904875075923
2.60950091870232
2.537669121880068
1.9895768539030279
1.823213503954709
2.62749019326976
2.113023234018027
2.0704721240424293
1.630763273155586
2.652912345424572
2.3952696468055956
2.2768625528485926
1.9452642291717508
2.2426175919983393
1.8414982318522706
2.1890823256624756
2.6673401972231003
2.392768263331327
1.4780234968565729
2.152467716697126
2.72479261886596
2.70566727282483
2.036955014226006
2.1184952025117227
2.968951019869851
1.4487597870516709
2.2672521761522986
2.3001251219840686
1.9032519984974523
1.919969082225774
2.7222662058367244
1.6460457977422045
2.485095144250329
2.177042915029889
3.070088475098736
2.683550496603756
2.4986459070901894
1.6515403077683553
2.207750067884418
1.5937572781265725
1.717267198179668
1.402159935765533
1.755246017579762
2.017874611413627
2.413394690132322
1.8345079613609288
1.486142064723877
2.3872088940886833
1.8609773353906072
2.7269651581930825
2.72272255176176
2.562468007702111
2.2898801992138607
2.499596196178778
1.830935823225252
5.938827251942758
1.5998464409333981
1.1861909179927688
7.015887390259534
1.702077722372879
2.2278155259855486
1.8330647368333715
1.8041393754875736
2.4343362623469855
1.5941349614778177
2.064852921649194
1.845951595895141
2.1848098728030894
1.5675603409002414
2.263132990180625
3.0625000896843098
4.080876801092903
2.1756761784548946
1.6907917204214429
1.9359745852756884
1.7012840122968376
1.531335190252214
1.9686509548886104
4.311830615296116
2.667540768255506
2.28122650050771
1.9730647990262804
2.605222598502908
1.8256665060463366
2.362564876412406
1.7420609298368872
1.9027286777086037
2.238932745635192
2.8272533571582765
2.30070800167252
2.1140689364248613
1.783408634105255
1.283176258473622
1.8373842620730352
4.354511851863258
3.7047489743258657
2.1458407326975037
2.1311869762420796
1.9998147583052286
2.8784953846804173
1.8448081328742945
1.2834570232250466
1.8571636805257736
1.6475762963464589
2.015085092077803
3.1926953593369567
3.6161158085651226
1.4713918021550951
1.7409818645761945
2.0205199843307855
2.430369796087345
1.3950334433508473
1.9806811159176736
2.0680070991836974
0.9681309665227642
1.9758171095786017
1.6835522784371613
2.2751534035073253
2.346710283820516
2.1112775518269475
2.9099620085133777
2.2836085788011737
2.052985835127315
1.8844298260812045
1.9286940208910026
2.82314947435649
1.816227224670559
2.2599287472523266
1.8973575426989047
1.399609702405963
2.0589211540669914
3.327661698881385
2.0345352780069543
1.562480797001139
1.7472901005675565
2.254198835029399
0.8354453738473586
2.5751716252880548
4.472054128411395
2.160042471291526
3.0750156830178383
2.536283048261218
3.0216814132585887
3.07631069503238
2.5653284003189833
1.954450984462205
1.7540218802145435
1.7581148898976175
1.8343711049755016
2.003761467951407
1.8088863987297603
1.7452025939159714
1.4925933049619826
1.8468222353347932
2.1920380688375727
2.1157589025678627
1.8936281740390013
2.5185335915411553
1.9960597864535023
2.6180923175024002
1.8701893002782157
1.4415970594033194
1.812259283458009
3.017711423785192
2.825545522630588
2.0156421692582707
2.83186044339438
2.089426404918011
3.21390169430351
2.8378522437506923
2.1915209356479024
1.723960351979283
2.2025331989605044
2.5011882010646014
2.2553541430645496
2.2864848810159453
2.239653550672196
2.5843472528409572
2.3696243435878444
2.1517174838226296
1.9800063760250195
1.3930607416283138
1.8013852315274244
2.052196794758662
1.9236801046522236
1.4967946378602663
2.607425820748419
1.6975002186568602
1.6716720817277906
1.765175301596822
1.6839555535873028
1.7633387730063248
1.5096885832441356
4.183028903132676
2.106582279426535
4.030484926945874
2.265141102856692
1.6449136034182985
2.3688532091670034
1.5136630783514553
1.6295309212095672
2.2159659046208033
2.0417597271736705
1.686185063383585
2.2727025632312667
2.569825485330654
1.6404280265638915
1.9436011269033258
2.047085950857402
2.1233948818530637
2.0397769248766586
2.0911806371190815
2.8086361221703773
2.146522267778589
2.5341175133871108
2.6247735745095895
3.603088264377318
1.8954495312998856
2.3360100829416344
2.464351855446752
1.516052131164146
2.5842370059386095
1.3373853013957284
2.547298855014188
2.050952275234733
3.1333967050948117
1.9097278514925515
2.1069525650036685
2.011024743761133
2.4637467255902026
2.392456266029388
1.6539244468527625
2.1876494386037137
2.061985200386698
1.2833949769478055
1.7889639017846133
2.5754704677078712
2.5859969811182184
1.5838431301901128
2.2145896000981296
2.3483091797228397
3.129347649499138
2.789631090693152
1.6449444035002183
1.5636713065785564
1.9260913098795525
3.2566594451803406
1.5578540627340474
2.3366829848796717
1.8539763416233423
1.906414669241197
1.9355800901578961
1.6366454991812474
2.2664281173540037
2.109334326683965
1.5020454530352965
3.969678584042782
1.7357782618076014
2.4635596606596804
1.952217520135987
1.9134050324704075
3.472751347650364
2.3578340818354033
2.2609004939174118
1.3244434090949142
2.4381529253406997
3.374412990807696
1.8727078289620191
2.492456609564452
2.1989612762802526
2.320539999138942
1.5440207691031078
1.7852321285757686
1.4731675374197923
1.856011710236866
5.08489731856568
2.247671209821881
2.7077145419091555
5.289342206357247
2.321856992505404
1.6479143734741972
2.9236964420079192
2.9964111758389205
2.7380014101446966
4.167370433932909
1.4816675735545235
1.851903396579271
1.9331403908423663
2.7558361159653675
1.2996007291496487
1.8248763802870231
2.088657751597448
2.477449194794288
2.6299486427949526
1.925622360391117
1.0164547162005617
1.4505736650014798
3.1498386608161955
1.9031545993150538
1.963935675824347
2.810996281092466
3.098875108711561
1.8177745172061504
2.536178984646605
1.3533780734805156
2.7490540656597515
2.6595641298201893
1.72485732055158
2.339491793392077
1.9595201273685294
1.5633257632421342
2.2200352507876966
2.3729712356129364
2.094807275542903
1.8439847702299403
1.914452481397183
1.4852311970975385
2.704451585130016
2.6776230003962427
2.147113422775437
1.6859701995931053
1.570889442244504
1.6508352408220779
2.6533438685062656
2.3533247774993433
1.8857176154899924
6.619678921015277
2.225476789502149
2.071455286934242
1.837642725377491
1.8129609478144229
1.3932661032465663
1.6071280416623197
1.8678815057244638
1.8287984343846613
1.8670983906315897
2.5374709697998328
1.9351156578688582
2.5832909956713452
1.6338740136405716
3.628586221928687
2.7970795925900886
2.705576245174201
1.9793903072958965
1.400694218924853
2.343903005259643
2.4295404176994775
2.532518436556829
1.8527983909323233
1.9498730437203333
1.9014018147768168
1.5721980909166342
2.076526245076252
1.8441295106468456
1.5468593021713744
2.8767694047223835
3.2259017712655176
3.1859871622941642
4.073584657856233
2.363588438841995
2.7175333349855735
2.144469452625952
1.8000963148204057
1.6777336860628678
1.7192911374028477
2.555285196829072
1.8844355194849618
2.0135244797079825
1.9034002486501045
3.0649364784715245
2.280746733870839
3.1548269218935756
2.1921111581768535
1.565208323571066
2.3275798340574987
2.132004598337049
2.212867476986167
3.3485960133494928
2.1666536375778875
2.1470772229588944
1.94551056640234
1.9112683078644968
1.6742346896980584
1.4705907206951905
2.8737257042414073
1.6202912187788137
1.5909903553754896
1.8972785020296614
1.8951986370807994
2.530804738760464
2.679053064274299
1.60132580782424
3.0216321776228328
1.9174750167034789
1.9892809622180236
1.3940933184454916
2.120922007427566
1.989515138532551
2.521135552399311
5.305885826886872
4.395962719982237
2.399712850558733
2.3454320494128766
1.5413579179366204
1.876811443399826
1.975288752923209
1.4654460272271443
1.9740354225049253
2.856470281675056
1.670076440557892
1.485555023483971
2.107625634554127
1.8695213578405236
2.31186792674224
1.250383633299386
2.3922327309685887
2.495162589789953
1.725870144075569
2.53352594153714
1.8683140315687405
5.3897887159845235
2.313733689607726
2.7371176911689528
1.9461712947114302
2.7387192708132266
2.3516616701018496
2.4033244941361938
1.689315335444075
2.706173288434226
2.1843267205705486
2.012977831487728
3.150199541099369
1.7641943007394958
2.7064362593551228
2.5421762150359832
3.823913197422041
1.896245895713232
2.3313271591058222
1.704990052001212
2.162089653111272
1.1388853004884918
1.649328943833164
1.3000840897139898
3.5039067366481684
2.0763233551718128
3.1125474514082616
2.0783190129859204
2.2849426849990064
3.16174451164758
