3.954771710738512
2.9668054859671775
1.8496834473808015
2.840900641267175
1.9999222921533975
3.355668060600537
1.9240663211122246
4.12611588799527
2.7107847452798053
4.817479772520335
3.63138748617771
2.1605203499801204
2.3371762619635867
2.179641685086384
2.926500476153433
3.2889239829427757
3.0808933532938325
1.556717457252432
2.174535332514401
2.264238778169801
2.4299781504775093
3.778293125144496
3.2144943660770373
5.890250081321489
1.9224358525878213
2.523176542506398
4.4164842913899
2.5464042885749314
3.0387169140450734
1.3388486056161748
2.4975403274778025
2.146391643100413
2.7641047509103425
2.3481533294341568
1.7862908698092035
5.143998504235034
2.1844504928095505
1.535352878082298
3.3622240734690547
2.9494290229261826
3.03124159601364
2.211116301191278
2.39077370892921
2.777622484859308
3.782964973386373
1.707492254862387
2.0638841726124566
2.3136581564243275
4.016235611026371
3.0062136794213967
2.34624614310824
4.589556026553551
2.2586512240760555
2.90437807500392
3.402184056420194
2.579994139258064
3.191639411617337
3.18840157358219
4.442002988372031
3.3839418954482685
3.2935607415680734
1.9976185868718088
2.796104295299818
3.0150093005085936
1.6464462405457403
3.3729957812249234
1.6474079915636335
2.6016939286492486
4.454029575066426
2.0552985905818537
3.4797148157973785
3.138133196520894
2.4440224412240545
2.4926771826789644
2.3074697635938595
1.8428321301969042
1.7264496298788061
3.5059439154587575
1.699051863549529
2.767610615326225
4.798539020404719
4.070998774394088
2.4625059090945225
2.3121313009432476
2.451957196470353
2.6502299723613776
4.990334951897408
3.765203628200792
3.7228115663100585
3.16873774117952
2.075346863951395
3.0183866951190947
3.170203244886927
2.802263675903742
2.29450671028624
2.7885717095424054
4.29164149680056
2.826410197492959
2.6022051365862717
1.8288481694726992
2.0390632193260827
2.9420501816318896
3.628598837389589
2.704588490772477
2.665651280764397
1.9773413471763477
4.117342525914988
2.8082293109890695
3.5445709913723573
1.9430631512025431
2.728529094818443
1.9613215038717347
3.6603232071129708
3.7180832434698248
2.7215401507669013
4.031547426119139
3.489644477027682
1.6438573551294107
3.003515659292089
2.4534097641808192
3.6379614751620424
1.9423568089558414
3.469941022520133
4.42827588563946
2.81049285069038
4.169743548587411
2.077667891859998
1.211937453739688
2.7820044492498126
3.5156406759633145
3.0113497577641866
1.8957603827333915
2.2477637040988343
2.5582423452626077
3.73171347750741
3.282627445254173
2.6644151875460356
2.768850237063107
3.5666615558005343
3.2850029075296154
2.5942876007716604
1.9970086080779184
2.706670488987496
3.4072423173360313
3.424457648558028
2.7472088392407645
3.105168792018996
2.2040452214359774
4.175180398846861
2.8392680261820145
2.5953702486837376
2.10933353547209
1.6076039544363712
1.9995126907812044
2.599753283019056
2.538891891804187
1.9951662602376274
3.629366720987307
1.8379977287842972
4.65224664374413
1.7037088148774464
3.4307365569749386
4.234484296113084
3.4515923703491183
2.310909874307969
2.803399528405296
2.565267896437556
2.1946338570638715
3.013063530982352
2.1926366335879517
2.3665069661411686
2.843734837753621
3.8956149875971824
2.4830822876205145
3.46657082449645
1.7931863692782215
2.8074657017556643
3.9235680046541814
2.574451039138943
4.037412274709701
2.8471288332957094
2.2820994378506563
2.1500164155555193
2.05172610674277
3.5529489245105483
1.4761068704005236
3.607386526119446
3.1726613804959594
2.4192110388148214
2.5843348906609225
3.1321220989567817
2.1868434631393696
2.974151287671494
2.8130413934758747
5.744795772418448
1.9156515137671795
2.363067683079961
2.951274566742027
2.6116918593382232
3.095750039076695
2.294469095127959
2.5454852427390335
2.9107007761849872
2.4845262543321165
2.9155866018957997
3.3644846644307864
4.090820962453696
3.2071037443751425
2.2811805141787977
4.5203316075712
2.6620170506275933
2.8336516404213654
2.522230789442632
2.890961263697292
1.8287314235033179
2.1460724900188652
2.6199324741834484
2.2257586345280176
4.46228526221179
3.5338423102041028
4.129327362557138
5.151650019634941
3.9802316193780083
1.5305674299797587
2.5654954988644207
3.2798852281726796
2.2284341169156963
3.8595102357220865
1.7920595280688456
4.30583987737126
1.576065631221183
2.730610825669269
2.43732805398763
2.8832892586163705
2.0616776129581824
2.3258618256716583
2.618503538201072
1.6450823807886639
2.591195482636507
3.0511314319669545
2.009676668532089
1.176495388188951
3.38482487415685
1.7708081691375142
3.468362126839628
3.4786815675782106
2.097184754643969
4.532857315278502
2.6586968452222832
2.2604548059108436
2.413329092868571
1.5846572973599982
3.4201718034032913
3.144355429867294
5.28034311451277
3.825443692871019
3.9790863932290126
2.807548160836255
3.74138332650663
2.1948643728077486
3.5406370152322606
2.4433091365488657
4.941734774775809
2.261796982435028
2.3903302929306145
2.601426418468446
3.2417079452854565
3.406851559776857
2.157325824766134
3.9889823545121597
2.2883903013261557
1.8003416574266053
2.0322107422197773
2.912711817033974
3.076406795345306
2.6291138476725266
4.061506951194299
1.9841090529642178
2.0702935159064753
2.846310743404954
2.307622265784721
3.999782744229691
3.1794930777380657
3.283314892738052
4.567468375862274
2.014862644067031
2.369536103024467
4.135445585032836
2.0527773665291673
1.785987663999632
2.3361133677133656
1.354538374879989
2.4744484866860614
2.9911032643655324
5.553157768603637
2.54468110985172
2.9436439342788057
3.216320650797672
2.9796126271339163
2.290249060867229
2.0560851650782093
1.6308516490273584
2.5886494826359585
2.07494002933475
3.2484033882438164
3.616280635383556
2.6217033168157275
3.7282573533846084
3.6988772178499643
1.924126976014647
3.053558933497003
0.8162053866264983
2.610841090433006
2.600701372473237
2.033520782251951
2.4608049776756133
1.766310587692211
2.6764128360447894
3.099710841075149
2.902076361967989
3.8866534296882356
3.197895910404868
2.8284009220976873
3.5536294323746196
2.3143926712832568
2.869743447085018
1.3076446556756036
2.484482783444657
3.43649701498616
7.147794739289158
2.4976501056212546
2.9008176466479245
2.2130762709666656
4.720854695410121
2.7202215620569747
3.1096551013324873
2.019102677756021
4.321573257780467
2.718374393167848
2.123236670916334
2.3298983536188445
2.059102138103601
3.72338419131314
2.6757694128958067
2.8114536587164056
3.3540530007257257
2.2026559481363845
2.9514138367160716
2.529152851684983
2.134137328558309
2.0130343269267663
2.344648687566888
2.9197207706666246
3.4928711874008327
3.3848696721060847
2.821938690108919
3.644450990960462
4.822483020552847
1.2415494711610207
2.8768831099868883
2.2763817617374507
3.4446899925679033
3.2297132982498
4.270311912204383
3.078041900597439
2.467724662223264
2.452255790131934
3.17007343652423
2.858905120097163
1.8385190502068867
5.030085323512555
3.6138311944243373
1.2743946811415363
1.8138780487941346
3.4951576489869485
2.884217880780416
4.562714305286387
2.4398650557302015
2.7660742057174903
3.766963809510663
3.4802642763572673
2.3028663968329988
2.7621986286911486
2.543843451055706
5.065340217996009
2.046721841687632
1.7395377980133582
2.13100607273162
4.903190929973701
1.9397069792324826
1.5764379494866085
3.1571120153497594
2.0878592395618134
2.794000962696169
2.78635624843423
2.859525512069232
1.9610350264047751
2.846572242826514
2.3807505358633594
1.384837531327931
1.72601076892309
5.977048892585326
1.9192729985204635
3.759747942328548
5.309975468638162
2.395265963924121
4.996133508686602
2.786168594916779
2.4848353267273366
2.8334402771756615
2.9919549160992887
2.7296927468522934
2.9233816537665933
3.0369902973541327
2.250737085620812
2.9620184746062423
1.2533843292013915
3.396279478257582
2.6514731282068977
2.4354100341532523
4.641672197449344
2.2719759777773647
1.5601951616427125
2.317381079131779
1.3560777162741737
2.2215103549823265
3.540624625062039
5.208685628384746
0.4712230274717931
2.8322451724161883
2.4842460312866805
3.8312079741271714
2.7556063250339107
4.184768990506674
2.276791870040479
3.245985276889845
1.4752254430177953
2.5838751416289596
2.0650293448813137
3.5362259334259014
2.347579183167255
3.411419307635003
2.5224710652985802
2.23280163323846
3.4283074073633366
2.9047697790844667
2.2156574189863663
4.396155578276115
2.164247707553005
2.721788147198676
3.8259680546465336
1.2958279994515467
2.505958623144174
1.9566937186511866
1.469657479948277
3.1248107205860878
4.14912441346816
3.960381351950953
3.062788591761551
2.556568459071493
1.484534189140832
2.664465028842206
2.3101160444696314
2.6426256852589125
2.901375663958082
3.549034849252125
1.6394439299995676
2.7518501258781174
2.2598847540444402
2.709962974379865
2.019228076365705
2.573151307396601
2.3856874378119692
3.4846817464561197
2.6393697025246814
2.702646039039372
3.329030457448699
2.1665286285248513
2.1702992769941183
3.3551729510736417
2.8187918879405642
4.233163197219885
3.372665102843011
2.223786148540848
2.0380327279529933
2.711968319024231
2.0591131379001135
2.567111926739693
3.688433587294322
4.891266565721333
3.8725397945991973
2.4819521001455676
3.5308814170023632
4.740459556031268
2.176551247243828
1.7443554516923305
2.641371956720829
6.050048986819852
1.4261185174728312
4.69059189369875
2.450522739929906
2.5296733468916255
2.233279849688329
3.040889173520996
2.45150520175084
2.3722108376512963
0.434804546605328
2.656429612493584
2.5156063436444267
1.2060936113879581
4.573382484201574
1.6684509798095921
