-1.1466282606124878
-0.727519154548645
3.897064685821533
-1.623612880706787
-0.4966067969799042
2.6109819412231445
0.6912885904312134
-0.21129216253757477
-1.0421631336212158
0.09617485851049423
1.268924593925476
-0.38063234090805054
1.699061393737793
1.7779394388198853
-0.6954061388969421
-3.606377601623535
-0.16300325095653534
-7.59022331237793
-3.773360013961792
-1.5986496210098267
-0.17071740329265594
-1.046615719795227
-0.17888402938842773
-0.33236682415008545
0.02967016026377678
-3.3749566078186035
-0.1417122781276703
1.4874602556228638
0.14260584115982056
-2.9015607833862305
-0.8385481834411621
-0.7282623052597046
2.3560848236083984
4.317445755004883
-2.148622989654541
6.509843826293945
1.931665062904358
-2.203950881958008
0.17074108123779297
-0.24530696868896484
0.5967326760292053
4.163178443908691
-3.194720506668091
-0.5028752684593201
2.187197208404541
-0.013765218667685986
0.35170623660087585
-0.6521797776222229
2.142068862915039
0.22822488844394684
-0.4632232189178467
-0.7551537752151489
1.5519863367080688
0.1223553866147995
-0.2237117886543274
-10.087959289550781
3.250900983810425
0.7664526104927063
-1.191257357597351
-0.6021966338157654
-0.6536436676979065
1.2715598344802856
-2.253753185272217
2.2412261962890625
1.5894032716751099
-1.2890644073486328
-0.7463020086288452
2.4724960327148438
7.626896381378174
-0.7749130129814148
-0.023791592568159103
-0.5741550922393799
5.120730400085449
2.076932430267334
-2.965918779373169
0.6357618570327759
-0.38519182801246643
-0.2946358025074005
-7.46860933303833
-1.5617432594299316
-0.6490932106971741
-0.3699386715888977
-3.3332204818725586
0.06270472705364227
0.36154410243034363
-9.293072700500488
-6.404787540435791
2.439649820327759
2.403214931488037
-3.251638174057007
-1.8974127769470215
-0.5525185465812683
-0.556660532951355
0.06309851258993149
2.192491054534912
2.3709566593170166
-1.582780122756958
3.422137975692749
3.500898599624634
-0.510322093963623
0.3599061965942383
-0.8388043642044067
2.3354387283325195
-0.809600830078125
3.0493252277374268
-0.904305100440979
-1.3163598775863647
-3.6304759979248047
2.0789270401000977
2.9295825958251953
-0.5540458559989929
-1.480951189994812
3.6015846729278564
-0.2586548626422882
-0.3671678900718689
0.03336517885327339
5.873770713806152
-0.6850131750106812
-1.749057650566101
1.0778833627700806
2.413985252380371
0.963815450668335
-0.04359441250562668
-0.012257750146090984
-0.34205320477485657
0.17704802751541138
4.778931617736816
-4.722480297088623
1.6049715280532837
-0.8533957600593567
-0.10226891189813614
1.6232447624206543
1.8004591464996338
2.4280354976654053
-0.025439800694584846
-0.5304682850837708
2.6822221279144287
-0.6580821871757507
-1.2693332433700562
0.6512272953987122
5.1944146156311035
-0.3238983452320099
0.0048610009253025055
-0.680940568447113
-0.4331318438053131
0.14347122609615326
-1.0301436185836792
1.2910867929458618
-4.264756202697754
-0.5491412281990051
1.9353522062301636
0.183377206325531
1.6848866939544678
1.688419222831726
-1.67389714717865
-6.764560222625732
3.3304169178009033
2.5657153129577637
-0.7587114572525024
-4.398838520050049
0.7034382224082947
-0.6842679381370544
-6.38386344909668
0.37785089015960693
-0.2564872205257416
-0.8912660479545593
-0.36681944131851196
-2.0055272579193115
-1.104966402053833
-0.4683154821395874
-1.7526638507843018
3.6563239097595215
1.2696278095245361
0.015377919189631939
-1.5862798690795898
-0.6814987063407898
0.06823772192001343
-3.359226942062378
-0.04431813582777977
0.07678072899580002
-0.2364407181739807
-1.5993249416351318
-0.5498066544532776
2.5054609775543213
-0.004272816702723503
-0.510376513004303
3.6952340602874756
-0.6798592209815979
1.4605611562728882
-0.572113037109375
-1.1957504749298096
-0.5348678827285767
-0.6555913686752319
-0.7096931338310242
4.95380163192749
1.281436562538147
2.606611728668213
3.423292636871338
-4.918048858642578
2.689119577407837
-0.5878731608390808
1.5276285409927368
2.924919843673706
-0.5644214153289795
0.1729927808046341
-0.9846360683441162
-0.5075872540473938
2.546539783477783
-0.9380446672439575
-0.3932969570159912
2.0285775661468506
-0.3293648958206177
-2.2046027183532715
3.588890552520752
1.6443119049072266
1.095686435699463
1.0771182775497437
-8.903693199157715
-0.7854819893836975
5.002917289733887
-0.2296517938375473
0.07288210839033127
-0.08739612996578217
3.6061508655548096
2.8745341300964355
4.947735786437988
-0.6032564640045166
-5.871112823486328
1.1155983209609985
-0.15034781396389008
-3.9168965816497803
-0.6788296699523926
4.3739213943481445
1.3106952905654907
0.8194485902786255
0.5217804908752441
3.768766164779663
1.0975341796875
5.5763421058654785
-0.26690760254859924
2.8626065254211426
0.6123440265655518
5.075718402862549
0.21050260961055756
0.8567709922790527
-0.5404266715049744
0.0982033833861351
-6.202916622161865
3.2265472412109375
4.469795227050781
-0.6690599322319031
1.4664207696914673
5.289208889007568
1.844292163848877
3.5221633911132812
-11.725072860717773
-0.6108267307281494
-1.0511962175369263
-0.4585149884223938
-0.9252300262451172
5.189165115356445
2.570528984069824
-1.119909405708313
-3.5498573780059814
-4.868605136871338
1.5828396081924438
-4.1239423751831055
-1.030404806137085
-0.8545705676078796
-0.33100154995918274
0.145844504237175
0.9949851632118225
2.7967655658721924
-0.43319612741470337
2.5856246948242188
2.7354767322540283
1.4834765195846558
1.2183551788330078
-1.8571956157684326
3.0842342376708984
0.30823466181755066
-0.636123538017273
-0.35578301548957825
-0.5388373732566833
-0.39372679591178894
6.0767693519592285
-0.6241406798362732
-2.3650829792022705
0.27924925088882446
-0.1786876916885376
-0.2353634536266327
-0.9839184880256653
0.16990377008914948
2.097867965698242
-10.897018432617188
2.1952731609344482
-0.38024216890335083
-0.07909225672483444
-0.1694081425666809
-0.7121791839599609
1.4251388311386108
2.5314762592315674
5.071156978607178
-0.2067551165819168
-0.9113014340400696
-0.8165268898010254
2.805434465408325
-0.2719053328037262
-0.046308308839797974
-0.6356585025787354
4.780436992645264
-5.190235614776611
3.0587542057037354
2.1415860652923584
-6.341903209686279
1.6552518606185913
0.04184319078922272
4.887451648712158
0.604438304901123
-1.4318032264709473
0.12989681959152222
-1.871015191078186
-0.9997996687889099
2.76735520362854
-7.679127216339111
0.2881961762905121
0.7928416132926941
-2.3524022102355957
-0.5498110055923462
-0.1072869673371315
-0.6474374532699585
4.714759349822998
-0.7506328225135803
-0.019696542993187904
-0.6018112897872925
3.833585500717163
-5.48411750793457
-3.641812801361084
-0.7678205370903015
1.5822685956954956
-0.9771996736526489
-1.8384851217269897
-0.5391600728034973
2.0566275119781494
-0.42077940702438354
-0.3913494944572449
2.0333807468414307
6.246672630310059
1.8334769010543823
1.903240442276001
0.7116011381149292
-0.8623527884483337
1.1454778909683228
-4.43629789352417
0.15370914340019226
5.5141282081604
3.7338788509368896
-0.30904167890548706
-0.2892807424068451
3.5311503410339355
-0.9343424439430237
3.9571900367736816
-1.4813069105148315
2.255518913269043
1.3048497438430786
2.816046953201294
-1.2016969919204712
0.03803780674934387
0.1373598426580429
1.198099136352539
3.301318883895874
-1.421170711517334
0.33311906456947327
3.5017127990722656
-0.5258625149726868
-1.025662899017334
0.5146119594573975
-0.3438754379749298
-0.9059051871299744
0.07021477818489075
-4.869809150695801
0.7038825154304504
-0.2944834530353546
-0.7599741220474243
1.2689087390899658
1.8723044395446777
-1.7418512105941772
-4.201301097869873
-0.7616452574729919
-0.4358469545841217
0.7175542712211609
-1.2026976346969604
1.7307138442993164
2.5235135555267334
-0.2725050151348114
-0.12613588571548462
0.8278810977935791
-0.7011806964874268
-3.4666526317596436
0.5227534770965576
0.06050961837172508
-1.06400465965271
0.6154381036758423
-1.7072869539260864
-0.29847452044487
0.445120632648468
-9.445545196533203
-4.398659706115723
0.7436297535896301
2.5120904445648193
-0.40867090225219727
-0.36987176537513733
-0.4004151523113251
-2.573495864868164
-0.0655665174126625
3.2031030654907227
1.6953046321868896
-0.6775509715080261
1.9404683113098145
4.032554626464844
-0.30594003200531006
-0.2137700617313385
-1.0728518962860107
2.1865649223327637
-0.8705841302871704
-3.788031816482544
0.28880634903907776
10.934237480163574
0.5645164251327515
2.940382719039917
-2.371443510055542
-0.3673959970474243
3.1561334133148193
6.446125507354736
-0.2972857654094696
-0.8681522011756897
-3.3343615531921387
-0.4478139281272888
-6.487858772277832
-3.097377300262451
1.2735012769699097
-0.9559500217437744
-1.355966329574585
0.009982749819755554
-1.8308823108673096
-1.1157481670379639
-0.3360427916049957
0.31171727180480957
-0.4726465940475464
-0.28621047735214233
-0.11332567036151886
2.522775650024414
0.17162632942199707
-1.9462066888809204
0.38014692068099976
2.766298770904541
0.23460662364959717
0.07143110781908035
3.8423430919647217
1.7361010313034058
1.823390007019043
2.2837183475494385
-0.27192679047584534
3.1666789054870605
-2.7009456157684326
-0.34881091117858887
-0.10728580504655838
2.7340850830078125
-8.638537406921387
-1.767999529838562
-0.22977638244628906
-0.3596307337284088
-2.0734519958496094
2.4654579162597656
0.1677260845899582
-0.4109344184398651
-1.0710763931274414
0.16142039000988007
-1.0730377435684204
-1.4451346397399902
5.384742259979248
-0.45589515566825867
0.06130266189575195
0.0704210102558136
0.44440245628356934
-1.3181480169296265
-0.6865744590759277
2.891650438308716
-0.21394659578800201
0.2891676723957062
-0.8198207020759583
-0.11831076443195343
-0.003963043913245201
-0.9304718971252441
-8.430951118469238
0.13618163764476776
0.30209416151046753
1.0054495334625244
-5.949704647064209
-0.3752444386482239
1.7276113033294678
3.2058448791503906
-0.3864508867263794
-1.4142372608184814
-1.0566353797912598
3.350615978240967
-0.3884681165218353
-0.20511263608932495
-0.4538595974445343
0.6475178003311157
0.3045864403247833
2.3391454219818115
