1.5178228616714478
1.9764043092727661
1.3371175527572632
2.590700626373291
2.547988176345825
1.0642757415771484
0.954718828201294
1.5312426090240479
1.4356358051300049
2.03132963180542
1.4686261415481567
1.7516047954559326
0.7944971323013306
0.8761636018753052
2.3548288345336914
1.0194729566574097
1.491676926612854
1.4087473154067993
1.6850132942199707
2.5910532474517822
1.211565375328064
1.9954639673233032
1.4764859676361084
1.6128875017166138
1.65779709815979
1.2364474534988403
1.5789294242858887
0.9563876986503601
1.2922816276550293
1.611873745918274
1.6838138103485107
1.667061448097229
1.0021007061004639
1.2898417711257935
0.9798310399055481
1.0110955238342285
0.9846019148826599
1.5322332382202148
1.1542352437973022
1.4521777629852295
1.455635666847229
0.9095644354820251
1.0860157012939453
1.4570916891098022
1.860002875328064
0.7793048024177551
1.4899685382843018
1.7065502405166626
0.8895642161369324
1.637177586555481
1.2946327924728394
1.5112167596817017
1.5642342567443848
1.4361096620559692
1.6423929929733276
1.2091245651245117
1.010880947113037
1.0654734373092651
1.7083494663238525
1.4343937635421753
1.7129080295562744
1.3198686838150024
0.935546338558197
1.0104962587356567
1.236668348312378
1.994370460510254
1.580170750617981
1.2764708995819092
1.6149251461029053
2.021653413772583
1.6008358001708984
1.6327720880508423
0.93150395154953
1.6528899669647217
0.972029447555542
1.4320999383926392
1.7018976211547852
1.5449591875076294
1.3980289697647095
1.9902342557907104
1.8470486402511597
1.2416936159133911
1.1222493648529053
1.314470887184143
1.2821898460388184
2.3003780841827393
1.9322465658187866
0.7640849947929382
0.9179335832595825
1.2522165775299072
0.6248149275779724
1.4815945625305176
1.7333614826202393
1.4375079870224
1.1926710605621338
1.0822893381118774
1.4599814414978027
1.6706500053405762
1.7511911392211914
1.9098676443099976
0.9127302765846252
1.3961458206176758
1.4732884168624878
1.615932583808899
1.060564637184143
0.855490505695343
1.4627108573913574
1.8814085721969604
1.4257423877716064
1.5816189050674438
1.6612390279769897
1.6355618238449097
1.0171053409576416
1.5201247930526733
2.065382957458496
1.8755111694335938
1.0649614334106445
1.8429744243621826
2.4442298412323
1.3140666484832764
1.2551991939544678
0.9975733757019043
1.6477826833724976
1.4282304048538208
1.4202603101730347
1.613731026649475
1.5171935558319092
1.1491600275039673
0.8904757499694824
2.051751136779785
1.6256502866744995
1.0808736085891724
0.5824620723724365
1.2789616584777832
1.5349035263061523
1.1851553916931152
1.2164138555526733
1.9141684770584106
2.3928475379943848
0.930571973323822
1.118012547492981
0.8669249415397644
1.3730043172836304
1.8951762914657593
1.481953740119934
1.454333782196045
1.6015315055847168
0.8527219295501709
1.3653922080993652
1.7171120643615723
2.0755019187927246
1.2972534894943237
1.4466660022735596
1.3173267841339111
0.804534912109375
1.0991555452346802
1.4103116989135742
0.9009777903556824
2.2532262802124023
2.1283864974975586
1.1354565620422363
1.6084727048873901
2.3769900798797607
0.9287790060043335
1.6522599458694458
1.6334726810455322
2.040475845336914
0.6210379600524902
1.8503929376602173
2.0109405517578125
1.1631925106048584
1.7020169496536255
0.9786525368690491
1.07912015914917
1.9094198942184448
1.3042504787445068
1.8236521482467651
1.8406589031219482
1.5938786268234253
1.804276943206787
1.6151384115219116
1.129820466041565
1.7451447248458862
1.45583176612854
1.092436671257019
2.0156850814819336
1.4085084199905396
1.3534681797027588
1.3606563806533813
2.1843109130859375
1.674620270729065
1.3542400598526
1.640752911567688
1.9300415515899658
0.818077564239502
1.4916940927505493
1.177997350692749
1.3082157373428345
1.3233397006988525
1.0251888036727905
1.621747612953186
1.7317861318588257
0.994823694229126
1.5777548551559448
1.1913561820983887
1.7301983833312988
1.5796862840652466
0.9504603147506714
1.9350146055221558
1.6991056203842163
1.3058000802993774
1.7301664352416992
1.2659149169921875
0.8834989070892334
0.935166597366333
1.4867150783538818
1.0354701280593872
1.7427759170532227
1.9506099224090576
1.2682404518127441
1.522240161895752
1.4384061098098755
1.814406156539917
1.629212737083435
1.6083862781524658
1.0790212154388428
1.9382953643798828
0.9851871132850647
1.1280287504196167
1.8118466138839722
0.9256772994995117
2.0668654441833496
1.2298744916915894
0.869181215763092
0.8936759233474731
1.2177633047103882
1.522100567817688
1.4790993928909302
1.945886492729187
1.3232229948043823
1.8144361972808838
0.6891722083091736
1.1401739120483398
1.306933045387268
1.116151213645935
1.572319507598877
1.3107717037200928
1.718308687210083
1.1536073684692383
0.9555715322494507
1.6981077194213867
1.115452766418457
1.1506296396255493
1.0035167932510376
0.9151293039321899
2.3805642127990723
1.5056204795837402
1.4875400066375732
1.6144083738327026
1.3919705152511597
1.7850106954574585
1.2028536796569824
1.5423736572265625
1.1119781732559204
0.9594231247901917
0.8708212971687317
0.87291419506073
1.650734543800354
1.168518304824829
1.7182210683822632
1.3978615999221802
2.0022358894348145
1.8679293394088745
1.8392868041992188
0.7217314839363098
0.910041093826294
1.3924522399902344
1.1618393659591675
0.642217755317688
1.2062534093856812
1.2781925201416016
1.986242413520813
1.6348652839660645
1.6679604053497314
2.196521043777466
2.1809544563293457
1.4086190462112427
2.059483528137207
0.9728332757949829
1.4910300970077515
1.269149899482727
2.4452972412109375
0.8262367844581604
1.124833345413208
2.016101837158203
0.8254777789115906
1.0110664367675781
1.253562331199646
1.336545467376709
0.9959360957145691
1.36410391330719
1.5237674713134766
1.4782187938690186
1.849725365638733
1.4219107627868652
1.53188955783844
1.5342144966125488
1.304677128791809
1.5815045833587646
1.4348019361495972
1.0661897659301758
2.252701759338379
1.328972578048706
0.8602733016014099
1.681422472000122
2.09037709236145
2.1624627113342285
1.1327755451202393
0.9924998879432678
0.9139078259468079
2.092252254486084
1.3899743556976318
1.611751914024353
1.7834243774414062
1.9151179790496826
1.0276494026184082
1.0140118598937988
1.1037322282791138
1.8126908540725708
1.5092099905014038
1.292378306388855
1.113816499710083
2.07671856880188
1.591504693031311
1.2179795503616333
1.7192714214324951
1.5527878999710083
3.1145858764648438
1.556090235710144
0.5667043924331665
0.8769514560699463
0.5427302122116089
1.7996755838394165
0.9678886532783508
1.386633038520813
1.493748426437378
1.2954626083374023
1.408490777015686
1.3479433059692383
0.9758177995681763
2.0971691608428955
1.8119843006134033
1.3168865442276
0.7475287914276123
1.417335033416748
0.9947870373725891
1.3238518238067627
1.7921408414840698
1.2963895797729492
1.5121973752975464
0.927785336971283
1.1086457967758179
1.9346187114715576
1.6843301057815552
0.9451589584350586
1.451104760169983
2.123941659927368
1.3107006549835205
1.9191794395446777
1.1707712411880493
0.9275974035263062
1.931980013847351
1.293922781944275
1.3738051652908325
2.074850559234619
1.9605679512023926
1.2012708187103271
2.3718550205230713
1.8405061960220337
1.3916163444519043
1.0997858047485352
1.0445650815963745
1.6685768365859985
1.7482210397720337
1.1655336618423462
1.2398240566253662
1.5695408582687378
0.8848355412483215
2.176027774810791
1.1476480960845947
0.6949470043182373
1.6911189556121826
1.5281288623809814
0.8543122410774231
1.38724946975708
0.9822642207145691
1.3398021459579468
1.8265353441238403
1.1112871170043945
1.0529223680496216
0.9462741017341614
1.8171337842941284
1.3772432804107666
2.119720220565796
1.75911545753479
1.3567266464233398
1.742018699645996
2.0200202465057373
0.9369941353797913
1.1153411865234375
1.2873562574386597
1.5689400434494019
1.7358510494232178
1.102521538734436
1.352713942527771
1.1925262212753296
1.929379940032959
2.054105281829834
0.7330081462860107
1.425063967704773
1.334433674812317
2.237112045288086
0.5759968161582947
0.9685702323913574
0.5936475992202759
1.4134844541549683
1.3505418300628662
3.0562033653259277
1.8601492643356323
0.9587721228599548
0.6120264530181885
1.6858412027359009
1.1311789751052856
1.5889281034469604
1.612585186958313
1.6979488134384155
1.7449965476989746
1.7482740879058838
1.2083783149719238
2.5981242656707764
0.805441677570343
1.5758038759231567
2.0023415088653564
1.14767324924469
2.22619366645813
1.760642647743225
1.2881550788879395
1.341257929801941
2.1870715618133545
1.4381170272827148
1.5734020471572876
1.637988567352295
1.5092228651046753
0.9106256365776062
0.9270103573799133
1.6613006591796875
1.4219399690628052
1.4010066986083984
1.4555598497390747
0.8552125692367554
1.261809229850769
0.8154163360595703
1.0615125894546509
0.9659035801887512
2.0832760334014893
1.3297666311264038
1.039547324180603
1.2389494180679321
0.7733566164970398
2.1330883502960205
1.4393864870071411
2.1305956840515137
1.5861496925354004
1.1722193956375122
1.5519453287124634
1.4529752731323242
2.069216012954712
1.2878957986831665
2.059122323989868
1.7575678825378418
1.009920358657837
1.7035479545593262
1.685656189918518
1.1366190910339355
2.1961302757263184
1.7894022464752197
0.8034519553184509
1.5053977966308594
1.529011607170105
1.6692965030670166
1.620779275894165
1.5004234313964844
1.3260105848312378
1.724841594696045
1.687072515487671
0.7840671539306641
1.2093617916107178
1.4524810314178467
1.5555607080459595
1.6020004749298096
1.1141667366027832
1.4837539196014404
1.0345104932785034
2.121795415878296
2.238060235977173
1.5260272026062012
1.9681199789047241
1.1213769912719727
1.9956427812576294
1.1420762538909912
2.206293821334839
1.2752325534820557
