-0.2986830174922943
-0.426839143037796
-0.11015024036169052
-1.484549880027771
-1.5581934452056885
0.2943356931209564
-0.017330266535282135
-0.05998333916068077
-0.321172833442688
0.9355705976486206
-0.552897572517395
-0.5331763625144958
0.45236799120903015
0.0790957361459732
-0.7284299731254578
0.527166485786438
-0.3613825738430023
-0.5219817161560059
-1.0306203365325928
-1.0933027267456055
0.26364049315452576
0.4721526503562927
0.28456032276153564
-0.07518023252487183
0.4973163604736328
0.722034215927124
0.16290585696697235
0.003545179031789303
0.03544645383954048
-0.8276345729827881
-0.6543014049530029
-0.5210871696472168
-0.3873148560523987
-0.30775174498558044
3.389258623123169
0.18269847333431244
0.001963803544640541
-0.1590947061777115
2.0762360095977783
-0.4207938611507416
-0.6346613764762878
1.7659956216812134
1.317306399345398
-0.25636422634124756
-1.995766282081604
2.3611927032470703
-0.23368825018405914
-0.6674352884292603
1.8683596849441528
-0.17731912434101105
-0.16242212057113647
-0.21463818848133087
-0.8280718922615051
1.0062156915664673
-0.08916039764881134
0.5107201337814331
0.04128411412239075
2.152498483657837
-0.4825762212276459
-0.2592478394508362
-0.5836818218231201
-0.5022580027580261
0.8514493703842163
-0.2056489735841751
-1.1070265769958496
-0.8749901056289673
0.12261370569467545
0.06388065218925476
-0.516577422618866
-0.5196577906608582
0.06733724474906921
-0.4035305678844452
2.24286150932312
-1.3837711811065674
2.583772659301758
-0.9196920394897461
-0.5673462152481079
-0.009746171534061432
-0.21933338046073914
-1.1672000885009766
0.05199801176786423
-0.038369931280612946
1.4634459018707275
-0.6946054100990295
-0.2849137485027313
-1.6576189994812012
-1.0800106525421143
0.7978588342666626
1.6355499029159546
0.24331039190292358
1.4907742738723755
-0.37667518854141235
-0.5738760828971863
-0.15192320942878723
-0.4444311261177063
2.518033742904663
-0.21375249326229095
-1.304336667060852
-1.207638144493103
-0.7586188912391663
0.9175487160682678
-0.008510127663612366
-0.9424055814743042
-0.42443373799324036
-0.11969152837991714
3.294612169265747
-0.25285884737968445
-0.5153516530990601
-0.11080019921064377
-1.1947381496429443
-0.324813574552536
-0.4575060307979584
2.222026824951172
-0.15073026716709137
-1.1116827726364136
0.6013388633728027
2.5582621097564697
-0.45476582646369934
-1.3451957702636719
-0.2726954519748688
-0.35945338010787964
-0.005645275581628084
-0.19897209107875824
0.31618961691856384
-0.07927374541759491
-0.03788335993885994
-0.3014279007911682
0.3926491439342499
2.3233888149261475
-0.37202832102775574
-0.28556421399116516
-0.2547961473464966
0.4170290231704712
-1.0159019231796265
0.16311171650886536
0.05583476275205612
-0.6547383666038513
-0.5143835544586182
-0.6707152724266052
0.18083319067955017
0.7888988852500916
2.8247592449188232
-0.02512112818658352
-0.4733883738517761
0.1153804287314415
0.14692232012748718
-0.5177593231201172
0.15310333669185638
0.08042007684707642
-0.3275575637817383
-2.13468861579895
0.23031969368457794
-0.25714945793151855
-0.5073074698448181
3.3850162029266357
0.6658359169960022
-0.1801844835281372
1.628614068031311
-0.7211024761199951
-0.2270655483007431
0.625235378742218
-0.18949191272258759
-1.7442266941070557
2.062950611114502
-0.0917322188615799
-0.38480451703071594
-0.9581724405288696
1.0924692153930664
-0.6007882952690125
-0.7813110947608948
0.5169575214385986
-1.201762318611145
0.550639808177948
-0.01337325107306242
-1.1497517824172974
0.41399848461151123
-0.4662299156188965
-0.12943847477436066
0.16453562676906586
-0.017917735502123833
-0.4108416736125946
0.7972868084907532
-0.3517802953720093
-0.7613899111747742
-0.006812866311520338
-0.4860423803329468
-0.28344765305519104
-0.07169875502586365
0.2142883986234665
-0.3437657356262207
-0.39167216420173645
-0.076875701546669
-0.27417847514152527
-0.5675526857376099
0.6012440919876099
-0.7311993837356567
0.44989168643951416
0.03270154818892479
0.3864923119544983
0.34370529651641846
0.22629112005233765
-0.7405387163162231
0.21576447784900665
-0.4517641067504883
1.1951533555984497
-0.2545280456542969
0.051963984966278076
0.9727298021316528
-0.7616130113601685
-0.0040694414637982845
-0.40764036774635315
-0.43101179599761963
0.37353599071502686
0.6439604759216309
-0.1271858513355255
-1.4627807140350342
2.4639759063720703
-0.7104619145393372
-0.04721779003739357
0.06480709463357925
-0.08265085518360138
-0.24437744915485382
-0.14910201728343964
-0.44020411372184753
-0.7121212482452393
0.524734616279602
-0.4679584503173828
0.5145540237426758
-0.8587759137153625
-0.08123467862606049
1.5327473878860474
-0.5854843854904175
0.24740856885910034
2.0235507488250732
0.6188086867332458
-0.004693960305303335
-0.8120346069335938
-0.4626268744468689
-1.7788851261138916
0.06881674379110336
-1.2112153768539429
0.33734607696533203
-0.17601263523101807
-0.4662603437900543
-0.3183189332485199
0.40921977162361145
0.2706407606601715
-0.2581540644168854
-0.38397669792175293
2.693147897720337
-0.12085287272930145
1.6448900699615479
0.05777806043624878
2.739147424697876
2.187119245529175
-1.7257953882217407
-0.2001134306192398
-0.3583328425884247
-0.4266854226589203
-0.5269488096237183
-1.067149043083191
-0.6760426163673401
-0.07956991344690323
0.9521744251251221
2.2252891063690186
0.13789674639701843
2.000300168991089
-0.23705677688121796
0.17000873386859894
-0.3342905044555664
0.05567596107721329
-0.4560624361038208
-1.7399567365646362
-0.2844729721546173
0.6651625633239746
0.34036901593208313
-0.13755843043327332
-0.7110743522644043
2.136841297149658
-0.2329891473054886
-0.06821265816688538
-0.10642807185649872
-0.4775119423866272
0.36793971061706543
0.5755802989006042
-1.7522896528244019
-0.2930346429347992
-0.9728904962539673
0.13932964205741882
-0.0442156121134758
0.03535301238298416
-0.8823729753494263
2.0153439044952393
0.8739799857139587
-0.5645381212234497
1.4241888523101807
0.8909704089164734
3.137864589691162
-0.006529188249260187
0.8812594413757324
-0.73363196849823
-0.47291383147239685
0.24430301785469055
-0.7243117094039917
-0.27446696162223816
-0.20916104316711426
-0.25900885462760925
0.1845240592956543
-0.12180107831954956
-0.3813052177429199
1.0219205617904663
-1.301646113395691
-0.2942773699760437
0.47781234979629517
0.1345849186182022
-0.77018141746521
-0.7921265363693237
2.185105562210083
-0.09954839944839478
3.8739447593688965
1.2813265323638916
-0.10043270885944366
-0.4681899845600128
-2.127608299255371
-1.1729493141174316
1.0671716928482056
-0.3737090229988098
0.33021798729896545
1.690101981163025
0.8027696013450623
-0.17912454903125763
0.39446139335632324
-0.7572123408317566
-0.42993831634521484
0.15165089070796967
-1.474890112876892
0.516097366809845
-2.1007473468780518
-0.5046509504318237
0.40716353058815
2.434715509414673
1.170581579208374
-0.020185424014925957
2.3991200923919678
-0.4460313320159912
-0.21404337882995605
0.25881052017211914
-0.5825738310813904
-0.46605199575424194
-0.15853264927864075
-1.054646372795105
-0.6493982672691345
-0.5537853240966797
1.2793803215026855
-0.44689059257507324
0.6770714521408081
-0.5031874179840088
-0.23779505491256714
0.32201606035232544
-0.34220144152641296
2.5332698822021484
0.020402947440743446
-0.7662925124168396
-1.3512400388717651
2.3123443126678467
-0.8542025685310364
-1.1245108842849731
-0.08528190106153488
-0.026627399027347565
-0.3033984899520874
1.6137385368347168
-0.6441894769668579
0.09243091195821762
0.14796634018421173
-0.44570544362068176
-0.7774205803871155
0.1505577117204666
-1.372654914855957
-0.3259957730770111
1.0178042650222778
0.3465099036693573
0.3173525035381317
-0.2030397355556488
-0.3723823130130768
-0.10411040484905243
0.013179710134863853
-0.5858044028282166
2.9231793880462646
0.5069390535354614
0.3662794530391693
-0.04649793356657028
-0.5991855263710022
-1.1895779371261597
0.43334129452705383
0.13698790967464447
1.733704924583435
0.07435014843940735
-0.21907339990139008
1.3345714807510376
2.528231382369995
0.40618348121643066
0.0064404369331896305
-0.8743841648101807
-0.5290961861610413
0.6687495708465576
0.024493729695677757
-0.3368513882160187
-0.7276093363761902
2.460339069366455
-0.1372680962085724
-0.20763389766216278
-0.24306568503379822
-0.23992957174777985
0.7321158647537231
-0.07462085038423538
-0.3087886869907379
-1.8233081102371216
-0.47715240716934204
0.5138096809387207
0.04145713150501251
0.18757063150405884
-0.9517589211463928
2.258131265640259
0.10662846267223358
1.5858322381973267
0.19486011564731598
-0.20323710143566132
-2.649125814437866
-0.45890331268310547
0.32098332047462463
1.7599296569824219
-0.14235064387321472
0.3500792682170868
-0.622644305229187
-0.3697708547115326
0.3100980520248413
-0.9959991574287415
-0.669328510761261
0.4547770321369171
-0.6812286376953125
0.17346547544002533
-0.2570644021034241
-0.7247560620307922
0.30401742458343506
-1.1883336305618286
-0.6166456937789917
0.8269386887550354
0.23278272151947021
-0.9022709727287292
-0.19358614087104797
-0.32916414737701416
-0.3460235595703125
-0.4719642400741577
0.6028352975845337
-1.3443573713302612
-0.2616347670555115
0.07767089456319809
0.012023299932479858
-0.6949396729469299
1.4449248313903809
-0.14024557173252106
0.2684105932712555
0.6204405426979065
2.822174549102783
-0.5443108677864075
-0.08644967526197433
2.483022689819336
-0.5976595878601074
1.0240139961242676
-1.1891897916793823
-0.2027781754732132
-0.40131068229675293
0.025148577988147736
1.2437806129455566
0.26958397030830383
-0.2356788069009781
-0.26480215787887573
-0.1762797236442566
-1.0523443222045898
-0.5332534313201904
0.37392595410346985
-0.24082747101783752
-0.21660400927066803
0.5945857167243958
-1.0623271465301514
-0.6209513545036316
3.2683045864105225
-0.35966429114341736
-0.04348120465874672
-0.25241389870643616
-0.4747413396835327
-0.32067710161209106
-0.2604450583457947
0.08003168553113937
-0.26426446437835693
1.9016720056533813
0.12546294927597046
0.4875420928001404
-0.6715816855430603
-0.08977954089641571
-0.1371523141860962
-1.102927803993225
2.1212596893310547
-1.1257662773132324
-0.9401803612709045
-0.29369932413101196
-0.26672983169555664
2.130293369293213
-0.6636505722999573
-0.7992444038391113
-1.3976503610610962
-0.30350103974342346
