-0.18624915
-0.73006463
0.8523482
-2.0476985
-1.3526909
3.2277203
-0.16538146
-0.6951749
0.59290874
0.017866861
-1.0114776
-0.19576405
0.45011252
-3.6816454
0.3185426
0.7223
1.5937425
0.70301837
-0.78681296
0.16439927
0.35163006
0.3040487
3.5220397
-0.22118919
0.124966726
-0.44819048
-0.54627955
0.10632089
-0.5454441
-0.09662101
3.4038527
-2.3218215
-1.0989199
0.22807406
-0.373426
0.018322987
-0.06532824
-0.63199455
0.7133886
-0.17435224
-1.8098332
2.3580923
-0.2647274
-0.52862936
0.26684237
-0.16463016
-0.2644988
-0.23784627
-0.23389737
4.2677035
-0.07651218
-0.46459964
-0.23121147
-0.47246984
0.2585979
0.18490486
0.18107828
-0.7962674
3.2895854
-0.1770348
0.0802978
-1.1984076
-0.30063304
-1.0002685
-1.4970751
-0.7429208
-0.32551533
-0.45939323
-0.38075286
1.1167152
2.1814556
1.0760394
0.3329499
0.75947845
0.43955576
-1.3179891
-1.9180874
-1.1501211
0.33312353
1.1802181
0.36709303
-0.9514695
-1.2574183
2.3665264
-0.15820436
-2.5519338
2.81245
-1.2558584
-1.2067723
2.7659674
0.25996307
2.3472922
0.8590895
0.10084389
0.3259645
0.18804663
-0.7249212
-1.9694905
-0.42871246
-0.4267261
0.37011752
1.359966
-0.9763828
-1.1901528
2.0044155
-0.2727107
-1.0709059
0.03195053
-0.08728755
0.08389415
-0.046347488
-0.22235447
2.657056
0.21611057
0.15156826
-0.040474027
0.09073347
0.0001846301
0.60806143
0.23188363
0.4666754
1.9832398
-0.067587614
-0.09174399
0.36106923
0.10151772
-0.12817757
-1.0753583
0.43013713
-1.2436979
-2.1317577
1.0078578
0.44668663
0.5957848
2.1700432
-0.599763
-0.61120474
-0.43375352
-0.5608166
-0.40669432
-0.3611138
-0.5387355
-0.2671524
-0.47787467
-0.42775315
-0.5387737
0.9439659
-2.0925589
0.60857475
1.7135986
-0.7225767
-0.37528664
0.8434217
0.07860766
-0.60442376
0.14430569
-0.5364555
-2.5704238
-0.2717639
-0.24574234
-0.29890302
-0.2613301
-1.4311863
0.49920627
0.42973664
0.47150192
-2.1522639
0.033819158
0.5251167
0.66624844
-1.2473412
0.58170843
2.3585823
0.40332183
-0.76050484
-2.3194156
-0.71715343
-0.143502
-0.1436307
0.019064652
-0.80743504
-0.8640547
-0.5148127
-0.3541265
3.1986327
-0.1628113
-0.09344198
-0.87935275
-0.004097728
0.3277981
-1.6366079
0.066827424
-0.5890577
-2.730763
-0.67974424
0.21703368
4.2510605
0.579264
-0.8918312
-1.3213344
-0.94202566
-0.5445739
-0.47323692
-0.2681994
1.0251187
2.3817396
0.9601439
1.2142651
3.1673594
1.3032953
-0.8909842
0.7835429
-0.76649904
-0.75179034
-3.2383406
-1.0466772
0.49045667
-0.52613395
-0.5078135
2.9934492
-1.6826181
-0.35423928
0.3090759
-0.13635409
-0.41812432
-0.069114275
0.26466787
-0.18437755
-0.27744374
-3.3620248
-0.08715515
0.654728
0.7840911
0.6059857
0.69683206
-0.27332076
-0.4983385
3.3027349
-0.9570165
-2.29325
1.1077704
-0.38904542
-0.7654867
-0.20795004
-0.19184536
-0.292075
-0.17142278
3.2664218
-0.05017441
-0.049415305
-0.12966582
-0.21867026
-0.8315688
-2.3060465
-0.70783854
0.11975866
1.1244853
-0.113933526
0.7429185
1.5422292
0.4790051
0.8272631
-0.033950247
-0.3031876
0.21812682
-3.570636
0.6175231
-0.53183997
0.32248312
0.94677734
-0.8632197
-0.3077
-0.853895
-0.35169873
2.9492602
-0.20045045
-1.1921281
-0.01703818
-0.8017731
0.6317885
-0.35398597
-0.22152084
2.1216824
-1.8319445
-0.40698704
0.077601716
-0.43368667
0.022618959
0.72722244
0.31688106
-0.20272046
0.032146484
2.8244936
0.5118732
-0.0410881
0.13173203
0.2142545
-0.16562824
0.28665534
-0.11078413
0.14297044
3.62155
0.14479886
-0.23303469
-0.117693886
-0.21268556
0.22639474
0.18341398
0.30523705
0.28483593
-3.5460851
0.2685058
0.19778812
0.490437
0.13652498
-0.01715021
0.52305233
0.026790297
0.56683105
2.9216979
0.40016353
-0.14186205
0.38124394
-0.07088962
-0.0006376122
0.19643578
-0.131315
-0.009328825
2.4610133
-0.0025387504
0.15159294
0.13391183
0.07856638
0.45505634
1.2203531
0.26211926
-1.0525998
-2.521474
-0.3726293
0.21203153
0.688778
-0.2816223
0.17660032
4.599003
-0.19527014
-0.58418137
-2.514138
-0.28224203
-0.16316557
-0.6252951
-0.24673179
0.47867844
-0.31438148
-0.7280328
1.9378172
0.2593878
-2.260481
0.58940583
0.14240111
-0.3338157
-0.32926223
-1.3189698
-0.37652078
-0.1360881
0.6774158
-0.4547608
0.27511036
2.6727657
-0.49917954
0.0011660024
0.29814625
-0.09455291
-0.28240922
3.2604349
-0.14355847
0.02392455
-0.10701506
-0.11777348
-0.5447948
-0.9258052
-0.4932686
-0.8251377
3.139778
-1.0298182
-0.6495968
-0.6177978
-0.4798464
-0.039348494
-1.1587561
0.767558
-0.71321815
-2.211892
1.5827131
0.21793896
-0.4127093
1.9044023
-0.4559575
-1.6230255
0.9673902
-1.6466725
3.165168
-0.08739389
1.1355405
0.030199498
-0.24426763
-0.07737047
-0.37109438
2.3780868
-0.6330417
-1.2155107
1.1735837
0.03886882
-0.78966755
-0.09360558
0.6009716
-0.19928794
-0.31795472
-2.9931118
1.1841363
1.9549834
1.0431757
-0.42708117
-0.6215695
-0.12257886
-0.43267515
0.39105314
-1.7214737
-0.7057283
2.2079484
-0.07110873
-0.31950477
0.42232585
-0.4750516
-0.29008403
-0.41076028
-0.23175919
4.106327
-0.25021333
-0.3504417
-0.310055
-0.35194162
-0.11442686
3.3041005
0.09980346
-0.14396119
-0.05964209
-0.08607968
0.16544023
-3.0258024
0.046251345
-0.21542193
-1.7322576
-0.27221173
-0.27786016
3.204121
-0.11655748
-0.35178563
-0.59371305
-0.3206592
-0.5365671
-0.3495437
0.5534791
-2.6705267
-0.61088634
3.3047438
-0.49758705
-0.31634164
0.7154338
0.051374577
-1.3759596
0.15356883
-0.02749781
3.740524
0.112972096
-0.039189793
-1.5159155
-0.21360002
0.06490329
-0.4272076
0.041881308
-0.4500325
-2.8943856
-0.3406551
0.14240447
4.301413
-0.12941094
0.6129781
2.7336886
0.529894
-0.19395491
-0.13730475
-0.027502663
-0.6474782
-2.5064123
-0.5382878
-0.0349831
-0.114002585
-0.076241516
-0.35045636
-3.9755785
-0.07507913
-0.0779129
-0.2663365
-0.011528673
-0.15318573
0.76966333
-0.08667177
0.16087477
3.1962872
0.17076047
0.08090718
-0.23691903
0.09374923
-0.9036112
-0.63486934
0.16980264
4.526062
-1.4939228
-0.049556535
-1.0862113
-0.14997369
0.25869286
0.41190797
-0.6728979
-1.1209551
2.1710892
-0.23488396
-2.0508387
0.6910571
0.29769462
-0.30299574
0.6575001
1.1197879
-0.28541276
1.1936533
0.79518694
-1.7539707
0.00020877937
-1.4921088
-1.2000456
0.32690167
-0.38990468
0.11953537
3.1679409
-2.789808
-0.57061553
0.12535661
0.0136309555
-0.14875847
-0.22288302
-1.090463
-0.14460811
0.21319988
3.2765105
-0.10249831
-0.23764935
-0.85217834
-0.029748626
-0.75195706
-0.26122344
-0.5460267
-0.18022561
0.27924106
-0.29364705
-0.8805333
-0.31628639
-0.6709501
0.19491933
0.5333813
0.19380622
-0.25167376
2.4982471
0.17039908
0.16340461
0.8037961
0.13092425
0.41096795
-0.43217543
0.58942527
1.7888559
-0.35009813
1.7411393
-0.28889304
0.42097408
-0.25310954
0.78874826
2.3994803
0.89150906
-0.45959324
-1.6650728
-0.8728055
-0.59246284
-0.6476325
-0.30783832
0.037689377
1.17696
0.8070478
1.6800876
-3.0091815
-0.5126532
0.19658251
-0.44303212
-0.1452872
-0.3694675
-0.7261037
0.033414714
1.1760103
3.313116
-0.5748178
-0.39934695
-0.87552583
0.12143398
0.33520707
0.85588664
-0.19780001
0.55867594
3.2777128
0.90794736
-0.16411485
0.48108512
-0.17338334
-0.13684887
-0.2888905
0.029711287
-1.3597571
-1.0427066
2.322966
-0.11743729
-0.18457523
0.2711894
-0.4319756
-1.8276509
-0.29537177
-0.45648146
-1.3469725
-0.20905012
0.8441448
3.0832982
0.81477344
0.6579907
-0.24077295
-0.41911873
2.4507568
-0.27859896
-2.4742765
0.52371144
-0.15679172
-0.43702543
-0.16553144
0.3771666
-0.17445354
-0.012088252
4.1289897
-0.18012406
-0.2497074
-0.19221044
-0.27773848
0.07764021
0.57602113
0.65583456
-0.31804904
2.166834
-1.1719282
0.637154
0.79577756
-0.39154673
-0.53801525
-0.87390393
-0.64533097
-1.0000689
3.7248385
-0.93796885
-0.4634488
-0.9934486
-0.46421516
0.53706735
0.036899187
0.6670166
0.4292401
-2.8913147
0.27724054
0.7323585
0.40141138
1.0460579
0.12053372
0.087906405
-0.41939148
2.454644
-1.1058859
-0.01075901
0.008082196
-1.1066926
-0.26976594
0.38631836
3.298553
0.21457888
-0.592284
-0.9890489
-0.59830725
-0.10701829
-1.6878047
-0.040314186
-0.04350979
-0.41078588
-0.0440078
-1.0264186
-0.9176756
-0.90273273
0.0007992052
-0.50363237
-0.016991677
-0.69406676
1.0973227
1.4385304
-1.4204639
-1.0005629
1.4985666
-0.0186354
-1.2093883
-0.9473555
0.11733311
-2.5937161
0.07664175
-0.6998627
-1.4634589
-0.670531
0.40504944
4.2160134
0.56236285
-0.60992616
-1.3198687
-0.28243792
-0.58170116
3.4627109
-0.2580225
-0.2743293
-0.5650369
-0.35624126
0.018228548
0.025621347
0.15467063
-0.2872127
-3.1287303
-0.105657004
0.4943487
0.020254187
-0.21817207
-0.61538833
-2.048446
-0.45021832
2.4942775
1.190325
-0.22017531
-0.09453222
-0.2627201
0.01774501
0.109780535
-1.1391063
-0.4673064
-0.11740846
3.8337498
-0.18386398
-1.1026772
-0.82511866
-0.105357066
-0.12458017
-0.9798577
0.12354415
-0.9192357
-1.212862
-0.70533514
-0.027357828
-0.48255408
0.03756463
0.5256043
-1.5715284
0.28571448
1.1943915
-2.8011541
0.25432527
0.5776446
-1.6830605
0.14453511
-0.12737723
0.7226479
0.44118834
-0.85426897
3.2562408
-0.22026454
0.4303463
0.08367398
-0.2903615
-0.21692288
0.111705564
-0.27970624
-0.28198385
4.1443453
-0.40036076
-0.23747426
-0.6847003
-0.28931183
-0.68207926
-0.4384058
-0.61269397
-0.350583
-0.6372224
-0.22253798
-0.6133353
0.069474205
-0.51384676
-0.54377407
-0.74334604
-0.5283663
-0.65183574
0.1444512
-0.5152163
-0.4048136
-0.48398536
-0.4126357
0.5212491
-0.23057698
-0.62586874
2.01543
-0.09986273
-1.8805423
0.43331167
-0.15858911
-0.47980243
0.8569648
2.3050096
0.87895554
-0.9438151
-0.8937227
-0.16482349
-0.5114394
-1.643195
-0.086375944
1.5138365
0.6754387
0.6227916
1.0430104
-1.8335271
-0.0453274
0.3686117
-1.3323696
-1.0420824
-0.0047005364
0.3888554
-0.032860875
0.41133502
2.122045
0.10764807
0.06078935
0.20183504
0.06891487
-0.086540766
-1.0335727
-0.25279376
-1.203867
5.0278416
-0.616732
-0.08591517
-0.6599594
-0.127864
2.753
0.3326873
-0.6398565
2.0490847
-1.7266589
-1.265691
-0.5814911
-1.2807473
-0.96580946
-0.15117776
0.89349097
0.042133566
-1.5340972
2.4237263
0.18074514
0.15745571
0.39191774
0.41472477
0.6599295
2.9328337
-0.12425886
-0.13862085
0.2575454
-0.16921717
-0.24444613
0.33357543
-0.2056456
-0.2892415
-0.78345007
2.9654036
-0.054014236
-0.94563127
-0.41323012
-0.16352889
-0.15424651
-0.33644253
-0.045302868
2.8835487
1.1867757
-0.74735117
-1.2484808
-0.15479435
-0.4933759
-0.35151348
0.16401446
-0.22094156
-0.73279554
-0.06011323
-0.07363904
3.7161105
-0.4506374
-0.38907266
-2.2956824
-0.34800306
-0.5506375
0.48631826
-0.3463066
0.6116426
2.722005
0.4105896
-0.41042888
0.22329134
-0.37981007
0.9405674
1.6861291
0.498115
0.11116034
-0.47112778
-0.8590835
-0.29956526
-1.456853
-0.77768457
-0.035473876
0.6198901
0.03568235
0.22579007
2.130428
0.2089956
-0.19198729
0.7002221
-0.24469855
0.0284567
0.9141365
0.21548638
0.41833752
-3.5135484
0.074631855
0.23119298
0.08740962
0.23048207
-0.64989156
-1.5874711
-0.23988156
-2.4535737
-0.6585744
1.8662277
-0.54495174
1.2723161
1.7507906
-0.41994202
-0.2869775
-0.35370296
-0.7232601
-0.60190076
-0.667922
-0.28758383
-0.33890092
-0.3385258
0.5451054
-0.22579432
-0.551556
-1.4715886
3.7283137
0.0372839
-0.35503554
-1.1286063
0.12363167
-0.6381443
-0.0034524617
0.17501427
0.3212921
2.8333213
0.08508092
0.13990636
-0.17729041
-0.21970305
0.031711806
2.9691067
0.30709282
-0.48772958
-1.7735895
-0.24514659
-0.11047433
-0.807015
-0.104973145
0.0004072735
0.058516596
-0.20753102
-1.0185677
-2.14898
-0.32087836
0.4584693
1.7540758
0.0549369
-0.097677805
-0.4266334
-0.3102691
-0.568388
5.0593033
-0.47982424
-0.1419612
-0.73985165
-0.12317556
-1.4077344
-0.5545949
1.500873
-1.5476737
-0.08572027
1.9896784
-0.42112207
-0.22594158
0.59181195
0.44779333
-0.9511303
-0.40335318
1.1437985
-2.1275518
-0.90198857
1.4299172
1.2181864
0.24180324
-0.86347497
-0.42451397
-0.5008739
-1.2448789
-1.9266127
-1.443694
2.3342767
3.6078522
0.79548824
0.18053076
-0.261302
-0.014982108
-0.57397264
5.042569
-0.90597713
-0.29423946
-0.5947305
0.28003886
-0.14838661
2.9137242
0.1644946
-0.09320651
-2.1119878
-0.7041226
-0.22156456
-0.23321009
0.12917398
-1.4374247
-0.8205678
-0.75909024
1.5166044
-1.1391559
-1.340794
1.0950702
-0.06503876
-0.8971414
-1.8839979
1.0344684
0.33797088
1.7007148
1.146915
-0.57610476
0.26138765
-0.49852806
0.0764836
-0.5020545
-0.4709419
-0.45903096
0.0080848355
3.5213358
0.6265838
-0.34899956
-0.033885874
-0.21093848
-1.0691284
2.073223
-0.62047577
0.66146266
1.2928292
0.2912143
0.24963713
-1.0082893
-0.16001843
0.65404755
2.7606912
0.66600156
-0.5001386
-0.26326978
-0.48258722
-0.30073956
-2.1990628
-0.25395957
-0.4659371
-0.43390206
0.57418436
-1.983538
0.06101126
2.7093215
-0.6265322
-0.44160488
0.7319176
-0.0009894521
-1.5923425
-0.92905986
1.360815
-0.0076531842
-1.7347564
1.3428185
1.2547454
0.07616964
-0.45488906
-2.8799274
-0.58739156
-0.50083923
0.13292214
-0.2840382
0.6282092
3.262564
0.67634636
0.20866817
0.3664927
-0.26515064
0.57229954
2.855128
0.33393592
-0.23222508
0.35340586
0.06540086
0.2140465
-0.26154742
0.10081491
-0.3952978
-2.4431183
-0.18935141
0.078393474
-0.25361973
-0.04805359
-0.4629513
-0.24446921
-0.2942516
-0.33076093
4.4217887
-0.44603443
-0.4365021
-0.6339987
-0.34159437
0.93032837
-0.8608468
-0.31197903
3.5886183
-1.6818488
-1.4587202
0.23472974
-0.58575433
-0.15741645
-0.602597
0.009364556
0.738464
-1.8507622
-1.0190277
2.5535328
-0.5324272
-0.03871472
0.7868243
-0.1349874
-0.1024686
-0.13118184
-0.05328387
2.5023537
-0.04743469
-0.029614422
0.16171086
0.02944198
0.5058535
1.9101299
0.29474688
0.5336685
0.5385104
0.6503307
0.2376218
0.029059751
0.04531038
0.14648479
0.9591561
-0.5061534
0.6990044
2.3022282
0.40803927
-0.43771127
0.33075902
-0.18368803
0.13013124
4.349731
0.19229561
-0.37286395
-2.2256303
-0.6542515
-0.27026188
-0.5280408
-0.26056844
-0.06796477
2.4544797
1.0413183
-1.2741586
0.7245827
0.14549156
-0.91117585
-2.1391213
-0.7543259
0.24277328
0.55067265
0.15950716
0.7992136
1.8429756
-0.24120975
0.313437
0.73494226
0.23463011
-0.45128357
-1.2886438
0.29359192
-1.3447943
-1.4951453
1.5436419
0.26953754
0.66045123
1.6214238
-0.30795136
-1.1472415
0.11982016
-1.1388981
-2.508742
1.3148028
0.052405354
0.90321976
2.4397292
-0.2563972
0.36278066
-0.1391732
-0.9118178
3.2369456
0.025324883
-0.6333137
-0.982724
-0.42516512
-0.07816049
-0.30472454
-0.010927751
-0.31905878
4.765632
-0.3224905
-0.029234307
-0.54122937
-0.09858185
-0.4075976
0.3203996
-0.6616794
-0.9581041
3.7443361
-0.8091779
-0.1287199
-1.727327
-0.2003479
-0.5595329
-0.45226645
0.15271127
-2.0602043
0.74985754
2.08702
0.03973084
-0.2852427
0.2606425
0.28834945
0.06589776
0.08140151
3.4580743
-3.0050259
-1.1568533
0.21674393
-0.11251533
0.0942281
0.8237247
2.8931184
0.6969227
-0.7502737
-1.1479553
-0.5512326
-0.30845222
-1.6196592
-0.31266183
-0.07963801
0.043629892
0.086405694
-2.762779
2.8208392
-0.16046447
-0.1046716
-0.05630586
0.17013611
-1.0076926
-1.1841292
0.03200613
-1.4806379
-1.114737
0.98941666
-0.015781155
1.1945817
1.4431378
-0.14646521
0.12245365
-0.17154211
0.19493861
2.651401
0.108727634
-0.03549199
0.079648286
-0.059453994
-0.72818404
-0.49334905
-0.56641424
-0.5390401
-0.34598398
-0.45236096
-0.61917055
-0.3323041
-0.6106744
0.36333054
3.2215705
0.5965632
-0.79569703
-1.6931295
-0.22906832
0.062038824
-1.5617872
-0.017133038
0.22169119
0.5867846
0.22022083
0.43013448
1.4985539
0.46597496
0.32008544
0.47864297
0.35784695
0.2854489
0.0061458396
-0.7868928
0.47686115
2.157343
-2.3579662
0.40856683
0.3164335
-0.5733197
0.47795781
2.4294498
0.3082106
-0.31123146
-0.8010888
-0.086405516
-0.25138775
0.13951337
-0.16468295
0.06465383
-0.5168283
-0.5345522
-0.08412878
3.4247768
0.1196765
-1.0420686
0.25610355
-0.030516213
-0.062774785
0.3895462
-0.1539302
0.65318877
-3.421821
-0.29901707
0.10310987
0.41429508
0.07715858
-0.16891003
-1.0107157
-0.30134076
-0.46866918
-3.0013425
-0.37224308
-0.3442585
0.6717315
-0.45506752
0.27231628
-0.32162383
-0.112128295
0.063519016
2.942874
0.12080948
-0.47447565
0.6469818
-0.07844153
-0.27181268
-0.21625817
-0.33224753
-0.29479855
3.9707594
-0.29423952
-0.18586047
-0.4382099
-0.16198146
-0.13514881
-0.42652905
-0.25339016
-0.80219936
-1.3675205
-0.5262424
0.4815644
2.2763646
0.3831233
-0.005578977
-0.8092904
-0.9554621
-1.2514068
-0.5355756
-0.94969976
-0.7207021
-0.52361226
0.025267616
-0.15735911
0.121140175
-0.15716214
-0.37538794
3.3504124
-0.66345537
-0.25315553
-1.4019741
-0.25057763
0.6027474
3.0981932
0.5507482
-0.24761398
-1.0715072
-0.13041307
-0.652321
-2.023405
-0.5639985
0.5318871
0.8220826
0.39813483
-2.157189
-2.0785224
-1.593258
0.28829265
0.20306194
0.20028521
-0.21897669
-1.3366708
-0.37163332
-1.139972
4.2365065
-0.22200659
-0.40752017
-0.38741514
-0.2176375
0.18269996
-0.6301278
0.33689633
-1.9439638
-0.650202
2.683358
-0.15647373
-0.3695473
0.47041744
1.340838
0.21119034
-0.33621395
2.0331876
-0.9911639
-1.3891575
0.17451063
-0.91573036
-0.6996294
1.2171434
0.9251775
0.42999452
1.716776
-1.5681366
-1.3517312
0.30498466
-1.2935425
-0.3839608
-0.530601
-0.48090735
-0.5771084
-0.66222084
0.28862897
-0.26820964
-0.5421775
-0.5759997
-0.6752425
-0.85279065
-0.95394903
0.26025993
-1.6286286
-0.68874
1.9482746
-0.26947764
0.32267603
0.881514
0.2063021
-1.1626176
-0.044761293
2.0362003
-1.5663264
-0.98261684
1.0944399
0.20119342
0.16050799
0.5645517
0.4017826
-0.1747595
1.4442103
-2.3352568
-0.46422648
0.27582195
-1.0566951
-0.012313756
-0.5523394
0.3430511
0.701214
-1.4004047
3.1408975
-0.63478637
0.8143853
0.43922845
0.24015091
-0.2043996
-0.15399295
-0.6570638
-0.27590215
3.3219907
0.05476309
-0.7419361
-0.28616834
-0.21428718
-2.0276794
-1.99782
-0.4366841
-0.8239959
1.8045846
2.1930063
0.10317787
0.11025208
0.9183114
-0.4123532
0.23427267
1.0578151
-1.9787046
-0.5275679
2.0656807
-1.3190644
-1.3826764
0.41044164
-0.2586822
0.8406837
-0.4113048
-0.108556315
-1.8257776
1.8449668
-0.20463261
-0.6929537
0.1749946
0.410034
0.9096446
1.0484895
-1.3562772
-0.49767187
1.6215212
-0.52154964
-1.86225
0.4555763
-0.58200175
-0.5552932
-0.46629104
-0.5600988
-0.4542293
-0.26016986
-0.62802815
-0.7741301
-0.48630863
0.11447066
-0.56267935
0.0031072597
3.11209
-1.7982917
-1.2348979
0.41469085
0.17698368
-0.084342204
-0.58878165
-2.3294404
-0.3471602
-0.51858956
-0.1251558
-0.25263613
0.7073153
2.6810112
0.875639
-0.735521
-1.6803086
-0.122229636
-0.44068053
-0.5860368
0.28852448
0.621555
1.7981415
0.74499923
-0.9534339
-0.800075
-0.84035385
-0.5541148
-0.581564
-0.52006537
-0.46565774
-0.18921582
-0.5426654
-0.17715146
-0.40201002
-0.13180974
-0.7637161
-1.3672514
-0.69132704
0.64434713
2.5778573
0.020717664
-0.14527361
-1.0342723
-0.18717606
0.26887965
3.15987
0.36539984
-0.24521248
-0.64603597
-0.11621759
0.23137349
-1.1295083
-0.047887523
-1.8812113
2.591005
0.25736728
-0.5760468
0.7356508
-0.34458226
-0.068350926
0.22371589
-0.18605933
-0.82234496
-1.4341754
-0.8528484
0.728406
1.6197169
0.6470315
-0.09203962
-0.9936983
-0.8938203
1.2295054
2.5223277
-0.2443718
-0.38388944
1.0584387
0.15000504
-0.7058926
-0.41803765
1.2016977
-0.9497877
-1.6896702
2.0427873
-0.34605965
-0.35228357
0.9443439
0.11058704
0.061624758
-0.31712902
-0.6596343
2.949131
-0.92246556
-0.09772981
-0.014358039
-0.17644425
2.009881
0.7657618
0.69382244
0.8542902
-2.235988
-1.1228689
0.3593293
-0.9924968
-0.2988725
-0.4852594
-2.029287
0.050386995
-1.6895511
-1.0928549
0.798076
0.14433046
1.9040966
1.6269289
0.1676794
-0.4502264
-0.46800655
-2.2352927
4.07152
-0.18450244
-0.6032332
-0.82991064
-0.25501457
-0.50094104
-1.2748119
-0.4487262
-0.41410416
-0.6447325
-0.7755696
0.96656144
2.1077874
0.5808192
3.0135462
0.26136968
0.21856257
-0.076908946
-1.2418708
-0.92607796
-0.02259428
-0.77364784
-0.59817785
-0.2476283
0.26885638
-0.2844991
0.04023568
3.6918814
0.16068059
-0.09836489
-0.087278225
-0.13117467
-0.12850611
0.031414066
-0.17010298
-1.3443778
3.3608549
-0.93159723
-0.32556033
0.28063995
-0.10707587
-0.083486564
-1.0594959
-0.12555194
-0.17491825
3.9825437
-0.2854309
0.029124841
-0.66112155
0.10841596
0.27264008
-0.08790982
-0.2107031
-0.12666075
3.2293923
-0.34255633
-0.5634892
-0.20609473
0.016146507
0.095359646
-1.0667518
0.078738645
-0.7855197
-2.159212
-0.28477058
0.4905168
0.31263322
0.35167092
0.034216814
-0.1627225
0.13444178
0.44038904
2.8020837
0.27871323
0.113261566
-0.10355883
0.24650757
-0.46120897
-0.6617877
0.72665334
-0.34345374
-1.8344485
2.9481633
-0.35436207
-0.60080993
0.36218292
0.07446759
3.1931171
0.6519319
-0.29513308
-0.995295
-0.67298174
-0.41958186
0.124939986
-0.005382673
-0.06257343
0.38695258
-0.101579845
0.32062745
2.7087164
0.32604286
-0.14067574
0.21509452
-0.16545777
0.5544131
2.3277414
0.055546682
0.5696821
-1.396712
-1.0147717
-0.49252582
-0.88416815
-0.112930074
-0.1742754
-1.1221693
-0.3672858
-1.2110251
4.5802937
-0.56967384
-0.44082806
-0.7491637
-0.26334348
1.3815212
3.3192985
1.0771698
-1.0957857
-2.3376098
-0.77134156
-0.46944746
-0.92626774
-0.5055207
-0.77158034
-0.30600953
1.2941916
-1.8943461
-0.9977127
3.0700598
-0.47753438
-0.71438485
0.6375318
0.01884304
-0.19700877
0.022856575
0.08889836
3.5709572
-0.14106765
0.09944063
-0.29110172
0.0327714
-0.30574092
-0.6945357
0.46464798
-1.062613
-1.106842
2.176118
-0.18093327
-0.42392957
0.38325375
0.43916014
3.147702
0.43641943
-0.30139452
-0.58029634
-0.020627994
-0.26879328
-2.7654152
-0.24786957
-0.49927315
-0.85522157
-0.5083958
1.3362671
2.215396
0.9288793
-0.5804031
-0.51861566
-0.2882038
0.009049378
-1.0726371
-0.7655873
1.6341487
-1.1993562
-1.1001443
1.428574
0.93145984
0.06454643
-0.6449618
-0.46414006
-0.5120733
-0.5255944
-0.4406389
-0.45499638
-0.2614933
-0.5360794
-0.21135458
0.05446775
0.5589728
-0.09205864
0.3762373
3.0753977
0.035315238
-0.049768273
-0.13560596
0.005538663
0.112889655
0.115746744
-0.1009015
0.20515388
1.9781269
0.29694286
-0.019437062
0.16936678
-0.1169877
-0.41529533
2.113413
-0.27263823
-0.80874515
0.72225183
0.6032431
-0.3923881
-0.7477506
0.60041255
-0.5825025
3.4357448
-0.6945163
-0.48354158
-1.3902708
0.11334924
0.2154221
0.30639145
-0.038284134
0.3301412
-0.3270118
0.17444614
-0.3412994
-3.4777448
-0.029535914
0.43957645
-0.756559
0.26621062
0.8246146
-0.8785118
-0.0666724
3.9016683
-1.9699085
-1.8102783
0.9778958
-0.7469976
-0.41005325
0.006716994
-0.07847195
-0.027033735
0.24134256
3.871503
0.060587198
0.29850683
0.27826363
0.06991216
0.24165273
-1.3089361
-0.06404838
2.9500868
-0.8004595
-2.0765605
0.58886695
0.30344144
0.12759525
0.5671101
3.3127182
0.6248958
-0.01506271
0.45222807
-0.17714141
-0.63418025
-3.4058216
-0.74916404
-0.13142255
-0.22852671
0.65740746
-2.7615736
-0.18169196
3.0342991
-0.45195776
-0.36346284
0.41112858
-1.3106532
0.13728932
0.7922713
-0.18269818
3.333614
-0.39154565
1.1829349
-0.5986947
-0.8315229
0.14466146
-0.8532959
-0.08324742
0.37733603
2.9180918
0.35789928
-0.021761745
-0.22808217
-0.0014697695
-0.14672202
0.42907414
-0.24789664
0.30478597
3.7863832
-0.16034763
0.037480995
0.20171742
-0.07672053
0.4974784
-1.2681968
-0.004737986
1.442719
-2.2109256
-0.7389102
1.3630172
0.53321564
0.3379694
-0.24620518
0.07640143
-0.2625287
-0.58946556
-0.16470204
-0.39651057
-0.7769299
-1.0828159
-0.44561225
-0.17294857
0.6725015
-0.15510212
0.72117025
1.6566573
0.6594545
-0.067283675
0.12181045
-0.055123758
0.8553456
3.4174294
0.82377243
-0.37443346
-0.8039888
-0.48011476
-0.48269823
-2.4059665
-0.57825166
0.08103702
0.1679444
0.122845925
0.27051073
-3.7540631
0.28259
0.14222193
0.36396167
0.1751319
-0.11018655
-0.057462517
0.07084264
3.4018967
-2.6701682
-0.7678638
0.15524812
-0.20894697
0.062963456
-0.014542705
0.57515323
0.0029891306
0.11789697
2.9530919
0.07067386
-0.035654094
0.32287103
-0.015320419
-0.0592475
-0.5418303
-0.12700483
-0.71901375
4.2884345
-0.44305596
-0.2799383
-0.81758356
-0.27102587
0.46706486
-0.1697365
-0.04493896
2.5993335
-0.8415511
-0.4559573
0.13968493
0.042336844
-0.1375193
-1.2310007
0.3645229
0.21695441
-0.68585235
3.3379152
-0.9709652
-0.04477674
0.11420932
-0.7438554
0.14332092
-0.41341826
0.24092488
0.28783563
2.929447
0.5510508
0.2783788
-0.9266815
0.05131161
0.5974109
-0.44622278
-0.7039492
-0.23129979
2.9020276
-0.47650233
-0.9955318
-0.4300067
0.435952
-0.12071631
0.32414478
-0.059045117
0.2080993
2.4485373
0.21949272
-0.05346328
0.07684218
-0.03530965
0.97971547
1.2991174
-0.2322885
1.66075
1.0007923
-2.3254359
-0.3420494
-1.2184352
-1.2825394
0.9852514
0.11975469
-0.1803119
-0.7718982
2.463542
0.195709
-0.8940067
0.44051796
0.3087983
0.3626304
1.1788819
0.2820249
1.1973921
0.034770653
-0.7336851
0.4865019
1.117066
0.6114116
-0.24371386
0.5400768
0.37656105
0.56241035
2.5939295
0.6135443
0.435313
0.3503992
-0.12860593
1.8655893
0.5460727
-2.250457
-0.37751326
0.15071099
0.34881485
-0.49039763
-0.17376591
0.6354678
-0.18369377
0.021582188
-0.4732933
0.941524
2.752982
-0.72967327
-0.4716253
-0.39066327
-0.8472758
1.6143001
-0.43202263
-0.5599041
2.7688997
-1.1766517
-1.4566908
0.46297926
-0.8997253
-0.5565533
-0.95290214
-0.48205265
0.09709488
0.29739565
3.0159876
-0.046143923
-0.028960109
-1.368732
-0.790108
-0.6188624
-0.43980688
-0.6317686
-0.9392589
-0.44476634
-0.6430252
-0.43545374
-0.8716675
-0.40019813
0.22465365
0.602149
0.11938158
0.36282554
2.4571114
0.10830588
0.019937985
0.19770986
0.09097629
-0.19996217
-0.115255184
-0.18884945
-0.21152149
4.342125
-0.30645403
-0.057470676
-0.4176077
-0.17877957
0.17127231
-0.41905424
-0.312419
2.9570508
-1.8537819
-0.55382466
0.64906645
-0.7388346
-0.096030615
0.051840726
-0.79148215
0.12305889
-0.8847917
4.065326
-1.6167113
-0.005525392
-0.39204141
0.15625824
-0.58704853
0.7619397
0.023635713
-0.51720047
3.5940447
0.048783824
0.34521878
-0.66598415
0.1925833
-0.44212833
-0.13708751
-0.31539214
-0.5741945
4.8892922
-0.5523287
-0.4611194
-0.84887
-0.46686757
0.005916338
-0.1856858
-0.18379718
-1.0349243
5.232874
-0.06994522
-0.07612185
-0.85993344
-0.20779327
-0.50080544
-1.1041931
-0.5816235
-0.49494737
-1.204792
-0.3294798
-0.5005594
-0.45739523
-0.45258868
-0.35431615
0.30487722
0.9274548
-2.254986
0.08191882
2.2246475
-0.85419655
-0.8176459
0.35600543
-0.6500339
-1.5425411
-0.64624673
0.13489807
3.489049
-0.013867346
-0.46035755
-1.1073331
-0.33634484
0.87991893
3.1485076
1.0040504
-0.8715429
-1.3372866
-0.28070807
-0.28860602
-2.0460684
-0.20580706
-0.11139974
-0.6253287
-0.31017354
-0.8766491
3.3432386
-0.30104384
-0.24994579
-1.1953528
-0.45565522
0.21542947
0.71932924
0.14111055
0.69450486
2.5323741
0.36983755
0.11803979
0.35110983
0.04574563
0.19264476
0.27790457
0.111415364
0.31341508
2.2098763
0.29585803
0.14834397
0.35182053
0.04414917
-0.57759976
-2.6258364
-0.5961396
-0.3204571
-0.8445436
-0.89065015
1.2243016
3.3739262
0.5042665
-0.26025873
-1.2924259
0.5015915
1.2370065
-2.3033707
-1.5879971
-0.64328206
1.9090497
-0.02161078
0.15787323
-0.37416327
0.2154514
-0.2417896
-3.4525785
-0.02518437
0.24302556
0.26866135
0.22742395
-0.03358648
0.046828996
0.010709985
0.068111084
2.989705
0.016650664
-0.20146336
-0.18553983
-0.23227355
0.3214748
-0.15381864
0.18522106
0.034899317
-3.526554
-0.068454824
0.19637841
-0.047656726
0.1722577
0.42774647
-0.15834853
-0.14801657
3.0262802
-1.7038895
-1.6015801
0.42410287
-0.6231029
-0.2170209
1.2537694
0.41522834
-0.011266125
-1.2864617
-2.228353
-0.13277864
-0.028189525
0.8524
0.29554436
-0.19253385
-0.7524782
0.45854887
-2.5233471
-0.57668924
3.1038988
-0.18420985
-0.0054108957
0.5812026
-0.2187746
-0.07781766
0.13985169
0.5322201
2.8386626
-3.2215848
0.15707596
-0.30125615
-0.08450682
0.06351097
-0.22253013
-0.17505787
-0.34526846
-1.5919296
-0.3042789
0.044911776
3.2165294
0.17312609
0.7684271
-0.61849374
-0.67212445
-0.21007204
2.8153405
-0.7581394
-0.008553333
0.055860367
1.2254952
0.762089
-0.87891763
-0.05282687
2.9640145
-0.89449036
-2.221105
0.6047787
-0.21559358
-0.2631776
0.024109088
0.4840284
-0.10047804
0.21234272
3.1770182
0.11887188
-0.05417349
-0.07446364
-0.07880894
-0.11396962
-0.93107873
-0.30220556
-0.34937122
2.888722
0.15985256
0.006499058
1.0363476
0.22390151
-0.26537728
-0.33218068
-1.0606005
-0.48918054
4.5469403
-0.8215806
-0.39783165
-0.20847538
-0.11307987
-0.79287994
1.2411778
0.14715403
1.2687278
1.3765323
-1.0145364
0.1458751
0.036836315
-0.79300785
-0.3004697
-0.47491857
-0.31719008
-0.43404362
-1.413555
-0.29845214
-0.1572171
-0.29191524
-0.12339003
-0.15808389
0.58477396
-0.113306284
0.59348035
2.4994054
0.30007362
-0.02841658
0.17497592
0.02999347
-1.0712887
-1.610667
-0.51609737
-0.91120285
2.4157102
0.47160092
0.16487403
0.8265753
0.14618693
0.18939538
-0.90842205
0.39803043
-1.9065489
-1.544867
3.802527
-0.20801935
-0.7188842
0.79076433
0.29512084
1.0039989
1.9559289
-1.2823696
-0.6563852
0.89917177
-1.0304186
-1.5308933
0.28917545
0.8674292
-0.013674651
-0.21161276
3.2181218
-3.3385706
0.15643087
0.21274099
-0.13220334
-0.72915584
1.0393547
3.8605127
0.890478
-1.2404726
-1.9617435
-1.1741254
0.17478278
-1.3731686
-0.0765616
-0.38364264
0.8241175
-0.27624583
0.6253327
3.0483463
0.500999
-0.09033004
0.22967991
-0.124780975
0.36898434
0.51451546
1.5512192
-0.9669372
-1.309286
1.0120485
-0.39955437
-1.3142086
0.34559044
-0.8689797
0.21442062
1.476106
-1.9657118
-0.9399464
2.0486739
-1.0014812
-1.662604
-0.35750818
-0.5660549
-0.3941554
-0.9851057
-0.114179745
4.171086
-0.4015003
-0.48559785
-0.48381323
-0.70784676
0.3003345
-0.5822042
-0.10972454
2.6734881
-1.4556538
-0.14167933
0.085382506
-0.47489598
-0.25914598
2.540121
0.41588017
-0.31395578
0.30922306
-0.84304315
-0.85719466
-0.179746
-0.5964862
-0.4642038
0.1567469
-0.39005685
0.19757073
2.3698616
-2.6288805
0.10945282
-0.05627059
-0.007415071
-0.13672145
3.6800704
-0.2547236
0.14790487
-0.6246623
-1.5358715
-0.3191562
0.28931394
-0.549839
0.066445895
-0.13240196
-0.5254975
0.955027
-1.4194579
-0.33008206
1.6738812
0.24546055
0.030966243
1.3085883
-0.36374107
-0.51165456
-0.0098995
-1.5135663
-2.406555
-1.4114294
0.1363564
0.3241435
0.063114256
-0.07986589
-0.22405142
0.006330653
0.1100646
3.2487395
-0.049026202
-0.09476592
-0.07243632
-0.18401866
0.47844753
2.0707004
0.5862507
0.11155343
-1.3670315
0.53896993
-1.3417537
-1.7448492
0.25818002
-0.476474
-0.17088723
0.5425169
-3.2419004
-0.5354147
3.9649844
-0.22862095
-0.2136352
0.35882923
-0.30464306
0.1605578
-0.15115438
-2.3437593
2.920899
-0.091264
-0.2767662
-0.1867677
-0.115858726
-0.38821214
-0.803388
-0.59620696
-0.86683995
4.386432
-0.70362276
-0.452874
-1.0221493
-0.4372573
-0.67427367
-0.42475793
0.06864349
-0.09307873
3.6722896
-0.08415135
-0.049546685
-0.53656524
-0.8576465
1.0327418
0.32996815
-1.4034053
-1.5165724
2.753528
0.63907236
-0.33255407
-0.7387426
0.68823653
-0.52783746
-0.27045375
-0.034134053
-0.21307871
3.9937932
0.30616587
0.18961678
0.18059072
-0.18267083
3.2124414
-0.39010897
-0.5390271
-0.51273847
-0.835053
-0.1686996
-0.47822243
-0.086573325
-0.07177633
-0.48220637
-1.9094996
-0.6582002
-0.14510673
3.4100606
-0.43157342
-0.17904578
-0.25029188
-0.25332728
-0.67253804
-1.3993869
-0.22801775
-1.4997109
-1.385932
0.74513716
-0.09524929
2.3172233
1.9480774
0.7872946
-0.33912894
-0.21670856
3.6466887
-0.87213486
0.046285927
-0.09959337
-0.5156376
-0.25958052
-0.6287011
0.65628415
2.282894
-1.7357572
-0.7763214
2.2011046
-0.84228116
-1.4461727
0.23293467
-0.24649101
-0.5599078
0.75730413
-2.6390216
-0.36021382
2.9951448
-0.42864785
-0.39103225
0.92950183
0.5257161
-0.5060316
0.04661399
-0.5546129
-2.8228142
0.9203035
0.40803996
1.09859
0.754164
-0.524967
0.13807294
0.18178926
0.027362134
4.094564
-0.48291266
0.092139944
-0.23024118
-0.09569339
0.1782891
-0.7577287
0.24497725
-0.035712983
-2.0549788
-0.099644735
0.121325456
-0.47674802
0.17356986
0.03521637
0.12958977
-0.13955547
-0.14952041
3.3916917
0.042528395
-0.11076895
0.016782416
-0.18102016
-0.05221054
0.6125409
-0.05440089
0.3169457
2.4197233
0.1501499
-0.15822424
0.15174606
-0.07953601
-0.028015463
0.18087883
-0.11740497
-0.49628344
-3.4027307
-0.33844927
0.11761373
0.067238085
0.09129234
0.74890536
3.1734455
0.22612867
-1.1237177
-0.8443564
-0.28615272
0.021926215
-0.04818289
-0.36623392
0.061880793
-0.047771905
0.23033032
-0.31420857
-2.7095625
2.7456455
0.024524016
0.16541545
0.10315344
0.08581084
-0.5537969
0.020356169
-0.52938
5.1497498
-0.8997639
-0.16333649
-0.6527802
0.046114754
-0.74030805
-1.9249787
-1.032897
0.3217912
2.142907
-0.37592453
0.23146373
1.8227525
0.04291399
0.19526799
0.46663234
0.24595986
0.5283907
-4.231162
0.43831924
0.12887426
0.5053578
0.17777467
1.2319918
-0.43653226
-0.44385865
3.096969
-2.849351
-0.6364004
1.0135711
-0.23175173
-0.31018913
-0.5646559
-0.8452151
-0.6605446
-0.8923556
3.6499155
-0.48005137
-0.83552843
-0.62050515
-0.8639576
-0.32932445
0.7212451
1.6031275
-1.1956583
-0.59896994
1.0635743
-0.7770523
-1.1407895
-0.50239295
1.1343939
-1.1102782
-0.3255636
0.5842018
1.9416682
-1.1643578
-0.59687567
1.8143198
-0.2884353
0.8058089
0.024746513
-0.82523376
-1.6694349
-2.0779538
-0.09609959
-0.2326255
0.17889549
0.1099697
1.0887737
1.9754815
1.2967248
0.5346467
-2.0333352
0.094409175
-0.42680654
-1.3587581
-0.2533734
0.019257622
0.2408109
0.010175321
0.18608263
1.8912723
0.11002794
-0.03591451
-0.068451785
-0.10668693
-0.5893293
-0.3850769
-0.51612025
-0.54322094
-0.7939439
-0.5403998
-0.39685225
-0.5332966
-0.33119574
1.343555
-0.11599373
-0.7307182
3.2850327
-3.8375075
-0.38203847
0.9652665
0.38688225
-0.9080488
-1.0833871
-2.5801196
-0.99311876
-1.1650525
-1.5300606
-0.9167266
1.6267102
5.42131
1.3538365
0.19416225
0.7324942
0.069150984
-0.38867956
-2.9097073
-0.24406204
0.010710504
1.9541259
0.22479084
-0.120360196
-0.07599378
-0.053248294
-0.07799179
4.0574956
-0.28094506
-0.15458453
-0.04945715
-0.0548981
0.32113394
2.6078157
0.22142605
-0.50163203
-2.361176
-0.04902188
-0.20028405
-0.16294958
-0.088572495
0.79372543
3.183226
0.96617705
-0.5379933
-0.37100148
-0.1767965
-0.41037762
-2.8773344
-0.45625168
-0.6178148
-0.5728776
-0.48498136
-0.7057295
4.2099075
-0.6382112
-0.09296535
-1.3447143
-0.6206592
-0.19267201
0.49147046
-0.3101321
0.39849204
2.5699215
0.4923211
-0.09172027
0.5673909
-0.1429472
0.40322983
-0.2368925
0.010143918
-0.22854798
-2.8405807
-0.24142478
0.056460787
-0.6439161
0.40053776
0.36398792
-1.1086597
0.39760432
-0.6478289
-2.6212268
-0.6117611
0.2573082
-0.90207916
0.27276558
-0.5214628
-2.3943436
-0.3380526
-0.5577461
3.074506
-0.0033255958
-0.13723572
0.15789923
-0.20710659
0.09262397
0.4125557
0.08677509
0.51497316
2.2797737
-0.0010707491
0.51475954
0.4255444
0.40519723
0.08862198
-0.30775425
-0.027554173
0.89890987
-3.7339802
0.39996094
0.123628244
1.1163173
0.40226504
-0.75898755
-0.444539
-0.5855392
-0.2858719
-0.05108042
-0.15402684
-0.8086979
-0.22782488
-0.7427341
-0.24189338
-0.65372
0.9219857
-2.8446357
-0.9898216
3.7403324
-0.13282417
-0.7569554
0.7819703
0.093413495
-0.32193804
-0.2249195
-0.33477423
4.027684
-0.7337264
-0.15154487
-1.0390168
0.032743976
0.5195936
-0.3102314
-0.6200143
2.0768988
0.5840029
-2.5581257
0.28087515
-0.1465973
-0.4350847
1.622135
0.9776096
-0.15737978
1.4871982
-0.5207738
-1.4163448
0.0011790758
-1.2407478
-1.0617074
-0.27727708
-0.09636942
0.075149804
-0.852202
3.254264
-0.85116863
-0.12630647
0.13582203
0.060326457
0.10324679
0.23403406
0.22933133
0.6021532
3.6166265
0.32893637
-0.17762274
0.20557572
-0.12977181
0.015730398
0.97090983
-0.6015884
-1.1247615
2.858684
-0.49445084
-0.14681427
-0.11581013
0.062117305
0.1151121
-0.08471295
0.05028472
0.37118733
2.6535563
0.055956367
-0.1356184
0.39144522
-0.025033366
0.2813355
-0.21652485
0.02364953
1.8476973
-2.5643106
1.2509159
0.3230203
-0.2270908
0.17084397
-0.17655186
-0.06667931
1.0047519
-1.4026433
-1.0209969
1.7791544
-0.39099956
-0.76304734
0.5771063
-0.24787322
-0.16043524
0.1828996
-1.5909816
3.2797167
-0.62537605
-0.5330411
0.49258095
-0.11414196
-0.083604895
-0.63911134
0.13756952
-0.53358924
-1.856926
-0.3485239
0.038316324
-0.15753832
0.098478265
0.41160884
1.3705453
0.010944629
1.9266984
-0.7185369
-1.0583671
0.0515577
-0.86043894
-0.9885721
0.0973281
0.20816062
0.20113644
0.26399344
3.903414
0.09938608
-0.06929576
-0.19283839
-0.10784792
-0.06628586
0.1534106
0.016758846
0.42070854
2.9901795
0.24071392
-0.16716051
0.32618386
-0.110857695
0.61825746
-0.29028645
-0.36423692
3.264978
-0.519865
-2.8032043
0.7774292
-0.29036447
-0.4637749
1.980062
-1.614456
-0.07738291
-0.7702168
0.12240328
0.08092055
-1.3510026
1.5377158
-0.18251576
-0.29215014
0.6451423
0.04887717
-0.42116284
3.4000869
-0.9865423
0.12096533
0.47523934
-0.47254226
0.045355525
-0.35285237
-0.010645401
2.508392
-3.5483997
0.3256634
-0.383945
0.13380994
-0.0042175893
0.0791966
0.2970493
0.049790356
0.12346296
2.991441
-0.033821635
0.055076823
0.45818365
0.120029025
-0.31855667
-1.2697409
-0.30827728
-0.7897614
-1.4368144
-0.60221875
0.5358937
2.4503458
0.5655828
-1.0732714
-1.735029
-0.396661
1.7014062
2.1878028
-0.5402047
-0.067715354
0.2616296
0.9236338
-0.14298832
-0.6123906
-0.32531947
-0.56768
4.5495143
-0.64161116
-0.1604679
-0.71475154
-0.21588778
-0.607555
-0.7130179
-0.1348155
0.06788483
3.8218236
-0.14704965
0.081185155
-0.45081848
-0.17524987
-0.052843634
-0.5408696
-0.22235799
-0.91167384
-1.8133553
2.506273
-0.4646271
-0.30041155
1.095771
0.7606855
-1.5210935
-1.1893386
-1.4564147
0.80320305
1.3078144
-0.73853135
1.2234473
0.844032
0.16023219
3.2184644
0.3852037
-0.2242038
-2.8352098
-0.15415809
0.124284096
-0.42836103
0.069895685
0.06993615
0.2195071
-0.12052978
-0.044594478
2.4444406
-0.046917643
-0.13017985
-0.1496564
-0.277628
-0.23046982
-0.27668902
-0.11010261
-0.37059745
3.9715889
-0.27852157
-0.19667515
-0.27916312
-0.15296708
0.67557085
3.2469342
0.7575987
-0.89022344
-1.3928583
-0.89225674
-0.27914038
-1.2755619
-0.49689528
-0.026434978
-0.5544872
-0.13599831
-0.9092343
3.327832
-0.33046132
-0.31177774
-0.6832074
-0.3925618
0.17090648
-1.4867653
0.09303835
0.53777236
3.5854113
0.08104126
-0.20546904
-0.68805593
0.0058072377
1.760632
1.018083
0.55218226
1.6094451
-2.327162
-1.3500595
0.523456
-1.2917385
-0.43563667
0.054290928
-1.163739
0.15342534
-1.311839
-1.9739599
1.4043801
0.12963106
0.9905178
1.4528215
-1.0738324
-0.55108625
0.3406086
-1.241152
3.820858
-0.15598223
-0.021857584
-0.5675445
-0.5894859
0.0971515
0.035268966
-0.26767993
2.6554952
-1.7004582
-0.22859861
0.5873216
-1.0269537
-0.1553336
0.046970982
-0.8600176
0.6521278
-1.3292063
-1.4956936
3.0971296
-0.1264033
-0.8920027
0.6002136
-0.7540151
-1.4249706
-0.6405374
-0.51917404
-1.788123
-0.56546926
1.2151816
3.63181
1.0871948
-0.31792298
0.23078416
-1.0243708
-0.23549801
-0.5286688
-0.5334948
-1.1611134
-1.0559661
-0.64732254
-0.42661706
-0.16338348
-0.61622673
-0.372086
3.4804595
-0.48015937
-0.123432845
-0.53088593
-0.3026662
-0.38008738
-0.4146299
0.6450154
-2.4944386
-0.1433218
2.7446203
-0.24929033
-0.43949428
0.5706508
-0.00074357144
-1.2290759
0.058580995
-0.5901448
-1.2268498
-1.094744
0.68602103
2.832515
0.3259077
-1.2723342
-2.5307157
-0.34588802
-0.62757885
1.6438352
0.47313562
0.30831409
2.2134264
0.6845945
0.044478998
-0.17643629
-0.04287293
-0.04348668
2.8496978
-0.11510733
-0.082878634
-0.027049191
-0.10500203
-0.9377231
1.1260989
0.6220298
0.5756198
-2.1759093
-0.86479557
0.1202722
0.6350717
0.012097021
-0.07644358
-0.603908
0.06453216
-0.31044248
-2.7241602
0.0620186
0.20284757
0.16620657
0.22396885
0.99296004
4.4573545
1.3125404
-1.2774247
-1.1422989
-1.274243
0.05995795
-2.8677614
-0.33730748
-1.2097371
1.8023576
-0.44021922
-0.033173304
-0.5841134
0.16687855
1.1233714
-1.5291926
0.19799875
-0.11088205
0.5841921
-0.11167178
0.19101562
2.2610228
0.21112773
-0.25944716
-0.13095032
-0.27624404
-0.19537689
-1.2918819
-0.17640203
-0.17677496
-1.9784672
-0.7125569
0.8093081
2.8538911
0.3258555
0.6243058
0.15799624
0.3413874
-0.10009439
2.155433
0.14545035
0.33155236
0.25886837
0.23000462
-0.062349964
0.22876644
-0.20055856
-0.05818756
3.2007377
0.27217817
-0.007170734
0.039191853
-0.1470694
-1.1310042
-0.53801537
1.8166801
-1.1535894
-1.0609062
2.0457857
-0.13003378
-0.0038098958
0.0361388
-0.42117405
-1.0097065
-0.46515998
-0.017409483
-2.379038
0.08912165
0.6167891
2.889788
0.84150314
-0.6308998
-0.4853719
0.3752051
0.25746667
3.0059247
-0.38140586
0.16904218
-1.4490423
-0.49690956
0.5092409
-0.28434384
-0.41503596
3.3662229
-1.783839
-1.1142119
0.36309463
-0.81236905
-0.028205149
0.22008164
-0.08190153
-0.0728106
-0.3851105
-2.8320055
-0.27521554
-0.19468376
0.046001486
0.3163622
-0.94498944
3.2974818
-0.90556026
-0.1467025
-1.6992927
0.060723554
0.5403713
0.0022311457
0.23184536
0.90427756
0.540001
-0.023339074
1.8223
0.6055667
-1.01195
-0.24036776
-0.9831097
-1.5309713
0.6924542
-0.5544187
-0.29180282
3.9810483
-0.8931403
-2.9516783
0.78158534
-0.55041146
-0.585776
0.5420793
0.36355084
-0.4322918
-1.047884
1.7401901
1.4678338
-0.12059505
-1.1717818
-0.66452736
-0.09391438
-1.495535
0.008363949
-0.8316881
-2.2460978
-0.98137873
0.5866493
3.8778358
0.5103991
1.0465018
4.8559136
1.0317281
-1.0341195
-2.146816
-0.7316864
-0.3585011
-2.0614235
-0.44283
0.54041976
-0.42186582
-0.2844304
-3.0476174
3.251926
0.25489065
-0.3508135
-0.10787349
0.18844123
0.048009224
0.2008867
-0.4522372
-1.2720712
-2.6599777
-1.3656536
-0.009844857
0.4897396
0.0130902985
-0.47054404
-0.6188851
-0.314692
-0.62918305
-0.27241042
-0.56326556
-0.35162783
-0.540723
-0.42470068
1.0190468
-0.88208497
-0.7918426
-0.12186482
-1.567992
3.3690846
0.36308903
-0.38887182
-0.16387235
-0.44496074
0.8011077
-0.340078
0.2377026
3.4586527
0.70560414
-0.7182763
-0.357153
-0.5733746
-1.22408
-1.5338802
0.06399633
-1.7020574
1.763397
0.8412848
-0.02880105
0.44889328
0.42933
1.5971781
2.1369236
0.1091012
0.7240562
-2.2461197
-0.80505216
-0.18670355
-0.8051362
-0.47882745
0.22637159
1.0694435
2.2282507
-1.2075874
-2.0452476
0.91824955
-0.035698563
-0.9217461
-0.047769815
-0.46755424
-0.843114
-0.5705581
-0.69299537
-0.8141745
-0.108238555
-0.3144087
-0.37476575
-0.3886698
0.4068386
-1.6879289
0.14394051
-0.16630588
3.6965747
-0.08207357
-0.6442704
-1.763258
-0.22604115
-0.05880084
0.46130466
-0.1475242
0.31643015
2.8913078
0.12152131
-0.031678513
-0.07766009
-0.034174174
-0.07086878
-0.2176204
0.038150758
1.0830077
0.04179258
1.0746698
0.2838799
-0.45984748
0.28969774
1.5900393
1.3233602
-0.15471746
1.740797
-2.3461986
-1.0558606
0.14001961
-0.99274975
-0.31038046
-0.0077812118
0.96366125
-0.101617225
0.23851009
2.6258383
0.3243975
-0.12117265
-0.124362074
-0.23242491
-0.19501726
-0.08619667
-0.2623568
0.7048291
3.0514565
0.6739753
-0.5393403
0.10325195
-0.24794304
0.18117768
-0.8093697
-0.31441283
-2.5960743
4.6286144
-0.98233134
0.10406136
-0.62129843
-0.0082247155
-0.259152
-0.35399482
0.6366785
-0.6898368
-1.4404228
2.8273165
-0.32285118
-0.82542264
0.5405237
-0.8627794
-0.31549653
-0.7799351
-0.07165099
0.43428677
-0.092170276
-0.73627836
0.0050540473
-0.646755
0.09790331
0.43984807
0.13631059
0.3989471
2.242415
0.023774633
0.13908224
0.079458974
0.03820382
-0.8215238
0.027194386
-0.6065407
-0.20150933
-0.5921068
-0.28355503
-0.5312678
-0.18773583
-0.41293296
-0.19313776
-0.48158625
-0.352277
-0.92135507
-0.81433785
0.32495415
-0.34830692
-0.63020605
-0.33377218
-0.33041897
-0.024299989
0.53844565
-2.887872
0.5467021
2.4334147
-0.37589604
-0.17097802
0.39585972
0.11916174
0.0779208
0.1042494
0.12330014
3.762936
0.16186284
0.08705931
0.12807189
0.18304528
-0.88659096
-0.23853497
1.1353354
2.3813977
0.52603525
-2.5953453
-0.9994029
-0.48577458
1.5353134
0.61839443
0.9565921
0.32731614
2.4277933
0.2429349
-0.7448635
-0.07514598
0.41165033
0.017817039
-0.67867166
-0.3901288
-0.66448486
-0.51755524
0.03185593
-0.44226027
-0.80218107
-0.7038091
-0.5391336
0.5762073
-0.631948
-0.20057032
3.2290952
-0.92941153
-2.3018646
0.23274727
-0.12809013
0.061018463
0.020799205
0.20289147
0.038556367
-0.06540761
3.0676575
-0.027009912
0.04617816
0.23791893
0.07155426
-0.19866699
0.63918495
0.12985574
0.8643984
3.1980822
0.4855216
-0.043172922
0.41723967
-0.24748309
0.1563927
-0.31978124
0.287828
-0.5027309
-2.1536465
-0.767098
0.79880434
1.8111544
0.7442164
0.09491475
-1.0642517
-0.20531693
0.46345976
-2.821481
-1.0296868
1.2072761
2.6835706
0.51673937
0.69724905
-0.61083984
-1.0258318
0.060686
-1.6427692
0.6673015
-1.0871365
-0.24144484
0.7093703
0.8166298
1.3060514
1.2522875
-0.75912243
-2.0903153
0.7659412
-0.81493473
-1.0473107
0.29812253
0.02785368
-1.2454493
0.19943023
-1.1469016
-2.5487616
0.05773654
0.022101987
0.4037337
-0.13886932
-0.4309901
-0.61149335
-0.30411035
-0.93809944
-0.6202466
-0.43692267
-0.4716273
-0.47391963
-0.4765849
-0.42564023
0.82983917
-0.3774124
0.50779337
2.24029
0.069553964
-0.20921232
0.5181283
-0.14326684
-0.14585055
-0.045033854
-0.26726332
-2.450775
3.4361014
-0.18852873
-0.21582285
-0.6578678
-0.35420892
0.4847031
2.5913558
0.3628965
-0.38680586
-1.7668673
-0.3641019
-0.30994785
-1.092007
-0.20111372
1.5282882
1.7574346
-0.1259765
-0.059030183
0.30099902
-0.27918342
-0.3331858
-1.9192868
-0.8258351
-0.16920502
-0.94069904
-0.23870848
3.0919597
-0.9819586
-1.7604814
0.77138096
-0.6974017
-0.3893306
0.92240995
-0.36267403
-0.45450327
3.0626562
-1.0173753
-2.1099803
0.6267712
-0.757363
-0.8171968
0.08046385
-0.52466595
-0.34683707
0.4247281
-3.1643422
-0.17824152
1.6567531
1.4287276
0.85389876
-0.6904715
-2.3806133
-0.67080337
-0.46711725
0.28599036
0.03051979
0.40029338
2.8248036
0.83440274
0.6570152
1.625704
1.3115817
-0.8651443
-1.782893
-0.26312542
-0.03133441
-0.79801875
0.17742428
0.7758343
2.6554506
0.45906135
-0.25650656
-0.88035625
-0.40733567
-0.6809299
-1.1725168
-0.5888261
0.7357567
2.7147124
0.5671581
-0.3355294
-0.10784398
-0.2871933
-0.7406248
-2.0375364
-0.5961751
0.6355111
-0.4782945
-0.87913185
-0.40851864
3.237395
0.15901533
-0.42374083
-0.6551559
0.22244287
0.3150574
2.7265162
0.39220563
0.094011515
-1.6876732
-0.3228873
-0.06871947
-0.8981763
-0.19707154
-0.42066935
-0.4480899
-0.56690854
-0.40928435
-0.14161758
-0.37380284
-0.62099236
-0.5387443
-0.48129183
-1.0604287
-1.0828571
-0.8391865
0.5163469
1.5211582
0.449468
0.63445723
1.4782839
0.44710374
-0.07444604
-1.0265579
-0.13668382
0.51397055
3.1014998
0.4103129
-0.12321285
-0.7067206
-0.16329874
0.23756692
-4.540984
0.1697045
-0.6751939
2.3625307
-0.4714419
0.33810872
2.4978402
0.27569696
-1.3229756
-2.1022744
-1.3564069
0.089051016
1.0566009
-0.087083675
1.3478029
1.5623716
0.69445044
0.0034277893
-0.0090096705
-0.12358827
0.35232288
2.8068063
0.50195616
0.26764467
0.45598942
0.07702003
-0.024962446
0.11607571
-0.003970485
-0.31025475
3.3370843
-0.20040685
0.073073864
-0.22970887
-0.0017825122
-0.14954793
-1.1928598
0.8092506
-0.62823266
2.6886342
-0.40988776
0.36512566
0.21779507
-0.42103812
0.103702314
0.49370545
0.010553495
0.39349645
2.2788017
0.26860222
0.23352626
0.37496486
0.16395524
-0.7774163
0.17505088
0.5966188
0.036759213
-1.4775295
2.4706228
-0.4517643
-0.38208014
-0.09121025
-0.055638358
-0.7867666
-0.10787775
-0.65221936
4.046419
-0.3575216
0.028152214
-0.34732056
-0.05698237
-0.8598285
-0.79527926
0.45061284
0.25286627
-1.4771153
-0.6053205
1.1740063
-0.28528214
-0.7712863
-0.45490363
-1.4387156
-1.0737764
1.7440046
-0.29113662
-1.526603
1.6243263
1.2465554
-0.123266436
-1.2518748
3.4073808
-0.8032922
0.34692484
-1.6854426
-0.06696558
0.17197424
-0.22675988
0.06581012
-0.56955713
0.9666693
0.14342952
0.560036
2.508722
0.17563133
0.17988916
0.18299745
-0.06865977
-0.5236942
-0.670038
-0.55973524
-0.7110608
-0.530048
-0.6915626
-0.40032953
-0.48426294
-0.34678996
-0.2810068
-0.36996338
-0.33285245
-0.73920476
-1.7534031
-0.86267394
0.53358996
2.3087761
0.4452252
-1.2503924
0.3789177
0.96412224
2.5475352
-1.2212743
-1.5814846
-0.16432294
0.007973958
0.17363568
0.5588803
1.1021802
1.8807385
-0.8633569
-2.6688685
0.77738976
-0.14840633
-0.7219156
0.25935757
-0.6981274
0.0036067509
-0.68261486
-0.2756612
0.08841196
-0.11555289
-0.7400577
-0.39742866
-0.51498896
-0.28831723
0.059434924
0.066481225
-1.6974627
4.3023477
-1.4201379
0.28764072
-0.17639646
-0.0066136187
0.08335776
-1.0940293
-0.12772365
2.427471
-1.1134087
-0.42972794
1.8178017
-0.88869965
-0.33341563
-0.61708784
-0.38893256
0.93667644
-1.3627071
-0.3794855
2.1947072
-0.604066
-0.46704376
0.3910819
0.012306335
-0.83691263
0.6909514
-1.5348694
-1.7593541
3.4892073
0.032864146
-1.0660154
0.69098365
-1.2423842
-2.029193
-0.11151682
0.0077828593
1.8543602
0.097851984
-0.13093962
1.2962621
0.3240658
0.37483102
-0.31617764
-0.17465357
2.1565526
-2.2185628
-0.48432568
0.45353946
-0.10225617
-0.18622507
-0.11087704
-1.4798627
-0.27209243
0.12942408
-1.6521931
-1.2609648
1.0228617
2.713879
0.17973012
0.27187973
0.0483222
0.1741862
0.8202939
3.3429666
0.15344308
0.15028343
-0.12610315
0.10451965
0.7897926
3.0901837
0.72315335
-0.49514005
-0.5944989
-0.39497688
-0.48978814
-2.4249246
-0.35023993
0.48267013
-0.24852747
-0.24457404
2.7782917
-0.012308216
-2.459967
0.31929728
-0.21126811
-0.37476352
-0.65723276
0.6049135
-0.8171929
-0.7037296
3.4717498
-0.5004797
-0.6197228
-0.28129974
-0.78788006
0.6634229
-0.8061297
-0.111409836
2.569103
-1.4155781
0.0067541376
0.16420095
-0.047854785
-0.45745206
0.7211204
1.4991341
0.57516456
-0.8197636
-2.3419273
-0.47419664
-0.0075233225
-0.2748664
-0.12007706
-0.8383524
-0.6407287
-0.77773917
-0.61441237
4.186168
-0.47533152
-0.8798121
-1.387121
-0.8371419
-0.43101618
0.03760006
-0.5588918
0.2587405
1.7774916
0.2181324
0.18017511
1.479082
0.097270966
0.088675514
-0.61969715
0.074340545
-2.7483616
-0.115018986
2.9414103
0.24760112
-0.17773323
0.2274084
0.4283521
-1.3487737
-0.88676375
2.396573
-0.8938746
-2.1462173
1.837201
0.7231921
0.204227
1.7315265
1.4975237
0.2578797
1.1586899
-0.8232321
-1.7736115
-0.0075079096
-1.6465982
-0.7458344
0.6077823
2.092336
0.6166869
-0.68818897
0.04296119
-0.67683285
-0.31543222
-1.3386805
-0.36732757
-1.0783186
-2.1856823
-0.7455353
0.2772457
1.224706
0.12868229
0.53963995
1.1895049
0.48568314
1.0734371
-0.89918303
-0.5259876
3.216039
-1.5967672
-1.2127341
0.69883806
-0.5505729
-0.39596307
-0.12701574
-0.7529043
-0.020906571
-0.52184755
-2.8687096
-0.20607637
-0.15616925
-0.27907854
-0.18592207
0.035814304
-0.3005722
0.18114519
-0.65750223
-1.2210002
-0.45314458
2.9108677
0.14148012
-0.059364572
-1.0791429
-0.19067805
-0.16862789
-2.3786356
2.770645
0.11923079
-0.012121872
0.67218244
0.3839437
-0.77217203
-1.865377
-0.9483604
-0.6169495
-1.2657593
-0.29769185
1.5215157
3.4578886
1.4565141
-0.02284458
-0.6265424
0.019441985
-0.35783118
-1.4107448
-0.44110987
0.008345814
-0.6580987
0.076700985
-0.26641306
0.172626
0.8967193
-2.4473248
-0.31005508
2.8765013
-0.81494284
-0.7763133
0.44257933
-0.073590256
-0.02511627
-0.19873695
0.07169241
2.494856
0.20842998
-0.11035161
0.12337242
-0.11429065
0.20509003
0.5386071
0.11605298
0.023273759
1.7968235
0.49734578
0.25278836
0.7733222
0.30522928
-0.034312386
-1.2067308
-0.25183582
-1.2573323
4.543895
-0.7658774
-0.18060356
-1.1091348
-0.36477333
0.18541618
3.62088
0.18145004
-0.66714126
-1.4345794
-0.69737244
-0.35435617
-1.4289237
-0.25525692
0.08282709
-0.1966715
0.11798887
2.9634852
-1.7415241
-1.295495
0.18768685
-0.49825883
-0.030409323
-0.16827911
1.41838
-0.41351104
-1.1256641
2.982419
-1.0865675
0.23534441
-0.04194531
0.19836324
1.3861614
0.3891883
-1.7830653
-1.7531528
-0.78896815
2.3438954
0.42310524
-0.13657805
-0.27690867
-0.3385584
-0.7724018
-0.31014135
-1.1426246
4.2546034
-0.9228042
-0.027729569
-1.2155716
-0.18459846
0.47962567
2.5562158
0.5079877
-0.5771732
-1.1738027
-0.08727315
-0.2886632
-1.4160537
-0.14883803
0.20418032
0.52341086
0.08952407
0.10290472
1.9986155
0.26080242
0.16206072
-0.009872563
-0.11103689
1.0415328
-0.49909407
-0.9354463
2.76637
0.03839242
-2.604312
1.163123
0.121404216
-0.7990897
-0.19194917
-0.34830275
0.014925295
0.9597826
2.6829066
0.22727849
-0.5101097
-0.61639017
-0.4297536
