0.43406516313552856
-0.47222989797592163
0.9222463965415955
9.985516548156738
1.187158465385437
-6.521955966949463
1.9267845153808594
-4.891237258911133
-5.714804649353027
1.89237380027771
2.280339241027832
1.3843984603881836
2.1177618503570557
3.491215944290161
-3.6470158100128174
2.316409111022949
1.6104910373687744
4.543172359466553
0.36316484212875366
-4.755840301513672
0.7044930458068848
-7.081586837768555
1.2620301246643066
-5.80328893661499
4.049914836883545
0.7454256415367126
3.1708059310913086
3.9246153831481934
-5.217580318450928
2.1674880981445312
6.847410202026367
-1.6692924499511719
-2.0773751735687256
1.7189313173294067
1.8587654829025269
6.099853038787842
0.04832218214869499
0.12470314651727676
1.152303695678711
-7.147186279296875
-3.034740924835205
-4.97489595413208
3.623258590698242
-1.8078757524490356
0.627565324306488
1.7994740009307861
1.7136486768722534
-5.061362266540527
2.253737449645996
-1.4507876634597778
7.426209926605225
-0.9886399507522583
2.0206077098846436
-1.3168964385986328
1.2864503860473633
1.3121646642684937
-9.009693145751953
1.0491653680801392
1.4187742471694946
3.3922295570373535
2.251500368118286
2.635674476623535
-5.607678413391113
0.639115035533905
0.5102568864822388
0.8988698124885559
0.7452948689460754
1.675698161125183
1.620816946029663
-3.1550729274749756
1.1608949899673462
2.853404998779297
1.3847846984863281
-6.306938648223877
1.916778802871704
3.051786184310913
-6.829350471496582
-5.515142917633057
0.8266250491142273
0.5686644315719604
0.6204659938812256
5.226625919342041
2.1948113441467285
0.3008043169975281
-0.6011382937431335
2.666074514389038
-0.4409030079841614
-1.0967001914978027
4.647731781005859
-2.922053098678589
-7.328511714935303
1.6617780923843384
0.7885845303535461
0.9682771563529968
1.305586576461792
1.6620182991027832
0.30671757459640503
0.18124908208847046
0.872322142124176
-7.026115417480469
3.9997804164886475
2.9075231552124023
-0.30326032638549805
0.1896507740020752
-1.5234533548355103
3.219223976135254
-0.3297271430492401
2.7770509719848633
4.769861698150635
1.4328514337539673
-1.620945692062378
1.2847599983215332
-4.147037506103516
-3.7357404232025146
0.34421733021736145
-1.6136341094970703
-0.4310862421989441
2.2928366661071777
1.6119831800460815
-7.859597206115723
0.5111567378044128
1.051947832107544
-0.05101139470934868
-7.576022624969482
0.9719181656837463
-2.48942232131958
2.5674355030059814
0.9310225248336792
1.4403977394104004
3.131098985671997
-6.094935894012451
-10.543868064880371
0.6729127764701843
-4.78631067276001
-4.746499538421631
2.4408395290374756
4.3165059089660645
2.300279140472412
4.175690174102783
2.1891400814056396
0.28608641028404236
-10.732542037963867
-2.334238290786743
-4.199944019317627
1.539544701576233
4.8995890617370605
2.646714925765991
1.4726643562316895
10.111672401428223
0.9463253021240234
-6.696542739868164
1.2489233016967773
-0.6681249737739563
3.0298993587493896
-4.6790995597839355
0.47703537344932556
1.427034616470337
-10.231632232666016
4.175626277923584
-0.3896186947822571
1.6801377534866333
-12.531291007995605
-3.7696938514709473
0.1320710927248001
2.740327835083008
2.42324161529541
0.5195580720901489
0.9256800413131714
1.0046075582504272
0.6160377264022827
-3.47430419921875
-10.120959281921387
1.4268499612808228
2.610943078994751
-3.2807295322418213
-0.5483932495117188
2.038759708404541
-0.9774452447891235
-5.304229736328125
0.7309907674789429
-5.439929962158203
0.7808434963226318
-6.441798210144043
1.2442371845245361
0.9365796446800232
-7.953855991363525
-3.693819522857666
2.4858548641204834
0.38611075282096863
3.3411452770233154
-6.026121616363525
-3.9262099266052246
1.9639769792556763
-5.2965216636657715
2.211117744445801
3.24255633354187
3.9930808544158936
0.0912054032087326
-5.481747150421143
0.6955869793891907
-2.304478406906128
1.839869499206543
-2.1523945331573486
1.8259235620498657
1.1757081747055054
-7.083489894866943
-0.2568430006504059
3.1575746536254883
-3.789097785949707
0.9859089851379395
-6.441977500915527
-0.3254075348377228
3.319689989089966
2.4974889755249023
5.1702880859375
-8.651708602905273
-0.016538040712475777
0.38232752680778503
1.6205075979232788
3.1054515838623047
3.2040581703186035
-0.026302967220544815
-2.7337963581085205
1.2548460960388184
3.8443827629089355
3.3912882804870605
3.4470841884613037
-1.500549554824829
2.0153937339782715
6.8252668380737305
-3.210967540740967
1.3955402374267578
1.476752519607544
5.053239822387695
-7.140412330627441
0.14473967254161835
-6.168208122253418
0.5426372289657593
1.3369532823562622
0.8747661709785461
-0.931143581867218
-0.09800058603286743
4.94342041015625
2.174812078475952
1.9288808107376099
2.170316696166992
4.006630897521973
4.740145683288574
10.546598434448242
0.8531872630119324
-2.4707813262939453
4.425127029418945
0.6326942443847656
-6.4972944259643555
3.7567479610443115
2.1027116775512695
0.4368607699871063
-3.3294825553894043
-4.162455081939697
1.9820587635040283
3.1776928901672363
0.09515935927629471
-3.903740882873535
2.48300838470459
3.968607187271118
6.309175968170166
-2.3682448863983154
1.8065836429595947
0.7653067111968994
6.628750324249268
1.4197099208831787
2.2134885787963867
1.0932893753051758
1.5674443244934082
2.1122255325317383
-0.46111202239990234
-0.39336755871772766
-0.08547542989253998
1.4274622201919556
-6.733588218688965
1.282225251197815
1.2263498306274414
-7.370017051696777
-1.9161969423294067
3.1156065464019775
13.40064811706543
0.8570029735565186
0.6913471817970276
1.4137372970581055
1.4583430290222168
-1.4178472757339478
1.3743326663970947
0.767657995223999
3.6766481399536133
-3.3262650966644287
-0.595924437046051
4.024906635284424
1.874265432357788
-3.9349005222320557
3.227017402648926
-6.877575874328613
1.3415508270263672
3.6387548446655273
-6.665957927703857
-5.8523640632629395
0.041004911065101624
-1.4647815227508545
2.830326795578003
-3.0856032371520996
2.2437479496002197
1.4252249002456665
0.6378993391990662
1.3655530214309692
-2.1122777462005615
0.88666170835495
-0.6475841999053955
0.6726592779159546
2.133984327316284
-2.882493257522583
-2.668226957321167
3.372775077819824
5.117741584777832
-5.202080726623535
1.5393348932266235
3.429319381713867
4.997465133666992
4.937972068786621
3.8768582344055176
3.1480190753936768
-1.4975262880325317
1.5721584558486938
0.10388395935297012
2.453245162963867
2.0327601432800293
0.3265034258365631
0.45229828357696533
12.833910942077637
2.050663471221924
1.601341962814331
-0.07341837137937546
-3.414555311203003
-0.4080071449279785
-3.18815016746521
3.168833017349243
-2.6071126461029053
0.42185309529304504
0.9747018814086914
1.36640465259552
-0.4565173089504242
0.5676707625389099
-0.15530085563659668
-8.08756160736084
15.7638578414917
-0.3632795214653015
-0.13097578287124634
2.3847744464874268
3.3957717418670654
1.1764835119247437
-2.055478572845459
3.3827948570251465
1.1786577701568604
-0.5094402432441711
0.723621129989624
1.0853826999664307
-3.482595920562744
1.0128785371780396
4.111176013946533
1.4813268184661865
2.1538236141204834
2.5747599601745605
0.00022589326545130461
1.716549038887024
2.683877944946289
3.1551103591918945
1.7417359352111816
0.7074537873268127
2.099640130996704
1.1397104263305664
1.3777716159820557
0.7336814403533936
3.143082618713379
-3.078932285308838
1.96517813205719
0.1857537031173706
3.6719892024993896
-4.360896110534668
0.6804099082946777
3.6274969577789307
3.9749040603637695
4.544486999511719
-2.3489840030670166
1.1224340200424194
0.061727676540613174
1.6447691917419434
2.5946643352508545
1.8001703023910522
0.578406035900116
0.27340713143348694
-7.569394111633301
-7.170936584472656
-0.9521473050117493
2.0016956329345703
1.2638907432556152
4.763588905334473
2.359829902648926
-8.207423210144043
3.6176822185516357
-3.1066701412200928
-0.4507367014884949
1.9577066898345947
3.652191638946533
0.33678916096687317
-5.4054365158081055
-5.139643669128418
-1.853628158569336
3.422801971435547
-0.05386389419436455
0.4332851767539978
-0.7601776719093323
1.9055720567703247
-6.635382652282715
-6.576113224029541
1.5458093881607056
0.4786617159843445
1.1021345853805542
3.892479181289673
2.4409031867980957
2.4068763256073
-3.8949923515319824
3.4404847621917725
2.0067923069000244
1.5202473402023315
-4.870021820068359
1.5903568267822266
0.8980761766433716
2.781759023666382
-0.5831245183944702
-4.118590354919434
3.418673038482666
1.9284213781356812
3.2493574619293213
0.26009008288383484
2.314105272293091
-6.187567710876465
2.887058734893799
5.499161243438721
2.3919286727905273
1.9308985471725464
1.40803861618042
7.200798988342285
0.46380653977394104
1.2967251539230347
4.6092376708984375
0.24365761876106262
1.4278920888900757
1.993096113204956
-7.390441417694092
-0.14274483919143677
1.6002999544143677
1.2661863565444946
2.95393967628479
1.3564780950546265
2.584872007369995
0.8389905095100403
2.93430757522583
0.7292407751083374
0.784109890460968
-3.768402338027954
-3.315995454788208
0.8666213750839233
0.29110288619995117
-2.071824312210083
-3.3541653156280518
-5.398808002471924
-6.515756130218506
-6.010649681091309
0.7137762308120728
1.1747617721557617
2.350235939025879
-3.4344708919525146
-1.9667333364486694
1.519307017326355
-0.5648062825202942
0.859534502029419
0.2661557197570801
-7.028515815734863
-1.1071487665176392
2.3412020206451416
2.075147867202759
-0.49608084559440613
1.6941035985946655
-5.836143970489502
-8.861687660217285
2.7247836589813232
2.3508050441741943
-6.554060459136963
0.6719464659690857
-5.827511310577393
1.5719705820083618
-5.427102565765381
0.5338094234466553
2.9754903316497803
1.7184005975723267
-0.4650769829750061
2.699207067489624
0.6901344060897827
1.343843936920166
6.03321647644043
2.2087228298187256
6.804193019866943
-1.0525352954864502
-1.2766541242599487
