1.1041038036346436
0.7682891488075256
0.8079561591148376
1.8531246185302734
0.7427032589912415
2.823601722717285
1.259474754333496
1.1315802335739136
1.5321481227874756
0.9935821294784546
1.089186668395996
1.178112506866455
0.9397525191307068
0.8349668979644775
1.0779441595077515
1.2029991149902344
0.9290634393692017
0.9277459383010864
0.5830521583557129
0.9331339597702026
0.699371874332428
1.0737833976745605
0.9520599246025085
1.2689621448516846
1.2534412145614624
0.6809566617012024
1.028960108757019
1.1389282941818237
0.7207198739051819
0.9244352579116821
1.2292560338974
1.4150675535202026
0.6709885597229004
0.7320095300674438
1.0421212911605835
1.2852439880371094
0.8399127125740051
0.6759269833564758
0.7576994299888611
2.4620652198791504
0.6353590488433838
0.9882486462593079
1.1368708610534668
1.6283940076828003
0.7502747774124146
0.7056138515472412
0.8828723430633545
0.6849756240844727
1.1608200073242188
1.7165772914886475
1.8767509460449219
1.6596258878707886
0.7858242392539978
0.9897022247314453
1.2164099216461182
0.6660497188568115
1.2458231449127197
0.6984105706214905
0.7377682328224182
1.3808389902114868
0.8184788823127747
0.8326327204704285
2.122061252593994
1.24934983253479
0.8010141849517822
0.7621546387672424
1.5899767875671387
1.3968790769577026
0.6388281583786011
0.8111457228660583
1.5544226169586182
1.4663270711898804
0.7558750510215759
1.504695177078247
1.1657437086105347
1.296695351600647
1.3130561113357544
1.274361252784729
0.7326152324676514
0.5333946347236633
0.6684330105781555
0.8193529844284058
0.8875362277030945
0.6723706722259521
0.7310996651649475
2.1213953495025635
1.1279454231262207
1.4361540079116821
1.430031657218933
1.2234817743301392
2.0899341106414795
0.7000232934951782
0.6885496377944946
0.6582883596420288
1.4155433177947998
1.7239899635314941
0.5769971609115601
0.7603456377983093
0.6929059028625488
1.4507324695587158
1.7147753238677979
1.4650228023529053
0.7762876749038696
0.659807026386261
0.510184645652771
0.956382155418396
1.1021966934204102
1.2609483003616333
0.8681219220161438
1.3156137466430664
0.8985531330108643
1.237483024597168
1.0082448720932007
1.5956066846847534
1.328944444656372
1.2744081020355225
0.7334372401237488
0.9341453313827515
0.8288688659667969
0.7964915633201599
0.6776290535926819
0.8159278631210327
1.1477820873260498
1.3046480417251587
0.6126556396484375
0.7664548754692078
1.1920686960220337
0.8488243818283081
0.7740610241889954
1.1377215385437012
1.4488574266433716
1.5192300081253052
1.2911795377731323
1.3057332038879395
0.9143330454826355
0.6853572130203247
1.196549415588379
1.4514474868774414
0.9465199112892151
1.226392388343811
1.224039077758789
1.5729860067367554
0.6355116963386536
0.6796656847000122
0.8229731917381287
0.9207080006599426
1.2045930624008179
0.7623628377914429
0.8533020615577698
2.0315353870391846
1.3676897287368774
0.7478531002998352
1.7109259366989136
0.946567714214325
1.077214241027832
0.7815264463424683
0.8537678718566895
1.363214135169983
0.8828525543212891
1.4296661615371704
0.934429407119751
3.184138298034668
1.0152665376663208
0.7449780702590942
0.6830161213874817
1.2587891817092896
1.3851852416992188
0.7260146737098694
0.710067093372345
0.6306921243667603
1.4861953258514404
1.6840382814407349
0.9662654995918274
1.235804557800293
0.6392119526863098
0.6126269698143005
1.1132980585098267
2.191671848297119
1.0068342685699463
1.1044743061065674
1.1840192079544067
0.6986156105995178
1.7373298406600952
1.6287020444869995
0.6745285391807556
1.6919915676116943
1.0850982666015625
1.483407735824585
0.6902436017990112
1.001303791999817
1.2052764892578125
1.2650341987609863
0.9964677691459656
0.9170076251029968
0.7089045643806458
1.0547287464141846
2.01031231880188
0.6890370845794678
0.7457472681999207
1.1625168323516846
1.4558154344558716
0.8496106863021851
1.6747535467147827
0.7909852266311646
0.6822126507759094
1.4320340156555176
1.060622215270996
1.5111488103866577
0.6668368577957153
1.3255618810653687
1.7854593992233276
1.5845088958740234
1.2996968030929565
1.3921147584915161
0.9787597060203552
1.4074268341064453
1.3707740306854248
0.5974549651145935
0.8369651436805725
0.8117334246635437
0.9385637044906616
0.6428298354148865
2.227092742919922
0.7312979102134705
1.5468534231185913
0.740394115447998
0.8298745155334473
0.9742532968521118
1.098426342010498
1.3833945989608765
0.5943589806556702
0.8109251856803894
1.0640488862991333
0.8907731175422668
1.5312145948410034
1.0676127672195435
1.7335848808288574
1.0354477167129517
0.8371374607086182
0.7234671115875244
0.8486554622650146
1.2611290216445923
0.9196178317070007
0.7804020047187805
0.982719898223877
1.0792721509933472
0.9110665321350098
1.7593046426773071
1.7039636373519897
0.7167463898658752
0.793891191482544
1.0716575384140015
0.6831547021865845
1.5101749897003174
1.504694938659668
0.9970062971115112
0.5993983745574951
1.2277944087982178
1.3194034099578857
0.8072439432144165
1.4370332956314087
0.7342580556869507
1.6623507738113403
0.9533418416976929
1.4862315654754639
2.169304847717285
1.8154513835906982
1.440820336341858
0.8448732495307922
1.2074882984161377
0.9821516871452332
0.6516550183296204
0.6496638655662537
0.7462725043296814
1.3219895362854004
0.7240017056465149
1.216464638710022
1.5187791585922241
0.7132531404495239
1.3422276973724365
0.7712584137916565
0.8648281097412109
1.574352741241455
0.7642583847045898
0.7165897488594055
1.8875298500061035
0.8471770882606506
0.6607853174209595
1.2032291889190674
1.1598702669143677
0.5493306517601013
1.02241849899292
0.9865683317184448
0.7454251050949097
1.2298749685287476
0.7143893241882324
0.8918932676315308
0.7488970160484314
1.4610106945037842
1.3107476234436035
1.953692078590393
1.2593671083450317
1.348638653755188
1.7536484003067017
1.673478364944458
0.6551316976547241
1.538719654083252
0.8033306002616882
1.6493171453475952
0.8302394151687622
1.0605801343917847
1.159995436668396
0.5898717045783997
0.7747183442115784
0.7763631343841553
0.668655514717102
0.8817917108535767
1.1473666429519653
0.8015588521957397
2.7792420387268066
1.0672850608825684
0.8319694399833679
1.0680432319641113
1.578538417816162
0.7934166789054871
0.9282887578010559
0.9053927063941956
0.8759039640426636
1.867963194847107
1.4385260343551636
1.3482438325881958
1.518540382385254
0.7631377577781677
1.0094549655914307
0.9326083064079285
0.9387773871421814
1.783708930015564
0.7072524428367615
0.9108197689056396
1.8327968120574951
0.9652774333953857
0.6219223141670227
0.8760526776313782
1.0835254192352295
1.5549696683883667
1.0736637115478516
0.7189239263534546
0.9314287304878235
0.7607735395431519
0.8587809801101685
0.5847643613815308
2.551723003387451
1.5612260103225708
0.8928630948066711
1.0583974123001099
1.0884087085723877
0.8777611255645752
0.8925495743751526
0.6699426174163818
0.8201801180839539
1.1730473041534424
0.6814441680908203
0.6719544529914856
0.6884989738464355
0.881417453289032
1.8344669342041016
0.8019677996635437
0.7673420906066895
1.0206074714660645
0.9192869663238525
1.4948468208312988
0.9804409146308899
0.8714445233345032
0.8911817669868469
1.10145902633667
1.0265724658966064
1.1295820474624634
0.792964518070221
1.1860485076904297
0.8908734321594238
0.876483142375946
0.9596086740493774
1.2512048482894897
0.5849540829658508
1.2979018688201904
1.0042253732681274
0.5261144638061523
0.8371267914772034
1.3892978429794312
2.34721040725708
0.9240263104438782
1.468058705329895
0.6335930228233337
1.0636389255523682
0.7013804912567139
0.9345486760139465
0.7597232460975647
0.7505365610122681
1.0492690801620483
1.7888572216033936
0.6906620860099792
1.429597020149231
0.9632309079170227
1.2929880619049072
1.0374058485031128
1.2448457479476929
1.8571701049804688
0.7048231959342957
1.1246951818466187
0.9020706415176392
0.756164014339447
0.6155295372009277
2.462799310684204
1.4692738056182861
0.7740906476974487
0.8435871601104736
0.6707935929298401
0.6649174094200134
0.5744497776031494
1.3325310945510864
1.4674104452133179
1.4768648147583008
1.0475233793258667
0.6113156080245972
0.9865164756774902
0.8440585136413574
1.4737164974212646
0.7569429278373718
0.7206573486328125
0.8151814341545105
0.8449645638465881
0.6746697425842285
0.9626774191856384
0.6305996179580688
0.7915511727333069
0.9094647765159607
1.4415358304977417
1.0861315727233887
1.7717409133911133
0.8872137665748596
1.7965410947799683
0.6609151363372803
0.6795840263366699
1.0697815418243408
0.8878928422927856
1.3680462837219238
1.2566101551055908
1.0490849018096924
0.6195818185806274
1.9661450386047363
1.2137123346328735
1.0320411920547485
0.8399997353553772
0.8420379161834717
0.707185685634613
1.6784632205963135
1.9548754692077637
0.7260188460350037
0.8323805928230286
0.8203349113464355
1.2959632873535156
0.89255690574646
0.6940872073173523
0.6901487708091736
1.3470067977905273
0.6203911900520325
0.8678828477859497
1.03450345993042
0.7062771916389465
0.8820528984069824
1.0353591442108154
0.9300633668899536
0.6719227433204651
0.8749958276748657
1.8718773126602173
1.5245826244354248
0.7435780763626099
0.6364558935165405
0.9086263179779053
0.7331355214118958
0.5903116464614868
1.1266858577728271
0.8437910079956055
0.5980142951011658
0.6103596687316895
1.2154067754745483
0.724838137626648
0.6410219669342041
0.7679858803749084
0.7790037393569946
0.7812625169754028
2.6818313598632812
1.751417636871338
0.8791571259498596
0.6494535207748413
1.171195149421692
0.7008470892906189
1.5619752407073975
1.0571222305297852
2.0410478115081787
1.5994786024093628
1.2211819887161255
1.1366796493530273
0.6852363348007202
1.3854155540466309
0.8399752974510193
0.9716334342956543
0.864983856678009
0.764126181602478
1.2661089897155762
0.8656853437423706
1.0257488489151
