-0.37514862418174744
2.3038055896759033
0.003928087186068296
-1.6274867057800293
-0.28276270627975464
-1.9083150625228882
-0.7922494411468506
0.37574347853660583
-0.9305378198623657
-0.6796749234199524
-0.7019809484481812
0.08926362544298172
-0.20093445479869843
0.5032594203948975
0.2704954743385315
-0.6845967173576355
-0.07036244869232178
1.0119677782058716
2.584418296813965
0.8762468099594116
1.0921701192855835
0.6329087615013123
-0.5385904312133789
-0.059488553553819656
-0.46059945225715637
0.13553501665592194
-0.46402865648269653
-0.24920451641082764
0.8814871907234192
-0.22771558165550232
-0.28633636236190796
-0.5234739780426025
2.005833148956299
-0.06447722762823105
-0.8510878086090088
-0.232982337474823
3.0362548828125
2.3470237255096436
0.16591927409172058
-1.8752684593200684
2.703016996383667
0.2407870888710022
-0.8212010860443115
-0.989953875541687
-0.2578059732913971
2.0349628925323486
-0.15449455380439758
1.3425891399383545
-1.0448060035705566
-0.9610806703567505
-0.8889805674552917
-0.7894573211669922
1.5213888883590698
-0.039513107389211655
-1.4759310483932495
0.3487622141838074
0.1363542228937149
0.17476381361484528
-0.21082134544849396
-1.264374017715454
0.08751274645328522
0.6084228754043579
-1.452396273612976
-0.44755566120147705
1.9151427745819092
-0.06733433902263641
-1.3219457864761353
-2.9908556938171387
0.6769170761108398
0.9740661382675171
-1.6140280961990356
-0.36677080392837524
1.3866791725158691
-0.34188348054885864
-0.7511666417121887
-1.3332079648971558
-0.09033432602882385
0.2215024083852768
-0.019303036853671074
1.875078558921814
1.7511379718780518
2.526911973953247
-0.07488363236188889
2.100444793701172
1.9608325958251953
-2.4786527156829834
-0.16026991605758667
-0.4554581046104431
-0.4474036395549774
0.1781598925590515
-1.219961166381836
0.16800528764724731
0.8171090483665466
1.595603585243225
-0.8175013065338135
-1.6633143424987793
2.2129414081573486
2.486412763595581
0.059622399508953094
-0.17674237489700317
-1.2003092765808105
-0.616682767868042
2.9995763301849365
1.2522207498550415
2.4276750087738037
-0.1585511565208435
0.15914660692214966
-0.8211256861686707
2.1859071254730225
0.23905393481254578
0.47411325573921204
-0.24214059114456177
0.7233194708824158
-0.06013070419430733
-0.6966280341148376
0.30375078320503235
2.35858154296875
-0.13834938406944275
-0.007986140437424183
0.5263635516166687
1.618880033493042
-0.31133970618247986
-0.3459869623184204
-0.313141405582428
1.2582216262817383
2.334775686264038
-0.5902206301689148
-0.1018914207816124
-0.018117859959602356
-0.3710786998271942
-0.10400291532278061
-0.489606112241745
-0.8610857129096985
-0.2843688726425171
0.42200958728790283
1.1043227910995483
-0.23060929775238037
-0.9155414700508118
1.016026258468628
-0.4586959779262543
-0.003565960330888629
-0.34880316257476807
2.5120956897735596
2.0652916431427
0.22859394550323486
2.1670801639556885
-0.9519551992416382
0.2659253180027008
0.25932011008262634
-1.0408979654312134
-0.29299458861351013
-0.3145383298397064
-0.39324578642845154
-0.004193990956991911
0.6835529804229736
-0.2512667179107666
-0.13880836963653564
-0.11169056594371796
1.8522450923919678
-0.21311798691749573
-0.7220470905303955
-2.8417603969573975
0.7367851734161377
2.2324256896972656
1.1451510190963745
-0.39335817098617554
-0.29745808243751526
0.31269678473472595
0.35677140951156616
0.660420298576355
-0.5397313237190247
-0.7333188652992249
-0.15285633504390717
-1.0707329511642456
0.6269717812538147
2.8006718158721924
-0.369599848985672
-1.6525065898895264
0.7535675764083862
-0.13284975290298462
0.16645491123199463
0.695720374584198
-0.8645023703575134
-1.8505933284759521
0.3369855582714081
-0.26249560713768005
0.42655837535858154
0.2645757794380188
1.962354302406311
0.028680948540568352
-0.03815905377268791
0.16951660811901093
-0.31698715686798096
0.6923618316650391
0.1685793250799179
-0.6896397471427917
-1.7816344499588013
1.5236269235610962
2.0386176109313965
-0.5315025448799133
-0.514163076877594
1.3807439804077148
-0.4528530538082123
0.03405514732003212
0.2608988583087921
-0.27533912658691406
-0.2563965320587158
-0.9172320365905762
1.7702810764312744
-0.8811425566673279
-0.6814661622047424
-0.6700769662857056
-0.3894287049770355
-0.4522818326950073
0.7707347273826599
-0.5252848267555237
-0.30527445673942566
2.309042453765869
1.4783942699432373
2.0574522018432617
0.15249739587306976
1.7130197286605835
-1.6952884197235107
-0.13171245157718658
-0.5867794156074524
1.8353972434997559
1.9968127012252808
2.1155447959899902
-0.5188877582550049
-0.47151681780815125
2.211347818374634
-0.2589553892612457
-0.5582664608955383
2.26090407371521
-0.12841957807540894
-0.04866481572389603
-0.7221788167953491
-1.7364314794540405
-0.04393013194203377
-0.13319674134254456
2.5046796798706055
-0.7772969007492065
2.3804545402526855
1.467958927154541
-0.4280591607093811
-0.7812294960021973
0.2589487135410309
-1.1837517023086548
-0.7813235521316528
0.14069516956806183
0.662087619304657
-0.028500424697995186
2.021641492843628
-0.6981297135353088
-1.0559076070785522
0.23652727901935577
0.3653850853443146
-0.17315959930419922
0.08517815172672272
1.3491259813308716
-0.5290775895118713
1.9883226156234741
-0.34887975454330444
-0.14657659828662872
-0.7678763270378113
-2.1677422523498535
-0.6868398785591125
-0.7779631018638611
1.803975224494934
-0.3725838363170624
1.1554609537124634
0.5600876212120056
0.21830372512340546
2.331073045730591
-0.4509391784667969
2.3921923637390137
-0.3065849244594574
-0.14720942080020905
0.24526159465312958
0.45967501401901245
1.926448106765747
2.462918519973755
-0.22672484815120697
5.460843086242676
0.2530425786972046
-0.924139142036438
0.13647903501987457
0.5841897130012512
-0.8868778944015503
-0.08700184524059296
1.829183578491211
-0.422036349773407
0.4276852309703827
0.779521107673645
0.3004402220249176
2.1194331645965576
0.13511329889297485
0.0038401333149522543
-0.18308432400226593
-0.23993565142154694
-0.847705066204071
-1.4142177104949951
-0.7693048715591431
-1.0468629598617554
-0.5678377747535706
1.8065937757492065
-0.927903413772583
-0.015138563700020313
-1.386792540550232
0.1545456051826477
-0.5498425960540771
-0.24786832928657532
0.2100418210029602
2.0015194416046143
-0.12827368080615997
1.8195430040359497
-0.3813391625881195
-0.20982877910137177
2.962205648422241
-1.346117377281189
-0.43830540776252747
2.6286263465881348
0.07557351887226105
-1.520696997642517
0.35408446192741394
2.087130546569824
0.8574187755584717
2.097564935684204
-1.075051188468933
-0.5892141461372375
-0.623400866985321
-0.2574307918548584
2.203622817993164
-0.1467389166355133
1.3524926900863647
0.6594749093055725
-0.7959572076797485
0.12372922897338867
-0.5867851376533508
-1.2532495260238647
0.8427251577377319
1.6039241552352905
2.6443052291870117
-0.49773550033569336
-0.6962616443634033
-0.5822435617446899
-0.009989939630031586
0.5354107022285461
1.76683509349823
-0.2747422754764557
2.2325804233551025
-1.6769932508468628
-0.7091426849365234
1.9099735021591187
0.1670963615179062
-0.49787917733192444
-0.25008028745651245
-0.9498695135116577
0.9157390594482422
2.4031169414520264
-0.4406004846096039
1.4779400825500488
0.5660951137542725
0.665405809879303
0.9201101064682007
-1.9096215963363647
0.8136822581291199
1.698857307434082
-0.16439242660999298
-0.0769118219614029
-0.7639023661613464
-0.5180271863937378
-0.16287748515605927
-0.07186075299978256
-0.6426160335540771
-2.0823237895965576
-0.3974772095680237
-0.00974202249199152
-1.2812788486480713
-0.17865677177906036
0.25170424580574036
0.46136635541915894
-1.4848804473876953
2.1692991256713867
0.5503101348876953
0.2587398886680603
0.47335106134414673
0.252435564994812
-1.1078544855117798
-2.563884735107422
0.6668878793716431
-1.1359002590179443
1.5289177894592285
-0.23353876173496246
0.7592831254005432
-0.7553450465202332
0.7725580334663391
2.5194756984710693
0.588542103767395
-0.49108487367630005
2.1758649349212646
-0.7103663682937622
1.0868602991104126
0.16683554649353027
-0.41956841945648193
-0.09807973355054855
-2.4175918102264404
1.273273229598999
-0.5195508599281311
0.8342217803001404
0.9333546161651611
1.3143010139465332
-0.8545708060264587
-0.37809258699417114
1.6812258958816528
0.3417890667915344
2.1452383995056152
0.0170882735401392
1.8257415294647217
-0.7012745141983032
-0.47364112734794617
-0.22119197249412537
-0.020525341853499413
2.092731475830078
-1.0958086252212524
2.342113733291626
-0.6239384412765503
0.08049812912940979
1.148290991783142
1.905658483505249
-0.10998527705669403
0.6442255973815918
0.6074088215827942
0.22570279240608215
-0.28474685549736023
-0.04739762097597122
-0.7300763726234436
0.5354413390159607
-1.3424431085586548
-0.4100680947303772
-2.516042709350586
-0.019840402528643608
0.43825310468673706
0.029590852558612823
1.0524647235870361
-0.5999563932418823
-0.2438659518957138
-0.17380677163600922
0.4670475721359253
-0.3843284249305725
-0.6705615520477295
-0.5627011656761169
2.004908323287964
0.2395988553762436
1.0710194110870361
-0.9113010764122009
-0.9288922548294067
1.8306645154953003
-0.08166483044624329
0.5707993507385254
-0.6115701198577881
-0.42178598046302795
0.40774068236351013
0.13834291696548462
-0.607284426689148
0.28347066044807434
-1.3495910167694092
0.5564860701560974
0.6588088274002075
-0.3799702823162079
1.4751354455947876
0.8263923525810242
1.9375994205474854
2.553353786468506
-0.7354162931442261
-1.1913501024246216
1.7667450904846191
2.4473042488098145
-0.10223626345396042
1.311011552810669
1.5796711444854736
-0.7294326424598694
3.0680952072143555
1.0976403951644897
0.07604461908340454
0.43702763319015503
1.887345552444458
0.9438623189926147
0.48559948801994324
2.777784585952759
-0.18472085893154144
-1.4030221700668335
-0.5389911532402039
-0.0649917796254158
1.1390445232391357
0.31481003761291504
0.15370894968509674
-0.8415662050247192
-0.4098004698753357
-1.265934705734253
-1.050270676612854
-0.308210164308548
0.31958097219467163
2.056678533554077
-0.560960054397583
-0.1071811243891716
-0.7602487206459045
-0.11805735528469086
0.2802252173423767
-0.10547036677598953
3.4266202449798584
0.1378498375415802
