2.4358517039656085
2.0380870081154354
1.5988794175678156
4.41930221020768
1.6399887525358867
2.9059368622780477
2.119774300418985
2.7758214157552583
1.2238065826925983
2.3154459722711285
2.5542284026990023
1.5527551271215452
2.575967535815417
2.7385610006662473
3.3436662290543233
2.4497280195651374
2.033248405663233
2.2737243211333213
2.2021966319559976
2.3264368223904595
1.6078586511688993
3.4674239606708994
1.6138081872970413
1.3460749366583542
2.5254696581068945
1.4902699160756114
2.139548946155045
2.7925516440346865
3.31557905591364
1.7615114283065108
2.8087861995630705
2.5667724489319164
1.8965888612919921
1.834553188007283
2.1176621192384126
2.5438425138179097
2.376427186704035
1.533113964739342
1.732595221584811
3.1943821493810316
2.1968515399749218
1.0517839721713371
2.493231016378445
1.5682094253552588
1.294996146487243
2.4211241661541836
1.8789680013363124
2.5954103925180734
2.1024288563706155
2.927128696366173
2.2008469243215565
1.9027683358557612
2.442814940468071
2.512671890072527
1.5154070592489524
2.447386732899714
4.016717615292489
1.9736740238770067
1.8252765148176984
2.300367868278189
2.304382319737504
2.756462147132262
2.7023375275477655
2.567270829652934
1.863299695065609
1.7477949626444493
2.761889518152335
2.245626772108263
2.4064208281678394
2.4888341605701254
1.79615154158448
2.095099302137116
3.5955030827281615
2.0605146102331755
2.1815198793661783
2.6227049242218143
3.7391321472746473
2.35584405614812
2.0757937041667462
1.5880171424603466
1.6661659739227905
1.4475035934535405
2.2636355539984088
2.113769830377231
1.9452462122397025
2.400112712915476
2.4091970209272073
3.0387324491407495
1.3893191435410217
2.753864793570943
1.8486870632846253
2.0384821334927947
1.6683173646775566
2.0665759821448684
1.1273570592230762
1.6826476732039515
1.978842302050438
1.9855236606115134
1.4272541374217402
2.2526127323641933
3.003747439468696
1.5872062008742367
2.628446237932575
1.6011123623086765
1.599455274599936
2.6340906817410463
1.9314998689750689
2.608494698242509
2.291812653579089
1.5307832359931088
1.7793719985127299
1.8909366637041938
3.8257796067742027
3.012207241157899
2.343262192074473
3.0413791604921565
2.1902768795269876
2.2577406032427114
1.835911482216743
3.8023010635252894
2.374811983396145
1.5578553635985666
2.1279573788497674
3.2494884346578456
2.213782447650379
3.590358503924997
2.1745658125436207
1.6799175231987926
1.7858749915370165
2.579966231132528
3.4533417337332613
5.806688629762886
2.1578175640115838
1.1586548107105457
2.8507561493696625
2.5411926866514705
2.3357055091609693
2.315388000138751
2.9985340949278574
2.6569299300677454
2.1237403448198595
5.024000793104656
3.0738232874811025
2.150976189184057
2.1953112132655814
2.6847728067671386
2.0426118617901996
2.179970250757898
7.30239930738735
2.336105407191795
2.49905598479196
1.6880373843695087
3.243850991031209
2.4808018884619027
3.4985196628778534
1.406129688117783
1.6100909152928051
4.008462605655378
2.275283551832926
2.5274402678512806
1.875350239403701
6.03927478301701
2.850816197556155
1.9578605496172183
2.178132315449628
2.4790099318083407
1.5702416174533833
1.6875527199881069
1.7269620340941947
1.3949018400789015
1.126525406775722
3.796380228340513
1.543343978183252
2.2685394643403343
2.399668141309445
1.9544875803679962
2.111032035964034
2.2960855751372318
2.7515937480202792
2.358302108863477
3.9828329746203446
1.4653832261810402
1.99091470811019
1.8608310226355471
1.6260211600021255
5.10394620026363
3.4266016223933686
3.2155964895157836
2.2306543225054956
2.485148294118926
4.090529312168651
2.972364225503041
2.187834376473826
4.291319492754135
3.458904635629804
2.7927366490098304
2.5795829721272994
2.2460249811143678
3.89530468220391
2.013853865442431
3.545944370872623
3.047835851098963
2.3915966928416124
1.9474626357836593
1.8404373088793433
1.6003467917125047
1.993037101982128
2.040429504283518
2.0801292623188883
2.0035275287836076
3.1093491712868038
2.74392854913379
2.065692759915942
1.6857548134067635
3.0836566580943745
1.8336648911148146
2.374215664298289
1.4359655320645213
2.3298612075201763
1.6871245145902312
2.7295327304401735
1.2505336389146795
1.3144952325977515
1.6209502230796307
1.673981831387057
2.456580882996648
1.8525661085021634
2.7683222620691184
2.1652146066984455
2.961645612525559
2.5335389280548823
1.9050622775693835
1.5351411312222683
1.9334892046784626
4.020529584779827
1.9439782345342176
3.815241790948626
1.3033511968560858
1.8301028322813566
1.1959881142500917
2.4656927906381965
1.9191693313100882
2.264852894938581
3.143540061174811
2.400065825672249
2.247041044294125
2.8526625219346036
2.1791256582608924
2.96216239067806
1.768793642294201
3.207208117125419
2.3870589794644057
2.4051195091960866
1.5776742955570164
2.3281465211424024
2.2591999531705382
1.2414650697499223
2.285888361790571
1.1556525675743654
2.5509730550673098
1.7120192990552192
2.0707462823123572
2.407042053654045
2.1538407676021594
1.9202719293193187
3.089515419897618
1.9826612689315255
2.181433429164797
2.283172022650915
2.4414640766589146
2.790081716455106
2.047375468098865
1.8298749652734598
2.4908739558566273
1.541325589296385
2.561243461127659
1.5474892603882089
1.9195321110004238
2.1637955541019056
3.8649461297824845
2.478839023086063
3.0859868802912285
5.431425939943291
2.3943448666693055
2.771495141253754
3.1269881334412077
1.1313201338804066
1.8442436012714503
1.7827072409366091
2.1240607207575515
2.156969271345913
2.067996261984363
1.4266143709176338
2.440743870300892
3.071671990238019
2.390932963562295
2.915938371538206
1.9787591061891636
1.2307782275279127
2.1101406433816385
1.670559895592299
1.5179440015030918
2.880026292415978
2.2830848267177393
1.4646084042714451
1.8756875560260058
1.7283565334404825
2.377165976404723
1.4541044567686525
2.2716376296846654
1.9395912515524385
1.8984231393529958
1.6868725990710816
1.8090380329501186
1.2987326500241334
3.1752548740242332
1.6377484711110142
1.9717226930248297
2.856212025730109
1.484837614871893
2.4468335331585713
1.5826407535384466
3.072952583818608
1.9571049722578815
2.7618265869151535
2.6102502830029524
3.113995451868125
4.257631583025631
2.074578510357221
2.1278044373203624
2.6221457951483944
2.4202504427239284
2.1340608013111124
2.3754705818167703
2.6225721077692445
1.9133326982813899
2.8005129337512717
2.234749412057733
2.0949185827635888
1.8024731086703785
3.2330494363428643
2.718083982072639
1.6921650233585601
2.6074046984160364
1.4034017586430532
1.4320749915269142
1.3414000703983677
2.121648631092896
1.688807108694897
1.3507595701667616
2.1709051534983836
3.92752951199949
3.695778373530383
2.0159624573678454
1.4086976941475782
2.3538618691429467
2.4478713375575105
1.5227553423153861
2.241959526567844
1.5576511910963182
2.4281435806957794
2.0936865898892627
2.262188761679546
1.972732893197052
3.3955597123136703
2.0281562311386403
2.2008129083200094
2.492179000218166
2.5930320161489875
2.4833788670028616
2.1591619264449284
2.18386322182154
2.457494079179122
2.6346361451227946
2.2284049086487063
1.2787270528425472
2.456182350993714
1.8071090044246585
1.6737536493422571
1.6926081523965326
2.768553667190068
3.1312436979005787
2.3883629514566302
1.685376583545362
1.348468374736497
2.6590194762148953
1.3765196902040782
2.805544934301971
3.4332306550853913
1.7018367062287023
2.2081504646256036
2.2724843496994445
1.7152778443796795
1.9850537380756461
2.6937904507106873
1.8794816373885543
1.3190867408995852
1.754490425272896
3.478156397044596
1.5777638317814118
2.0013222081287942
1.9845234554958548
2.114605236322127
1.9488114784433546
2.562943038974259
3.282264854219139
2.7994377416387604
2.5978304607055445
3.7716034186692116
2.861304056799372
1.9149105951539516
1.976919288488901
5.611222290868023
1.6524784622289312
1.3742171403225942
2.3052083246915127
2.5683008132582157
1.1247094949117487
1.9428226395456378
2.4704080303330924
2.352175524526423
4.477644233531744
1.7339281282456631
1.703459561865897
1.3841803992177952
2.1094027088747205
1.7000378481073763
2.6510539812702585
2.4971642768972506
2.0448826013271395
2.0979877858638236
2.4166030258042324
4.052996341307424
2.601557931706997
1.242467098222609
2.0156036082470714
1.8026909491866372
1.6304673362766016
2.974596322505014
1.9458737650012317
2.5109937367909967
1.055617514855344
3.3152010828771257
1.7043049288796994
3.5659291111462403
2.2870221365327277
1.947725403832255
2.2344338098002408
1.9031352441571514
3.922843123746213
2.0499312496287154
2.278207830485243
1.8357806397002852
2.2919858579349115
1.7264751777488532
1.309642706477985
3.2835806536271512
2.0398808326696245
2.2576903368361787
2.983906107072197
1.9899367422084886
1.7622931652586589
2.532896580274202
1.6423246247654457
1.4223123488992917
1.2557904407809932
1.4424174664982747
2.694447798483248
2.542603277098717
1.5468774894925517
2.203067227086311
2.2093329820319942
2.8165851299816227
1.4695247720173041
2.828534525689725
0.97439258483718
2.509399496792644
1.843070102312599
2.612696209707974
2.2654744225285044
1.824013434477738
1.94928591833796
1.8508824450168644
1.633870438541433
0.9221165943711536
2.5719502946254
1.8953878957874128
2.532880484193973
2.172058882798585
1.8984239556728133
1.7805781053585452
4.501605973939133
4.729813957830011
2.525278668275545
2.287299316441638
2.4792988244315444
1.423960680156226
1.327455985278903
2.0215040892003677
2.4801893328104843
1.451340373508572
2.5764998569588426
2.7328365817353046
2.363721181934903
2.1035608655621334
1.3881044414978223
1.82224955194546
4.806169044001324
3.34948873689463
2.029086225457005
3.1748399192523733
1.7672376646819348
