-0.029105337
0.030405657
0.084273756
-1.2317594
2.4716635
-1.0292643
-0.16555524
0.33873588
-0.31067806
0.8440874
0.15620808
-0.62508327
1.5850561
0.10578324
-2.4690578
0.15903404
0.27435938
-0.8487022
0.14886825
0.37465623
-0.11758294
0.92416793
2.1242762
0.008798411
0.29788738
-0.5496425
0.31159875
0.8214988
0.2974035
1.1041496
1.2253287
0.76883894
0.2793489
0.82761276
0.3858455
0.79350936
0.035431843
1.1460323
0.59926933
1.4675434
0.2359994
-0.3261384
1.2159142
0.6738276
0.02474032
0.17229496
-1.8379685
0.53198934
-0.045005053
-1.8348815
0.25707856
0.13708663
-1.4878486
0.3915375
-0.37893736
0.05684552
0.15219213
0.8993662
2.0157979
0.20821524
0.45499846
0.26051378
-0.068655685
-0.16432357
-0.6027496
-0.89790165
-0.0019453358
-0.48939916
-1.4162277
-0.12855326
-0.5927581
-0.72915864
0.104670994
-0.40686563
0.09709264
-0.38995975
-1.969152
-0.25075573
-0.07147148
-0.22534385
-0.1403796
0.08872518
0.4988436
0.14309712
0.40926346
2.4876854
0.17831355
0.25676244
0.18497765
0.13740538
0.096313305
0.26239553
0.30274698
-0.1556498
2.8871915
0.4794754
0.10711932
0.09646515
0.090578
-0.1553445
-0.95147127
0.0037399011
0.026906712
2.497068
-0.058131527
-0.049203288
-0.19007473
-0.03442989
-0.076234184
0.20852582
0.3504396
0.09023341
2.3574204
0.093972094
0.42049527
1.1890017
-0.14864717
0.31164944
0.39253503
0.16956057
0.5611272
2.6803532
0.18439151
0.12939756
0.09533131
0.04429184
-0.46601763
-0.69791496
-0.44066688
-0.64358133
-0.84865683
-0.5670197
-0.37161872
-0.65585035
-0.41805625
0.6484537
2.6214721
0.25751
-0.05615093
0.046465702
-0.10706774
0.06006579
-0.10724886
0.0028057515
0.09760136
0.54930216
0.44136056
-0.9046151
2.3043609
1.2697006
0.018287906
0.13920762
0.076176405
0.09977975
-0.32777497
0.17247385
0.044378057
3.8535702
-0.2853361
-0.006045358
-0.13712533
0.09114345
0.96271867
-0.03991334
-0.67056227
2.6164403
0.6039703
-1.5337237
0.41797262
-0.61206055
-0.41981608
-0.48658124
0.37758365
-0.56341493
-0.08618767
-0.6245575
-0.039337065
-0.4753257
-1.6694288
-0.44687635
0.632469
0.86836493
1.0580738
-0.8984993
-0.7334072
1.3928373
0.18703963
0.7284137
0.72878087
-0.4010385
-0.6616631
0.14643602
-0.8050267
-2.1508324
-0.51900697
-0.05094349
-0.8393499
-0.055034474
0.14792167
0.1293982
-0.006992306
-0.09928361
-0.3570278
1.926287
-0.027200066
0.4545349
1.0603724
-0.0046548597
-0.8941022
0.062756434
-0.47704798
-1.9881543
-0.48047316
-0.17975202
-0.05219199
-0.22048575
-0.12699024
0.3779934
0.094077244
-0.0015601416
2.7803664
0.26522243
0.20239137
0.43221495
-0.14547636
0.5867263
1.9992539
0.4582403
0.6112026
-0.6837865
0.45256945
0.12696922
-0.48512968
0.08822274
0.40443173
0.69113255
0.42971173
0.4738662
2.0069935
0.24144395
0.58534294
0.18017264
0.44771373
0.14224003
0.2211151
0.3928187
0.43277627
2.886539
0.26845235
0.30577698
0.20163168
0.023260906
-1.1841246
-0.46116927
-1.1512177
-0.5851368
-0.22145449
-0.6054489
-0.3988488
-0.6923239
-0.3956814
0.31686962
0.4209509
0.2821578
0.30809772
2.0944402
0.13779056
0.14868559
0.15168008
0.06313614
0.32229322
2.5188158
0.029727418
0.042582747
1.1067476
0.025053052
0.36826235
-0.00033389227
0.5740289
-0.7371067
-1.8119885
-0.04587795
0.8476172
1.833247
-1.8155235
0.11910614
0.16260894
-0.36973765
-0.41350576
1.2806085
-0.47578087
-0.62712836
-0.15541396
-0.44927987
-0.45384377
-1.2644832
-0.5447954
0.11839676
-0.16977344
0.20441572
0.53940535
1.5777181
0.4051154
0.35003966
0.8282686
0.21325722
0.066035524
0.539292
0.54860646
0.30717027
2.3293622
0.041859444
0.11799495
0.23342805
0.24517329
0.3609722
0.22469722
0.19298106
0.33488384
3.4024582
0.15460834
0.03488894
-0.8899597
0.45749953
0.49926767
1.0521299
0.40200362
0.5793459
-2.9627178
0.49771127
0.103345744
0.076065786
0.029094469
1.1581275
0.9341121
-0.7902512
0.9253587
-1.0951167
-0.78796643
0.46500942
0.09317985
-0.6902591
0.26450026
-0.98130345
0.20535304
0.8461076
0.2676523
0.566684
-0.017109087
2.2493963
0.25661415
-0.6024567
-0.55367994
-0.63436073
-0.5320456
-0.3724757
-0.46929818
-0.6547713
-0.5469653
-0.5459819
-0.21408564
0.124633245
-0.2082677
-0.8216914
-1.734093
-0.7153257
-0.06574216
0.21371825
-0.21371946
-0.2253984
-0.1384758
-0.2315905
-0.29241177
-1.9494494
-0.10829765
-0.06656969
-0.24489804
-0.07606096
0.5684003
0.33316505
0.51021004
0.19782381
1.1530757
0.20513125
0.7663603
1.1507353
0.71981055
-1.5751175
0.0866644
-0.13113448
2.7804453
-0.893291
-0.43539968
-0.48147663
-0.6023038
-0.15121149
0.0218928
-0.031093137
0.2887041
0.06318128
1.8847448
-0.027997142
0.78448296
1.1478292
0.7057624
0.59746134
-1.0899006
0.61125404
0.7049918
-1.4679915
1.0736836
0.6509082
1.5936339
0.5822564
-0.14361922
0.27684236
-0.11845537
0.32051906
-0.070403434
0.19980612
0.7348533
1.8961366
0.47154275
-0.44854778
-0.17293955
-0.4600669
-1.702922
0.13581629
-0.5136257
-0.84411734
-0.33674768
-0.67021006
0.44986284
1.1339151
0.4371598
0.7873334
1.562927
0.5433452
0.33414847
0.3158326
0.3587837
-0.5978906
0.2807223
0.044343323
-2.195941
1.9883543
0.073032625
-0.3590472
-0.4126435
0.15326092
0.3362794
-0.10284815
0.28218105
1.7892774
1.1005876
1.398428
0.5383258
-0.26815197
0.37262702
0.9515273
1.7746927
0.26671872
-0.5950069
-1.4438752
-0.24464937
-0.67175305
-0.31106383
-0.3608703
0.00565301
2.942773
-0.046876613
0.09525188
-1.3904257
0.09896475
0.23051539
0.45545542
0.17083222
-0.9123702
2.2956598
-1.2636707
-0.54321414
-0.20951703
-0.562617
-0.018180933
-0.18943855
-0.1286719
0.55060524
-0.5998938
0.63494784
0.5530913
1.452822
0.43107426
0.36948735
0.41263807
0.39123872
1.6058012
-0.114351735
0.051433045
2.3010452
0.10204921
-0.5701249
0.5567658
-0.33932585
0.19494025
-0.58273196
-1.231761
-0.46146646
-0.29174194
-1.2269559
-0.3137192
-0.5142564
-0.7969295
-0.49944058
-0.03607046
-0.64123905
0.039276306
0.30159095
2.2394466
0.7354656
-0.20614946
0.559162
0.31385374
0.11772288
0.5150116
0.18285206
0.43072826
2.2906756
0.10320661
0.34941125
0.20419796
0.39501554
0.47726378
0.41041324
0.41459906
0.7225316
2.4243166
0.41631654
0.38543668
0.40695316
0.24230483
-0.08125667
-0.031362474
-0.041360233
0.41820213
2.741865
0.0077002626
0.27682638
0.499641
0.24029212
0.10855004
-0.052883685
0.195563
0.22738184
3.020717
0.17920907
0.15284632
0.16734074
0.18707584
-0.22087705
-0.5273918
-0.24600588
-0.6451662
-1.0681572
-0.53856295
-0.41813433
-0.57465243
-0.29002973
0.64428437
1.2319473
-2.5488245
-0.025877444
1.1285995
1.2243158
-0.028653415
0.19393587
0.5118383
0.5924296
-0.2762588
-0.30859494
2.1746826
-0.92051435
-0.30110276
0.61411524
-0.2538981
-0.46780223
0.09141477
-0.25957978
-0.15721078
-0.14384247
2.4531388
0.4941806
-0.12063545
0.061442405
0.95491743
-0.7026182
-0.2520677
0.7865248
-1.5212473
0.9099281
1.2418504
-0.61966664
0.90272176
-0.19675007
-0.1377452
-0.093570665
-0.114934236
0.41707554
2.6066215
0.16680676
0.22270559
0.5151158
0.063294955
0.29830527
1.4386009
1.6416628
-0.6559547
-0.29370475
0.6450265
-0.42991796
0.027900446
0.3168685
-0.6305807
-0.6093102
-0.97193825
-0.2556444
-0.9755488
-0.23915929
-0.52651393
-0.7147286
-0.575497
0.11847223
0.52689505
0.18020914
0.49031913
1.6367866
0.34430903
0.2233425
0.43781528
0.2137901
0.21278451
0.88428724
0.07100315
0.09198949
2.857544
-0.6034844
-0.06863084
-1.153904
-0.76402533
-0.32445633
-0.9400938
-0.2976394
-0.063395545
3.9643583
-0.79364455
0.031022819
0.26121244
-0.14144102
-0.14167808
-0.8290165
-0.43852115
-0.65547514
-0.94469875
-0.28169543
0.101548105
-0.9080332
-0.5573244
0.3775907
0.327561
0.2808092
0.43014738
2.3065796
0.3613633
0.4555536
0.18375352
0.48384112
0.12877786
0.32543463
0.38279474
0.3970221
2.4246695
0.33766446
0.31670573
0.51493
0.37481296
-0.46973762
-0.76676077
-0.36375484
-0.8100259
-1.3020853
-0.34691647
-0.11492502
-1.1934426
-0.057210073
0.010471665
-0.11956
-0.04304253
0.01500765
-0.41803032
-0.94032943
-0.1120517
-1.4254841
-1.0738989
0.36790913
-1.0732908
-0.04384455
0.8281921
0.89312154
-0.70590657
0.80077004
1.0600793
0.4482221
0.4563112
1.4409401
1.4694662
-0.61590713
-1.4351041
1.1461786
-0.08464506
-0.0035557877
0.6060611
0.48631546
-0.01871284
-0.07021821
2.08269
-0.6610532
-0.7148481
0.36322019
-0.117708154
-0.21144082
0.1545056
0.42403185
0.10989204
0.06965592
3.5214534
-0.1265271
0.05631291
-0.06697114
0.066331826
0.5212622
0.73455393
0.4049917
0.4428947
2.355654
0.18875214
0.45617035
-0.04956096
0.46379226
2.379309
0.213593
-0.26488024
1.2687411
-0.7875547
-1.0474361
-0.36623636
-0.5831568
-0.0064332862
-0.117258385
-0.7248311
-0.05674208
0.17121102
-2.095554
0.06876977
0.41826814
2.0676215
0.14360814
0.42420638
0.6432793
0.4705881
0.5096536
1.8797181
0.38148606
0.30537483
0.53767705
0.37693784
0.003883249
2.012644
0.39379308
-0.9501837
-1.1340438
0.054402832
-0.5915149
-0.2671302
-0.19058901
1.2413888
0.04496295
-1.5279232
1.4571018
-0.5847571
-1.0622773
0.739268
-0.17894562
-0.9578191
0.10378383
0.10760223
-0.009755817
-0.27174345
3.370804
-0.616225
-0.029402515
0.0954158
0.103465006
-0.51006836
-0.5122634
-0.51692146
-0.7629656
-0.5453628
-0.7144006
-0.4787126
-0.45828736
-0.5492748
0.22130401
-1.0494568
-0.06709088
-0.1176614
-1.7659763
0.10070286
0.027850302
-1.5733961
0.26735353
0.20943893
0.0893121
0.32975337
0.43887967
2.5023508
-0.19744046
0.32207906
0.5998863
0.2451388
0.23562868
-0.458038
-0.008207048
-0.5285338
0.07834401
0.9390961
-0.2979254
1.0610309
1.6649851
0.5093785
0.9366329
1.053058
-0.97153395
-1.1523156
1.4148418
-0.7421534
-0.3102271
0.4047076
-0.22037348
0.9100394
0.082089715
-0.94196737
2.225731
-0.94390714
0.16097458
-0.237149
0.17300609
0.82896626
0.5892597
0.8484317
-0.15427878
1.3656198
-0.051670536
0.5264229
-0.32920802
0.54804534
0.110036224
-0.49627694
-0.52305233
1.6271582
-0.5008539
-0.90027356
0.8603995
1.0186158
-0.1514204
0.5867679
2.2673573
0.05189019
-0.3063626
-0.2670522
0.07920815
0.30240527
-1.743712
-0.66757953
0.9765095
-0.34846294
0.92716104
0.5773046
1.1286873
1.2141454
0.5096953
-0.3054512
0.36068127
-0.7684241
-0.57382
0.3196912
-0.5584923
-1.1815852
-0.53903306
0.1705272
-0.6948031
-1.0090381
-0.5917768
1.8903601
-0.2234977
-0.22544207
1.6867759
0.13521147
-0.591588
1.7448163
-0.23956522
-0.31004453
-0.22391737
0.4314726
-0.41094318
3.1018217
-0.16390201
0.4783036
-0.67862964
-0.06040196
-0.7702168
0.24860926
0.93292975
-2.9741406
-0.2013301
2.827487
-0.9897078
-0.050429985
0.40021372
0.1671819
-0.31693175
-0.03263144
-0.66334414
-0.46522772
2.4083903
-0.12354654
-0.27370352
-0.27329883
-0.4345691
-0.5026643
-0.45085263
-0.7038819
-1.1889542
-0.5644271
-0.2671841
-0.6594454
-0.31886303
0.06817745
-0.23891322
0.28962335
0.44904864
2.5414295
0.07665321
0.31964153
0.66956896
0.37765613
0.0132258395
0.087684624
0.088724576
-0.104434
2.350625
-0.38957646
-0.27947244
-2.1096067
-0.28211105
0.011983234
0.018575191
0.15590383
0.403086
2.9018998
0.4134906
0.5753
-0.1558693
-0.05746492
0.08046736
-0.42102626
0.089673236
-0.067027465
3.929978
-0.50429946
0.023173165
-0.10179164
-0.005264427
0.18517569
-1.1862773
0.1543977
-0.77438533
3.5450358
-0.7282332
-0.0018269897
-0.5882812
0.03450728
-0.61784214
-0.53373766
-0.65786135
-0.42631552
-0.20039114
-0.44997174
-0.58289474
-0.43671095
-0.53905505
0.3868509
1.9699546
0.18504438
-0.5861249
-0.75546354
0.9184828
-0.52808946
-0.72739136
0.32721883
0.171487
-1.5261754
-1.2294567
-0.061812643
-0.90470403
-0.6133564
-0.3716081
-0.2671864
0.07202615
-0.34504804
-0.5768872
-0.32263154
-0.5643414
-0.79209733
-0.51413155
-0.5821237
-0.776864
-0.59806603
1.4008775
0.12030296
0.20274252
1.564567
0.38503823
-1.7839824
0.032617036
-0.16626614
-1.1338547
0.5563482
0.44015032
0.54876244
0.89792794
-1.5526719
-1.5090375
0.10233226
-0.8400882
-0.6193266
-0.13854837
2.647961
0.12731601
-0.049333807
-1.9652102
-0.23491399
-0.038978495
-0.9158629
0.02928319
0.48775822
0.29280502
0.7326767
0.3204444
2.0540955
0.9091309
0.60694313
0.23481552
0.56266654
0.86380565
0.43850023
0.5352533
0.5388107
1.8345922
-0.22651647
0.2591307
-0.038631838
0.2597429
-0.32851204
-0.3810523
-0.4426283
-0.5560308
-2.2913263
-0.1345537
-0.46138105
-0.65327436
-0.4673357
-0.049027387
-0.7388006
-0.84192425
1.3193446
-0.27413058
-0.48727465
1.9109585
0.32369253
-0.44789883
0.7849646
-0.096803844
1.0502431
1.6230679
0.99075896
-0.047329906
0.37378344
-0.37424698
0.51157784
-0.63736814
-0.63950217
0.23212793
-0.7075663
-0.9167837
-0.076743826
0.9275786
2.3653584
-0.41011155
-0.5039676
-0.59702367
-0.06635498
-0.61290526
-1.7341522
-0.606413
-0.44910118
-0.82686126
-0.36466914
0.02957657
-0.47667426
-0.004756168
0.26732755
3.0866387
-0.4976921
0.04490983
-0.05844531
0.044514515
-1.4264231
-0.5575469
0.36046782
-2.9703937
0.47612545
0.9687948
-0.0285902
0.44452453
0.0026413542
0.34874836
0.37457705
0.29683274
0.53656536
1.6514659
0.42048886
0.46098447
0.29149237
0.39843643
-0.24526449
-0.8330778
-0.21648957
0.25726184
0.9233875
0.22295496
0.5671982
1.5644087
0.46942183
0.5510539
0.27230477
0.60460943
-0.022632308
2.035577
0.6602263
0.29889593
0.009128597
0.3404416
0.48877707
0.30676326
-0.0060946997
-0.0071234014
0.5472986
2.4162917
0.17454202
0.10194711
0.29074234
-0.5850537
-1.1039166
-0.5324849
-0.47471422
-0.48292205
-0.45962346
-0.61746585
-0.49529463
-0.6111503
-0.80032915
-0.73231465
-0.023832414
-0.79453546
-1.7561326
-1.0681318
-0.06705402
-0.98772025
-0.2194595
-0.07462293
-1.069541
0.7285892
-1.0376798
1.4879218
0.67146254
0.7995505
0.725482
0.44494715
0.12298668
-0.9587
0.16007382
-0.27588153
-1.5108637
-0.26625648
-0.008403656
-0.5416267
0.10676216
-0.59100795
-0.5233453
-0.57978994
-0.3385011
-0.9945832
-0.17421047
-0.646264
-0.36171597
-0.7253735
0.47489864
1.6266085
1.6617614
0.033212423
-0.84523976
0.49385446
0.27738625
-0.1924539
0.03437445
0.13643593
0.18723774
0.15813017
0.4096711
2.4050527
0.16596368
0.12022818
0.24490604
0.13697705
0.14205801
-0.33790135
0.74104947
-1.0301768
3.074437
-0.920497
-0.35783333
0.6381401
-0.3592183
0.089114845
1.0061492
0.14156736
-0.2250047
3.486443
-0.35980937
-0.36277354
-0.7876146
-0.26420596
-0.069284305
0.08649252
-0.19964132
-1.0875294
2.54283
-0.3685905
-0.108290024
0.5891247
0.013264585
0.53872734
1.3251886
0.40864733
-0.070214
-2.5647705
0.013361889
0.29821566
0.547729
0.19005461
-0.37060976
-1.760013
-0.4185065
-0.37941295
-1.4415292
-0.42881688
-0.5640417
-0.79688793
-0.4807742
-0.12428624
1.0617785
0.43452027
-1.3419315
-1.9634938
1.3345274
-1.1634007
-0.16554329
-0.03413334
-0.10635942
0.4950496
-0.04303385
0.023942703
-2.1763566
-0.1407186
-0.21476807
-0.8788669
-0.38553715
0.18986176
0.99388236
-0.084699005
0.03402055
2.4819133
0.1351067
-0.044233017
-0.07608864
0.16876742
-0.10924367
-0.46582517
-0.034008943
-0.25945503
4.284748
-0.4965116
0.06359281
-0.0139152855
0.10507639
0.07856054
0.46238786
0.080036946
0.6535833
1.810225
0.5110032
0.070294805
0.69898677
-0.014740851
1.4902482
0.8754888
0.5872565
0.4872959
0.7196434
-0.32166162
0.36251217
-0.17479359
0.1995577
-0.24409133
-0.994774
-0.14994378
0.2707008
3.5503266
-0.07151076
0.6384833
1.065264
0.53713435
0.1281143
-1.1494851
-0.08663977
1.3387443
-0.61357856
-1.2307945
0.7448004
1.8283417
-0.17836767
0.7067098
-1.5646353
-1.0320034
-0.8656684
-0.8293761
-0.6754478
-0.4008345
0.48070064
0.33432332
0.2753127
0.5417764
0.091226846
0.65308154
1.9633754
0.25110453
0.10043459
-0.06971518
0.23020582
-1.3796968
-1.9765226
-0.8655491
0.49982327
0.7813769
0.34875274
0.44109577
1.3703156
0.21803306
0.62761825
0.39039138
0.40660274
0.08016463
2.160053
0.49011686
0.8855787
0.3412905
0.4621011
-0.8856246
-1.1824888
-0.70311666
-0.06646165
-1.5590572
-0.0007996276
-0.18207541
0.0014013004
-0.23019527
-1.1159918
0.3537488
-0.51691294
1.4944924
1.1573035
-0.14048526
1.0736065
-0.07123732
0.17948423
0.39480594
0.55741805
0.3521764
0.46605068
1.6722943
0.34792137
0.5266676
0.5206144
0.49486583
-0.58338016
-1.7207643
-0.5354488
-0.2950912
-1.1535176
-0.2529264
-0.64893293
-0.5633995
-0.6448299
-0.05108025
-0.34771568
0.047890928
0.088074416
3.486081
-0.1136949
-0.0008903311
0.026253039
-0.021523904
0.0973868
-0.0074453834
-0.21485372
0.47668406
1.8762048
-2.8158407
0.10323701
0.24071199
-0.45169735
0.19599165
0.35931844
0.1593258
0.6675852
1.820636
0.4370045
0.20117486
0.5249588
0.170117
-0.4188091
-0.84070057
-0.36148295
-0.56515837
-1.1049213
-0.49041158
-0.7044455
-0.5496627
-0.5796909
-1.1413105
-1.3965781
0.17492297
-0.61975384
-0.7467741
0.05419224
0.16568868
-0.024875259
-0.23655014
1.1614501
1.4469769
1.1830661
0.327795
-2.0874608
0.34541118
-0.25447825
-1.4059725
-0.19924173
0.86334
2.0471237
0.5051307
0.30062917
-0.18944201
0.20921853
-0.072797135
-0.5772482
-0.1159158
0.21513638
-0.04598565
0.2214436
0.23548225
2.3972888
0.037658326
0.32747862
0.27718312
0.2644834
-0.29327926
-1.6278318
-0.2261782
-0.24212448
2.1666095
-0.19113626
0.0070068566
0.54710525
-0.029500946
0.36797982
0.5668572
0.58505636
-0.3852811
-1.3557976
1.4710282
0.26544288
0.47607076
0.591024
0.88181394
1.4927788
0.6420506
0.27567273
0.9253349
0.15758272
0.1344058
-1.1497371
0.07933954
0.36049423
1.2198001
0.15561476
0.88764715
2.1096601
-0.1554804
0.08742134
-0.52876896
0.07089019
-0.7480036
0.9182169
0.10326123
0.00919608
-2.7614126
0.21218002
0.281659
0.07793958
-0.48775953
-0.5809601
-0.3606702
-0.50348127
-1.1117812
-0.876582
-1.3025029
-0.6804103
-0.42740256
-0.6737721
0.3086936
0.30315357
0.39191982
0.34465054
1.4165422
0.3951376
0.46070352
0.70589334
0.32873955
0.32231286
0.5670505
0.12466064
0.46749124
2.537093
0.21829884
0.24479496
0.21667606
0.075079426
-0.5249638
-0.48490417
-0.4915688
-0.49897942
-1.2151508
-0.50061107
-0.37677512
-0.3070175
-0.38130122
0.5355172
-0.48076838
-0.39928088
1.5192151
-1.8942825
-1.1339859
0.42652592
0.50739837
0.0625512
-0.00028128034
-0.067796424
0.70971483
-0.10177879
-0.36353666
2.5014439
0.18061303
0.52877146
-0.28882527
-0.37583396
-0.61056364
-0.4866319
-0.28727195
-1.6433992
-0.06787173
0.4984868
1.9670005
0.24108006
-0.71620035
-0.06804509
-0.49505088
-0.5682515
-0.5009161
-1.3665754
-0.663185
0.051552944
-0.5357013
0.13575165
1.000234
0.14708683
0.25720504
2.127115
-0.36953166
-0.56405145
-1.8194677
-0.71923786
-0.79774934
-0.7216965
-0.6768191
-0.69016373
-0.08014874
-0.6837487
-0.69895536
-0.40846092
-0.6445836
0.11755392
-0.385512
0.42872533
0.036524195
0.33830747
-0.5137909
1.2745821
1.570191
-0.25583747
-0.63283134
-0.84539366
-0.5565003
-0.49714547
-0.3039712
-0.5521243
-0.34410673
-0.3652585
-0.36477765
0.4693932
1.3288953
0.70965266
-0.16391985
-1.2139221
1.1111017
-0.29119936
-0.26832744
0.46655372
1.1328034
0.74237597
0.075989716
0.6837122
2.0102594
-0.13279793
0.28975484
-0.01184791
0.012673552
-0.5801188
-0.41730648
-0.63899356
-0.24105254
-1.2168508
-0.26269773
-0.5745143
-1.7686636
-0.5160076
-0.5409271
-0.6802689
-0.5375134
-0.9359067
-1.1463709
-0.690328
-0.52572113
-0.6986779
-0.31888157
-0.49299645
-0.051673423
0.55513906
-0.45353177
-0.7902471
3.626136
-0.44785547
-0.14734964
0.101288475
0.0063880193
0.74430436
0.68091106
-0.93793535
-0.9025918
1.4915107
-0.97289914
-0.05753457
0.6131888
0.37111312
0.12483513
-0.20961851
0.28268516
2.7055023
0.18527083
0.1435283
-0.041398898
0.30039418
-1.1374307
-0.27419144
-0.96074957
-0.12260897
0.26244846
-0.17427395
-1.025124
-0.047586653
-0.7972904
0.23209701
1.1805153
0.16248943
-0.72936624
0.7089603
-0.66806316
-0.9613543
-1.6572725
-1.1680932
0.33981523
0.30513847
0.2852478
0.27092832
2.562735
-0.24169075
0.28642574
0.06070091
0.1307399
-0.57320946
-0.5709835
-0.55823636
-0.7561253
-1.183658
-0.72762346
-0.35091436
-1.1019064
-0.3703402
-0.056890484
-0.15480973
-0.01630247
-0.12077502
0.88032395
-0.026212549
0.109453775
2.5950747
-0.034131557
0.6190677
0.14521128
0.17903453
0.5545756
2.2671437
0.4177678
-0.2755246
0.6983578
0.713544
0.6369933
0.38565803
0.5949228
0.3989976
1.9112605
0.28896663
0.47161555
0.3285855
0.49482098
-0.5519391
-2.0923655
-0.39346144
-0.41456217
-0.3553035
0.867711
0.09893836
1.8462611
1.5652863
-0.24517798
-0.4380362
-0.31049085
-0.44123703
-2.7165327
-0.017287089
-0.15553963
-0.11883116
-0.21467648
0.3040406
0.4613407
0.05871646
0.12015886
1.2378945
-1.665782
0.71839494
0.93212795
0.61585546
-0.047839575
1.5115522
-0.17612875
-0.79644597
-2.7488663
-0.6138614
0.40486166
0.6593651
0.4221564
0.024504349
0.1433107
0.02068968
-0.13769199
3.65366
-0.57183254
-0.05756047
-0.46787792
-0.014273856
0.40721092
1.6954623
0.32519996
-0.96031874
-1.4458547
-0.8685144
-0.40243232
-0.83320105
-0.29569095
0.31634912
2.0984044
0.24732363
0.19868766
-0.18838672
0.39992252
0.15097445
-0.13216478
0.3000234
0.5144846
-0.33965462
0.3474175
0.424232
-0.6097585
0.65139085
1.1333618
1.6733813
1.3448778
0.1975382
-0.55803335
0.015915764
-0.599888
-2.7218885
-0.18388169
-0.11822636
-0.10230631
0.15345372
-0.37149847
-0.5885713
1.989605
-1.3297418
-0.24619764
0.64097905
-0.50218666
-0.052552555
-0.11808268
0.18895523
-0.9863423
0.03221468
-0.041318
3.028303
0.26654783
0.11051059
-0.5093246
0.08815465
-0.29296935
-0.49800453
-0.26953393
-0.33519408
-1.882567
-0.13639843
-0.11069303
-0.4448945
-0.051793683
-0.89251226
1.4264672
-2.188532
0.040243756
1.6097478
0.8408253
0.42704472
-1.105882
0.79483306
0.2643799
-1.1888953
-0.9220216
0.60523975
-1.706788
0.05314079
-0.5943042
-0.9684606
0.3236822
-0.39747754
-0.7113903
0.20661598
0.2518266
-1.6074618
2.3560023
-0.32395068
-0.6593352
0.6972268
0.2269751
-0.5498327
0.30075213
0.09917615
2.9913044
0.28257117
0.0065324954
-1.0773461
0.10633019
-0.25630787
-0.06861525
0.035521302
-0.42314133
3.207334
-1.1011992
0.26387566
0.15611076
-0.10022845
0.6811185
1.6220652
0.64882535
1.2411301
-2.806785
1.1924425
0.4948073
0.17438553
0.4305176
-0.2252994
-0.63979983
-0.1368394
-0.59761053
-1.9570956
-0.39741728
-0.0809123
-0.43992457
-0.0748238
0.15313824
0.9207989
0.3470215
0.14482665
-2.8817227
-0.3212093
0.13275981
1.3901016
0.31344005
-0.6339337
-0.5824477
-0.009513291
-0.91174674
1.7278814
1.1815643
-0.25865072
0.48921922
0.70576304
0.34831
-0.23024456
0.25553825
3.1000855
-0.98634624
0.2977505
0.60355407
0.087094255
-0.19207741
-0.11139418
-0.57627374
-0.11616741
0.10899676
3.3062544
-0.4592074
-0.004622929
0.074184366
-0.09491988
0.3089713
0.34763882
0.31280622
0.6613918
2.361773
0.46843344
0.25181568
0.037706193
0.25964698
-0.2664647
0.60948557
0.37806773
-0.59821594
-1.5278015
2.0074575
-0.59621596
-0.68049234
0.38199964
0.00589259
-0.63761425
0.31669143
-0.04642787
-2.130529
1.248485
-0.14118643
-0.74645865
0.28537288
0.51966757
1.5276872
0.32653424
0.66136014
0.5927654
0.59988374
-0.23873504
-0.074558616
-0.20084989
-0.20064832
0.29628372
0.23912983
-0.69253093
3.0919366
-0.72672194
0.10574066
0.07946313
0.14544095
1.0926054
1.4594043
1.0535185
0.3045677
-1.3335452
0.4406961
0.49768806
0.088761196
0.34267604
0.03667317
0.05022007
0.04250475
-0.14805093
3.4752743
-0.339153
-0.1680419
-0.32988122
-0.050861612
-0.25822192
-1.1883465
-0.10886879
-1.3004358
3.8816905
-1.1276008
-0.2164249
-0.7950541
-0.16908485
0.17493953
-0.09461703
0.21793582
0.47125018
-0.5189054
0.34871528
0.40774566
2.3271887
0.19797531
0.7373325
0.42559323
0.065297164
0.6731164
2.4886975
0.46846992
0.2370015
0.34629437
0.5884579
-0.453822
-0.028495334
-0.29266217
-0.36550263
-0.59116447
-1.6052399
-0.88875455
-0.11994445
-0.8549521
0.5808464
0.85750395
-0.03523259
0.29413807
2.3228033
0.07653315
-0.013331771
0.3803812
0.28998882
0.44549182
-0.38119873
0.21581258
1.7117342
-0.32806677
0.05072506
0.6224507
0.4961478
0.20963097
0.14117853
-0.032439284
0.094400235
0.2588519
3.503603
-0.4812162
0.029680578
-0.20897748
-0.06298094
-0.34965497
-0.79606634
-0.25575596
-0.5893741
-2.116971
-0.23745129
-0.18628484
-0.34756193
-0.20515198
0.41332927
1.2826596
0.34114224
-0.3736335
-2.1984146
-0.3415614
0.21295005
0.7385137
0.18217571
-0.6887076
-1.4782783
0.3528481
-0.15675156
-1.2798227
0.02117997
0.33770663
-1.234492
-0.67957973
-0.9058981
-0.99433637
-0.6887665
1.2128463
1.0292892
1.0526203
0.8225709
0.32337132
0.703737
0.21922055
-0.0016409872
0.003421612
2.2626736
-0.10947116
-0.11153413
0.384188
-0.06437594
0.08374288
0.68637407
0.66131777
0.54726225
0.2295174
1.6996877
0.7598824
0.5509577
0.3102037
0.41082975
0.44723323
0.9607435
0.19374742
-0.50087184
1.4600686
-0.50846344
-1.3919475
-1.7842141
-1.5515234
-0.24487479
-0.36440784
-0.9668213
1.7820385
0.10542642
-1.4192587
1.1207864
-0.3981824
0.13870807
0.11147461
-0.29475594
0.0815117
-0.15241966
4.2201
-0.41151425
-0.13673143
-0.24582678
-0.06333538
0.5538093
-1.5679975
0.57231224
0.29786727
-0.35513902
0.21477957
1.0248059
1.6489743
0.86720127
-0.025866674
0.1117759
-0.15076706
0.32996413
2.7991707
0.033619054
0.19699658
0.23422222
0.19443128
0.36256582
0.47926578
0.35246107
0.49296728
2.3008256
0.311825
0.3826605
-0.14118029
0.525614
0.27994147
-0.06654933
0.30188555
0.54116297
3.1785502
-0.16636331
0.21778205
0.1449924
0.2389385
0.3831785
2.7418785
-0.005541237
-0.64890385
0.541245
0.42789325
-0.01090343
-0.0074389074
0.17807843
0.24503835
0.02391361
0.36841342
1.9379947
1.3015804
1.6139916
0.48454258
-0.09857024
0.4646748
0.56935
0.65540546
-0.18570708
-0.07930654
2.318807
0.1633322
-0.098822095
-0.37839174
0.014902609
0.22307065
0.8700151
-0.33608145
0.24406357
1.3497555
-1.0006897
-0.82209885
-2.0914376
-1.0201181
-0.32077068
-0.61308146
0.5238082
-0.24526423
2.6176205
0.6366734
0.022051372
0.6927614
0.29434866
-0.008441577
-0.53704447
1.8895884
-1.855295
0.87064344
2.896383
-0.18949415
-1.1128724
-0.06679284
-0.12957115
-0.089806646
-0.10497979
-0.4260893
-1.9902163
-0.3446105
-0.044424593
-0.25873283
0.01172225
0.16857162
0.32480732
0.0840771
0.50731206
2.3614492
0.4041425
0.12064613
0.32740197
0.07231419
-0.07315841
0.39568898
-0.20585622
0.75491416
2.730261
-0.72560316
-0.36057076
-1.0653535
-0.21606702
0.06772849
0.78793
1.4291618
-0.05266431
-0.7900047
1.4738936
-0.12499116
-0.13081254
-0.20304611
0.59550667
0.6749038
-0.7353086
0.5675937
-0.98788923
-1.1739897
-0.5557712
-1.1383204
-0.18115722
-0.13251169
-0.46701488
-0.056141436
0.019614376
-2.9482927
0.65063155
0.2102825
-0.3318594
0.123544455
-0.054749213
-0.20068039
-0.01625732
-0.25138
3.2198381
-0.31333402
-0.004981425
-0.13470761
0.051172554
0.558947
-0.66014826
0.29756516
-0.44481608
3.4313693
-0.71773016
-0.08669545
-0.05350259
0.15390562
0.20011003
2.165622
1.1210253
-0.30855432
-0.21858133
-0.07625177
-0.56155515
-1.9517646
-0.14820129
-0.28205237
-0.50353533
-0.10528021
-0.67808706
-0.9882787
-0.5293262
-0.3396216
-0.205384
-0.20790884
0.35910562
0.5655681
0.2799384
0.35664934
2.3825638
0.1722824
0.058643218
0.008978008
0.038293008
0.23851983
-0.5235271
0.27834103
0.33896643
3.1848345
0.23524489
0.21903053
-0.69067913
0.21420819
0.41955182
0.28039125
0.16684681
0.36483058
2.9071739
0.19210643
0.14693086
0.2182492
0.32974666
-0.25009257
-0.6761339
0.5079195
0.5014783
-1.9844126
1.3382602
-0.39826888
-0.956785
0.37695956
0.5665364
0.49298036
0.62041926
0.687395
1.241908
0.66551626
0.21272326
1.2069223
0.11478209
1.7450897
0.5594226
-0.15889901
1.2181766
-1.0593889
-0.81666815
0.9122024
-0.17355087
-0.63080615
1.0613681
1.64243
0.95181346
-0.11798892
0.7805717
0.026622742
0.57778883
0.55117446
0.53785664
-0.89322215
-0.6748776
1.6678662
-0.34956515
-1.0863595
1.1846316
-0.3627665
-0.4035712
2.2490551
1.1441711
0.90220684
0.9589965
0.7218686
-0.85717785
0.80793417
0.5115399
0.26139373
0.58621234
0.058385905
-0.7377853
0.4542344
-0.6764863
1.0482385
1.2383534
-0.13839231
0.8208102
0.6837902
0.45998776
-0.48690137
-0.15445194
1.2065839
2.7616327
-1.888959
0.3134513
-0.93714744
-0.20333973
0.1741235
0.4368223
-0.30063048
-0.5186942
2.7785351
-0.69932306
-0.019010685
-0.26101714
0.07883099
0.6129588
1.4131761
0.5943457
0.47006655
-2.5978642
-0.019178936
0.010885277
-0.47785577
-0.37170935
1.110606
-0.70470715
-0.28604457
1.1293082
-1.1829119
0.22611277
0.12444285
-0.5696783
-0.25193214
0.21626054
0.11558754
0.18354136
0.8848306
-3.0207248
0.88565403
0.3323403
0.23152284
0.2562935
0.044509597
0.2949925
0.20229001
0.031664673
2.6725686
0.67379415
-0.06627676
0.100274906
0.11338371
-0.20913401
0.19711822
-0.27798387
-0.14081484
-0.9549194
-0.06908485
-0.68440884
-2.0075808
-0.5984081
0.19335507
-0.13459638
-1.1759129
-0.021972412
-0.05528128
3.0346012
0.51622444
-0.61289454
-0.6369383
-0.009912831
-0.64296174
0.37531334
3.9755447
-1.0898818
-0.7482173
-0.10809524
-0.64994997
0.33494273
-0.75251865
-0.96715885
-0.66242534
-0.62006426
0.4896676
-0.69421405
-0.60329574
-0.6146129
-0.5400484
-0.19893663
-0.99423355
-0.24024814
0.03712045
-3.1202023
0.043436795
-0.14949486
-0.32756948
-0.14727694
0.46359324
0.19724637
0.4045124
0.4451935
2.6202397
0.015632495
0.43261364
0.38521075
0.2954653
0.22272532
-0.03192806
0.49121118
2.4205508
1.0152375
2.0937126
0.36257434
0.023101438
0.53500307
0.06622589
0.10198114
0.29302388
1.0359982
-0.07699083
2.2150526
-0.23733553
0.036081567
0.6815496
-0.46900937
-0.38912314
0.017025514
0.76341313
0.48073718
-0.9931157
1.9891315
0.62817
0.027489105
0.7065212
0.43837407
1.0475183
0.2699423
1.8052713
0.51821643
0.59839016
-0.027346583
0.64788806
-0.035696793
-1.0040582
0.065814614
-0.5715444
3.4880812
-0.947294
-0.10395089
-0.37696153
0.15372486
0.5000605
-0.44872093
-0.7946966
1.0819628
-1.5556298
-0.42179185
0.2790916
-0.6615792
-0.87217736
0.9675457
0.9156035
0.80465245
-1.3019347
0.043410167
1.1905158
0.50321907
0.6575556
0.5935111
0.18519977
0.5141322
-0.8530668
-0.5325963
-0.79219806
2.2014165
0.07165203
-0.30475706
0.38507873
0.83728963
2.3137372
0.48850125
-0.0014845253
0.06662386
0.17530574
0.06750698
0.41446155
-0.032843724
-0.44897586
-0.6437369
-0.3638027
-0.7335943
-0.54895484
-0.7156625
-0.35778296
-0.66620576
-0.24578299
0.13066123
0.5507574
0.47640228
-1.7715806
-1.5884626
1.727482
-0.47574362
0.32702258
0.6699666
0.43627593
0.2381074
0.4654315
0.5662481
2.36503
0.21506192
0.48673242
-0.37731788
0.55825406
0.42710352
0.53686726
0.35772362
0.6092535
2.0655625
0.30007932
0.23251335
0.069647826
0.22177751
-0.8130197
-0.21100625
0.9349663
-0.108353436
-2.3392024
-0.3091395
0.5126485
0.021073904
-0.5902396
0.29027662
-0.3353313
0.060214594
-0.4893733
3.091537
-1.1485443
-0.33084217
0.4007194
0.2852477
0.07076001
-0.7299457
0.12983452
-0.55157363
-2.2280016
-0.3482569
0.060885724
-0.5629542
0.115439236
0.6708219
1.1905284
0.6239659
0.31409407
0.81897694
0.8916827
0.4918062
0.08423021
0.34762466
0.06469938
-1.4347868
0.5470426
0.6213136
2.9928572
0.08509571
0.047984462
-0.27596503
0.17824772
-0.48675424
-0.3742512
-0.43227363
-0.29558197
-1.2793202
-0.12339903
-0.55270064
-0.32670668
-0.63082486
-0.3023212
-0.7663641
0.3968774
0.13282189
-2.6175876
0.1261892
0.29877013
-0.46741766
-0.46051565
0.23204985
0.4077866
0.3691622
-0.85459757
-1.3784212
1.7609686
-0.3257021
-0.4463146
0.6364611
0.28567395
0.1908367
-0.11406888
-0.8729338
-1.3486984
-0.8071407
0.091487154
1.1776019
0.19078596
0.29458925
0.42446986
0.31241977
0.39997497
2.1166127
0.15287334
0.34733048
0.43061098
0.32023773
-0.820856
-0.0030974264
0.18205652
0.74974626
-2.1991732
0.7491862
0.76763934
-1.005743
-0.050264224
0.091843575
1.3646635
0.15173218
0.40614587
2.0679626
0.30513805
0.18181743
-0.3604548
0.14177704
0.35815117
-0.011292497
-0.25468478
0.55244833
2.0962875
0.46299592
-0.52470565
0.60943407
0.90784276
0.013787891
0.0044195796
-0.08706689
-0.2744998
2.7725217
-1.7149745
-0.09652815
-0.33121622
-0.10689301
0.33679792
0.1957119
0.5409463
-0.10391222
-0.7887799
0.9991549
0.6966407
0.9502883
1.0259587
0.24241197
0.7877939
0.2219913
0.7794369
-2.5782151
0.14342712
-0.04290696
-0.5836041
-0.4986445
-0.42035303
0.94407636
0.54459906
1.0976243
1.495851
-0.14256085
0.8775686
-0.19520883
0.4226129
-1.0087868
-1.5983276
-0.85976285
-0.49199033
1.8566475
-0.2176599
-0.022879582
1.1240029
0.50522596
1.0927278
-0.83619255
-0.7982684
-0.26918712
1.4078017
1.9642181
0.30987278
-0.23886882
-0.101953596
0.17952746
0.2791898
0.21897258
0.39868364
2.0283022
0.20544636
0.19628891
0.34349507
0.1520599
-0.17553835
-0.25799188
-0.11234797
-0.21334822
-2.9243603
0.13433285
-0.25953722
0.14308114
-0.118367076
-0.17676815
1.1321557
-0.13949461
0.100685485
-3.458858
0.093969494
-0.3532584
1.1797614
-0.32862157
-0.008560429
0.058343064
0.3683251
1.1428168
1.5467547
0.23721047
0.2727057
1.0937296
0.38640553
0.01567397
-0.21381292
0.12547413
-0.008271356
4.0020432
-0.4219573
0.14773315
-0.0859461
0.17439625
-0.31522182
-0.9799637
-0.2871179
-0.24445511
-1.365528
-0.15972394
-0.35639483
-1.3193913
-0.2647962
0.2954816
1.3598791
0.49915382
1.541859
-1.0483391
-0.3145481
0.4267335
-0.36376214
-0.23804969
0.32958186
-0.09209955
0.41968733
0.4152177
-0.37439293
0.5704671
0.65690386
2.0824811
1.0588465
0.08379902
-0.62343276
0.16118194
-0.21239822
4.4126005
-0.44169506
0.041161124
-0.08163115
0.04922428
-0.060773302
-0.44012573
0.028697772
-0.07995684
4.146003
-0.17241749
0.2527447
0.042778086
0.426165
0.049705815
-0.4849144
0.19412507
-0.55094105
4.8008947
-0.6440956
-0.109571666
-0.58351237
0.053458426
0.08700338
-1.0046009
0.7824633
-0.5749897
0.14796227
1.8698648
0.24019583
0.80211806
0.40806794
0.04313021
-0.070523895
-0.09930464
1.3140519
-2.4029992
0.742781
0.13953128
-0.72195876
0.14963368
0.66634405
-1.3725754
0.4329457
0.50960517
2.0158381
0.43616465
0.19903287
-0.8184278
0.176222
-0.5314264
-0.70101905
-0.28409418
-0.09361945
-2.1241436
0.72274655
0.5481589
1.8964852
0.8145801
0.81990016
1.5799258
0.49249345
0.7990456
-1.7911674
0.37361562
0.45721334
-0.14272831
0.36233798
0.6731157
-0.2672961
-0.031835563
1.9043576
-0.21617723
0.024775665
1.2272364
-0.092070736
-0.1294545
-0.39434654
0.06577602
0.15959713
-2.360389
0.044658497
2.7796273
-0.13316268
0.015076869
0.07395095
-0.48741812
-0.43045655
-0.6357947
-0.67315245
-0.70494694
-0.7736849
1.0517299
2.2772312
1.1222063
0.5511561
-0.1430827
0.37076578
1.8610878
1.7516727
1.6583511
0.5685318
0.02128353
0.28995582
0.22306743
0.41170412
0.2497953
0.37097105
2.4402013
0.188389
0.22316724
-0.1400793
0.18106201
0.17507091
0.28117108
0.18932746
0.4843496
2.2920938
0.1903628
0.22283433
0.12606572
0.29187644
0.025230277
-0.5082584
0.7294387
-0.089593686
-1.891619
1.4865001
0.010668413
-0.27760163
0.6467442
-0.14467542
-0.7422078
-0.06928128
-0.71278745
-1.4210663
-0.5371861
-0.23270138
-0.76028425
-0.13868797
-0.12662606
-1.239468
-1.503924
1.5156481
-0.34455353
-1.0993321
1.0929476
0.85174906
0.3032997
0.3703346
-0.052288678
0.28632236
0.18816468
-3.451372
0.33984455
0.17334421
0.2923902
0.062159147
0.6726072
0.68369865
0.71223116
0.5702531
2.0171525
0.3977525
0.37122488
-0.15590653
0.3636323
0.0054256152
1.7606887
-0.4302146
-0.07504228
-1.5185072
-1.0652506
-0.45975113
-0.35286602
0.3717494
0.56320196
1.0757741
0.4939579
-0.13442264
-0.02353997
0.02988965
-0.16811068
-0.21800606
-0.26242283
0.43523437
0.46136075
0.42641053
0.39592263
1.6418695
0.07929254
0.42963356
-0.039350424
0.33954424
-0.30290318
-0.6997897
-0.39799902
0.28666207
2.869127
-0.74890655
0.14858578
0.26261574
-0.3654575
-0.6118658
-0.3011003
0.57568145
-1.8293908
0.45906502
1.5823361
0.020939812
-0.24796492
-0.02655305
0.2397595
-0.31720042
-0.43275756
0.19301018
1.203531
-0.64844334
0.81758183
1.5874405
0.08599481
-0.8276057
-0.6338053
0.53256685
-1.1603717
-1.3645824
1.5672854
0.14336954
0.7297547
0.75571
-0.5798308
-0.69841737
-0.6457021
-0.53927183
-0.067925155
-0.6051756
-0.6496078
-0.9072328
-0.42479962
0.5018434
0.07336794
0.56847924
1.7098286
2.3129559
1.8787872
0.33796158
0.1746338
0.67499703
-0.36105835
-1.0002562
-0.27731276
-0.615727
3.3484616
-0.8273204
-0.32804665
-0.10659172
-0.36236104
0.20636427
1.0656841
-0.43192786
0.29355192
-2.427339
-0.44787514
-0.28074625
0.8098726
0.91958606
0.4395911
0.35203156
-0.074853644
0.14279178
2.5215466
0.16822694
-0.03477013
0.4757379
0.251889
0.6277791
0.4696046
0.50035006
0.8744395
1.7565056
0.4522735
0.47932178
0.3905385
0.37253863
0.3641592
-0.18280393
0.49083218
0.4647249
0.96319276
0.44853684
1.0641198
1.7067277
0.7330614
-0.5715682
-0.46840233
-0.515911
-0.6441897
-0.7206083
-0.5132471
-0.63114816
-0.44518322
-0.5661149
0.13687862
-0.124460295
0.23113053
-0.21714492
3.3977873
-0.41532865
-0.07137851
-0.6701579
0.12594938
-0.010884368
0.57524693
-0.038760133
-0.9361846
2.4573588
-0.87877345
0.57798153
-0.19595864
0.2530993
-0.5118228
0.0407691
0.12470826
-0.92634434
-0.3785316
2.1211216
-0.7150734
-0.077324785
0.08626131
-0.5894834
-0.65663445
-0.10104115
-0.13051224
0.26788232
0.6382017
-0.19091693
0.18504646
2.5004785
1.4549754
-0.20634893
-0.24441648
2.0743477
-0.16157499
0.016676147
-0.29351956
-0.19374052
-0.200866
-0.43826532
-0.1148237
-0.26242208
-1.5171299
-1.1450684
-0.26863092
-0.46947342
-0.3607536
-0.26732168
0.57684135
0.64081085
0.36201915
0.55981094
1.9232175
0.59264624
0.38190073
0.75329596
0.3534636
0.1725288
0.16911732
0.16190931
0.16283889
2.901803
-0.0011537122
0.22186589
0.035534922
0.13455398
-0.2910811
-1.3170912
-0.75758886
0.13571735
3.2676504
-0.21181248
0.35121733
0.81361026
-0.0032881116
-0.38166684
-0.061095618
0.3208741
0.3309496
2.728386
0.23683783
0.31398866
0.4545831
-0.10750156
1.2492702
0.29737777
-0.5473901
0.14301504
1.3678803
1.0568905
0.29961026
-0.5284354
1.1234901
0.008565866
0.7005387
0.5596378
0.8480884
1.5110675
-0.9985301
-0.46618116
-1.8284938
-0.5913151
0.18346131
0.3820736
0.28773135
0.28001827
2.407323
-0.038829956
0.07834221
0.6838281
-0.07191239
0.26584762
1.3268082
0.77397937
1.7862643
-0.036798816
-0.12106703
0.7976897
-0.12416124
0.3136584
0.22593895
0.19249369
0.26513186
0.5831515
2.7987862
0.2033865
0.3775209
0.5890556
0.24367477
0.69646335
2.0374095
0.9429193
0.6509931
-0.7105532
0.37397218
0.17123279
-0.08695687
0.048622545
0.6432251
1.476802
0.37017322
0.5352304
1.653572
0.42448962
-0.3637215
-0.29137796
-0.13981925
0.6922836
2.6141083
0.46958923
-0.53883654
0.23507407
-0.3956329
0.060242865
-0.6115895
0.12316176
-0.13224587
0.81927013
0.7403409
0.27788535
2.4726844
0.04715722
0.055727128
-0.03257865
-0.15943456
1.0687695
0.868063
0.8812854
1.1724918
1.3287333
0.0972865
0.20898214
0.0704537
0.6386957
0.55702716
1.9987638
0.411367
-0.52344275
-0.7377284
1.094379
-0.17404065
-0.60202616
0.051613916
0.28026706
1.0076038
0.28219873
0.25917244
2.2272868
0.08061529
0.23795499
-0.010201187
0.2179453
-0.59121335
-0.6683483
-0.5437419
-0.46930513
-0.60658634
-0.3716464
-0.8121961
-0.3408279
-0.7214677
0.46058285
0.6908803
-0.15732898
1.5202392
-0.087082095
-0.34121194
0.57300675
1.2214929
0.4864098
-0.18367963
-1.2146426
-0.6929388
2.0269778
0.9905299
-1.1432378
1.3040389
-0.07234741
-0.22235145
0.09674342
-0.43720907
0.29222462
-0.11923573
3.5530486
-1.0317063
-0.011943656
0.05502661
0.02349984
-0.4129026
-0.8035555
-0.44972438
-0.17445901
-0.94690764
-0.05911679
-0.23181216
-0.8936044
-0.33861074
0.021227729
0.3002808
1.0078534
-0.3459633
0.30556893
2.248335
-0.011294901
0.2870597
0.17697385
0.36699903
0.22763883
0.28661677
0.22072974
3.0963717
-0.08354163
0.37715474
0.15587704
0.3007678
0.6926391
0.9826091
0.46218115
0.0031977491
1.7473922
0.21503839
0.5492052
0.92973554
0.5206529
0.3749389
0.22533481
0.40312186
0.3421002
1.9249827
0.08345028
0.23618199
0.35206097
0.21188267
-0.09321075
-0.3665601
-0.1881495
-0.04444317
-0.6685604
-0.41802418
-0.46770114
-0.611895
-1.1582626
0.44355598
0.43109816
0.071760245
1.9563665
-2.208409
0.98494875
0.60219747
0.09012917
-0.021210732
-1.0396456
-1.159134
-0.058632754
-1.4416808
0.43036216
2.5650783
-0.118391596
-0.18910156
1.3215994
0.18329497
-0.3868945
0.07781772
0.10070884
2.3586667
0.12417922
0.31304985
0.105656296
0.25539732
-0.24393237
-0.5994887
0.45097888
2.702369
0.8448524
-0.12786363
0.7842367
-0.27048722
0.3551279
0.45064887
0.6425063
0.45109442
0.60544765
2.0715585
0.13923126
0.2394567
0.3570347
0.21043546
1.2075692
1.4406004
0.44405228
-0.006110484
-0.46990284
-0.25633
-0.6085482
-0.1439288
-0.46859226
0.13033578
2.376771
0.5759664
-0.50519925
-1.7610235
0.2000496
-0.24722731
-0.2353191
0.13163449
-1.448645
-1.6805261
-0.406319
-0.6279708
-0.3356673
-0.12113326
-0.30287406
-0.12359019
-0.23317602
0.13584606
-0.17463118
0.07799061
-1.1982157
-1.7614061
-1.3069829
0.050273962
0.16434923
0.18569684
-1.3061624
-0.8385755
0.6942135
-0.99020636
-1.4320306
1.1488317
0.50703144
0.9283793
-0.15196277
0.14027709
-0.92263806
-0.46387637
-0.2985638
2.4085147
1.4738368
0.2595237
-0.8718812
-0.6221086
1.5877635
-0.7068844
-0.597021
0.96383023
-1.0470774
-0.16989091
2.0094924
-0.2560722
-0.32509997
-0.017689498
0.108253665
0.2670478
-0.028353466
-1.1343298
0.787403
0.25469056
2.6689565
0.4334497
0.17387947
0.14724304
-0.06630404
0.6336997
2.750772
0.29792687
-0.08267646
0.3008011
0.14011188
-0.6099636
-0.8006262
-0.49930966
-0.33784196
-1.3805496
-0.222777
-0.7289672
-0.7120218
-0.5975391
0.52330166
1.4615982
0.49426976
0.8077949
0.36455604
0.8429681
1.0523146
0.0956731
1.0468268
-0.39769018
-0.6824054
-0.21657604
-0.2482333
-0.2175602
-0.35750112
-0.93892145
-0.7789437
-0.9324621
-0.252754
-0.47106382
-0.22460666
-0.84556246
2.6792743
-1.3625591
-0.03452246
0.12602746
-0.2480651
-0.029096307
-0.7816379
-0.14765717
0.6523047
2.92834
-1.7301733
0.28195235
0.16935042
-0.37751836
0.27467677
0.2476612
0.20364036
0.28462097
2.5287428
-0.07117058
0.07394615
0.07691145
0.15404277
0.656721
1.7656488
0.2716844
0.8631019
-1.4119737
-0.31318253
0.16348448
-0.6863211
-0.37174085
-0.3872198
-0.6795386
-0.43375313
-0.96245056
-1.5376699
-1.003282
-0.442641
-0.5790794
-0.3573567
0.56623536
-0.13900642
-0.7770821
-0.4074783
-2.0096686
-0.33572724
-0.6539328
-0.35219502
0.8446762
-0.13000149
-1.3586591
-0.15681556
0.871701
-2.113929
0.59133106
0.27647188
0.5853599
0.1954997
0.5291864
0.5989307
0.47692266
-0.19906466
0.43786857
-0.26447698
1.1494223
1.2338699
0.82964814
-0.21424465
-0.16627292
0.8639808
-1.2220621
-2.4029865
2.0484002
-0.00974625
0.5286736
0.8473987
-0.7146686
-0.37693316
0.108789265
1.230625
1.3896133
-0.3995841
1.0583234
0.9911282
0.2222279
0.32385358
-0.53864515
-0.6197388
0.9075946
-1.7298782
-0.94510734
0.4166186
0.77661973
0.26301968
0.4977013
0.3942173
0.06378612
-0.52217644
2.4496596
-0.9820333
0.06026971
0.09270182
0.30908474
-0.48677722
-0.3577501
-0.39286613
-0.8550398
-0.6939869
-1.1165231
-0.5537731
-0.27406102
-0.43937472
-0.28051507
-0.7092451
-0.15233499
-0.8597127
-1.3890458
-0.9242543
-0.14748877
-0.64736414
-0.11424629
0.6146201
-0.5671875
-0.090570554
2.2381303
0.09962057
-0.37473294
-0.006931085
-0.08171925
0.11649307
-0.0012976668
-0.45098808
0.8219594
-0.096497014
-1.9127551
0.93436253
0.5954631
0.92942476
1.1396338
1.359865
0.64902174
-0.6048538
1.0802369
0.55315953
0.10517234
0.4330565
0.280626
0.15989308
-0.057350628
-0.37193057
-0.043586295
-0.2750299
3.9967825
-0.41521645
-0.21437648
-0.025620671
-0.08177913
0.10358312
0.19594912
-0.21613756
-0.58468556
3.2324529
-0.82750005
-0.111190796
-0.25861448
-0.021005033
0.591391
0.80643564
0.22252338
-0.09210965
0.39717403
2.4667888
0.5206245
0.44028535
0.51950055
-1.142658
-0.15169574
-0.41693637
-1.775828
0.3451285
0.6311947
-0.4409725
-0.11874031
-0.51615894
-0.15335053
-0.20613666
-0.04118277
0.0046163066
3.4507723
-0.23502025
-0.055641823
-0.3048854
4.5978097e-05
0.5575069
0.5101835
0.4280371
0.47188646
2.1937163
0.103960834
0.32326072
0.32856798
0.3340351
-0.30464494
-1.3493072
-0.050517622
0.06522018
1.5017076
-0.11414975
0.4819179
1.3074955
0.40887842
-0.43926197
-0.7935964
-0.41442853
-0.67861605
-1.5279987
-0.5914305
-0.34070587
-0.54972893
-0.26310748
0.37306997
-0.6864772
-0.054180775
1.2227614
1.5711242
-0.92964154
0.78218514
0.9962927
0.36562416
0.6113319
0.6860933
0.5719061
-0.16386653
1.1161056
0.91782546
0.8684222
0.6168889
0.26683834
0.33004588
-0.037326913
0.4434121
0.29247278
2.3364987
0.092204496
0.20781022
0.48409805
0.25609696
-0.122598
0.035613757
-0.02617306
0.058829818
2.1662526
-0.04939405
-0.85905886
-1.0733078
-0.84494346
-0.18298975
0.6258505
-0.29499236
0.44955885
-0.4718444
-1.5606207
-0.42891803
-1.8683045
0.95201707
0.26334277
0.4066875
0.4104503
0.34662375
1.9844189
0.17648935
0.3721114
0.4290933
0.29539606
0.1746934
0.6831631
0.19769832
0.35800758
2.2466357
0.19282363
0.19426155
0.089922085
0.22635603
0.36852342
0.33843833
0.26156062
0.5353098
2.319507
0.27098283
0.3507318
0.46651706
0.32473817
0.6711649
-0.23924235
0.1277948
1.462052
1.282306
-0.47461805
-0.7683156
-0.32303828
-0.147798
0.9175856
0.06368165
0.13995938
1.1832956
-0.32693878
-0.51940155
1.8867738
0.96853507
0.2931446
-0.31335625
-0.41240925
-0.28589046
-0.48564556
-1.686873
-0.29231852
-0.3562049
-0.6291082
-0.42685035
0.027672468
-0.38818482
0.04236064
-0.3178056
3.9366384
-0.70003146
-0.17553827
-0.18359253
0.026869304
0.69625586
-0.42034805
-0.3916722
0.04566684
3.6864152
-0.23386686
-0.28786206
-0.1577266
0.4376902
0.078852884
1.9250529
-0.082403086
0.00090892264
1.2011819
0.050894294
0.30585772
-0.28672048
0.34766066
0.38137427
0.44174102
0.56195927
0.36999452
2.407879
-0.019516155
-0.11772249
-0.060713626
-0.060770273
0.5133458
0.048959132
-0.11954138
1.3074771
-0.09051373
-0.43397868
1.3064744
0.8233304
0.37586197
0.029748406
-0.86841697
-0.045466043
-0.23280947
6.096314
-0.41575634
0.002631681
-0.96005553
0.097762465
-1.0357945
-0.75170994
0.25538945
1.4154193
1.7527219
-0.28266242
-0.37837914
-0.8632665
0.17060836
0.07309659
-0.89926565
1.3053693
0.12864256
1.9328136
1.121929
0.8213012
0.3219092
-0.4973574
0.013736439
-0.2302722
0.029068546
0.09993508
3.6365554
-0.2604579
0.081494845
-0.029255785
0.12574229
-0.13064857
-0.5949211
-0.18800019
-0.550809
2.8384755
-0.41781297
-0.26351017
-0.18152958
-0.5598154
-1.2403648
1.2806411
1.4888465
-0.64603513
0.27283955
0.15241893
0.666243
-0.3175178
-0.4811006
0.1155386
0.04887584
0.06672173
-0.7332779
2.785415
-0.9079504
0.037613552
-0.03209933
-0.06199317
-0.32250205
-0.22106662
-0.08699879
-1.5711862
-1.0819408
-1.5592239
0.152557
-0.17120413
0.16127956
-0.7072945
-2.2689648
-0.94341534
0.6202824
0.118601486
-0.20833094
1.1550775
1.731231
-0.008972247
-0.2655714
-0.54566336
0.52629143
-0.12325619
2.3130991
0.6720688
0.19793305
0.5594734
0.1574323
-0.21518083
-0.4402264
-0.17728503
0.039231744
3.216144
-0.64379245
-0.13606033
-0.27294737
-0.2294825
0.27184522
0.15906824
-0.0031503434
-0.8599555
2.9405787
-0.9694573
0.12675965
0.30617297
-0.094448626
0.51144737
1.6749527
0.40191934
0.367392
1.5085219
-0.012992031
0.21834466
-0.1328103
0.3271111
0.50292736
1.7020149
1.5075613
0.07966923
-0.40314853
0.4809359
0.18216155
0.116043866
0.2280408
1.0678141
0.56177706
-0.50304073
0.73951256
2.3824584
0.09892877
-0.3639409
0.11322671
0.20733792
0.14511286
-0.47138515
0.056576908
0.5410064
2.0967278
0.39439982
0.043438945
-0.58772564
0.17713284
0.39054695
0.77112895
0.3293344
1.3038452
0.88147414
0.51144534
1.0548866
-0.8151201
1.0374774
-0.79124695
0.09824352
-0.47947115
0.8852326
1.9736341
0.73197657
0.53881115
0.96260774
0.53995675
-0.6288646
-1.1509492
-0.513731
-0.22068042
-0.7112835
-0.2268248
-0.3395524
-0.25151366
-0.3503653
-0.6919334
-0.32958883
-0.77331895
-0.30620503
0.0013548714
-0.32128403
-0.7801585
-0.25012463
-0.7199195
0.62580943
0.46794334
-0.118228145
0.9432332
2.1028867
-0.26917902
0.14348719
-0.16030411
-0.30788553
-0.116494834
-0.81812966
-0.1950166
-0.95502967
4.1770678
-1.0937266
-0.1348891
-0.8480962
-0.14475824
-0.39105132
-0.7616806
-0.66696775
-0.23514411
-0.90467113
-0.2496363
-0.2606072
-0.50705576
-0.08369787
-0.41897452
-0.13330615
-0.4961708
1.100166
-0.39595908
-1.985145
-0.3378114
-0.48036116
-0.72331417
-0.11789292
-0.20466992
-0.09444291
0.012593832
-3.4786355
0.18398058
0.06421877
0.27004033
-0.002558773
-0.42067772
-0.27587673
-0.43543932
-1.0893909
-0.6969025
-0.7711031
-0.6466873
-0.2748035
-0.5885112
0.042047214
-0.36105
0.059482653
-0.42905602
-2.9259715
-0.23783277
-0.04018644
-0.32625163
-0.016312826
1.1544284
-0.6956837
0.0415964
3.636929
0.44714373
-1.8350419
0.28979138
-0.9725913
-0.2174828
0.6699264
0.36574602
0.6360386
0.27125415
-2.2541037
0.8353656
0.6227403
0.8910698
0.41923046
0.60398316
0.24645197
-0.08884807
-0.032287404
2.3709166
0.32851455
-0.02187977
0.9792061
0.48132184
-0.22252667
-0.32374513
-0.77434415
1.4599627
-0.30598158
-1.5098338
0.14492957
-0.25007144
-0.8358171
-0.19059443
-0.5501376
-0.77825725
0.011119011
-0.7357099
-0.8995011
-0.06516861
-0.013614455
-1.0587838
1.1015339
0.5484098
0.63448495
0.99368834
1.7350494
0.16179268
0.7308019
-0.0349053
0.6742972
0.49845412
0.8790744
0.45498896
0.60710454
-3.2579558
0.6244309
0.24830073
-0.16479783
0.02869206
-0.094952084
0.7224955
1.3274058
-0.3775726
-0.14438176
1.9074672
-0.082042865
-0.49768615
-0.27823034
-0.28645703
1.088068
0.82867974
-0.5216005
1.1612716
0.84166354
-0.107818075
-0.8073914
0.16604614
0.3480521
-0.3000818
-0.048888907
-1.6706953
-1.1449004
0.19976065
-0.54704607
-1.1066644
0.07340627
0.80847156
-0.74204046
-0.9453999
1.3384331
-1.3873519
-0.5834256
-0.3004015
0.5807163
0.27464813
1.996097
0.8132978
0.5958529
0.75352484
-0.57888865
-0.2222709
0.4676367
0.01925723
-0.0980423
0.15347607
-0.049421098
0.15360269
0.50391066
2.7059922
0.006290432
0.13804999
0.18015043
0.04191323
0.089623645
1.5645621
0.01191402
0.09237892
-2.312163
0.10733206
-0.15107952
0.10356978
-0.074456066
0.16785747
0.24490671
0.19083284
0.4793074
2.5346642
0.18659514
0.20796819
0.267954
0.21082316
-0.63681364
-0.618588
-0.4906548
-0.49316606
-0.45148015
-0.6735568
-0.39061287
-0.48557234
-0.57804525
-0.43242857
-0.6208752
-0.64336914
-0.74348116
-0.9691615
-1.0500603
-0.44225517
-0.6955822
-0.6373958
0.29015285
0.24488233
0.08517886
0.6254141
2.145034
0.1001757
0.36741313
0.38934374
0.35845733
-0.18425399
-0.5926669
-0.051803812
-0.04935197
0.8222018
0.24232939
0.5670929
1.8067634
0.6555395
-0.15659101
-0.9271697
-0.32055
-0.33415928
-2.420338
-0.26823193
0.10268586
-0.4344368
0.11097839
-0.057599116
0.09596877
0.2409357
-0.83956355
1.6512392
1.549449
0.073125035
0.03856463
0.5176536
0.41317964
0.20657285
-0.8757961
0.30561632
-3.1830387
-0.357958
-0.5718436
-0.07197113
0.75201005
0.20277837
-0.22224157
0.62696594
-0.124306105
2.1436965
-0.02623633
0.2731636
0.6402381
-0.6287392
-0.13033643
-0.5805389
-0.7379493
-0.6343144
-0.4785279
-0.59276295
-0.62562126
-0.44862306
-0.14016907
0.44391823
0.595655
0.398129
0.4866383
1.7628273
0.42837688
0.6101102
0.5892755
0.412445
-0.010016822
-0.87621003
0.03780592
0.75694185
2.5885067
0.70102286
0.15105666
-0.51750416
0.033314828
-0.14175455
-1.2894526
-0.15706526
-0.035699252
3.0917284
-0.4882954
-0.11762572
0.43023375
-0.11914975
-0.94738704
-1.2000227
-0.21965125
-1.384303
1.6495067
0.30428025
-0.46630204
0.82342684
0.6523089
-0.08575449
0.43752086
0.38483948
-0.23034832
1.5299857
-0.6824239
0.648497
1.3840579
-0.09461263
0.46827367
-1.6692804
0.4244872
0.6974844
1.1323426
0.6096935
0.6772902
0.569635
0.6406747
0.2750288
-1.5389963
0.34417388
0.80457246
1.4874343
0.67896247
0.2875184
1.0154984
0.29639283
-0.5136638
0.12784678
0.68417543
0.023441404
2.3546324
0.43003944
0.15650716
0.35028523
0.57515985
-0.3273586
-0.8831432
0.071611226
0.0045383195
2.2464128
0.3991733
0.41263297
0.6532485
0.3812899
0.4959886
0.04839554
0.6742061
-0.042802088
1.5097976
-0.1379258
0.8549577
1.3589076
0.76514906
-0.38941002
-0.5506081
-2.4026642
1.1281182
1.1422333
-1.7367451
0.945467
0.40900844
-0.5371469
-0.12868063
0.20236623
0.19788952
-0.80014676
-1.7669826
-0.63064516
0.68513674
0.9424624
-0.088462755
