3.0345311164855957
2.408834218978882
-0.9964745044708252
0.8645276427268982
0.347418874502182
0.3138977885246277
-2.2326483726501465
2.031649351119995
-1.5316145420074463
0.3003218472003937
2.4558281898498535
2.336235761642456
0.32349300384521484
2.430063486099243
-0.47440674901008606
0.3260995149612427
0.16348230838775635
0.22127565741539001
-1.5240801572799683
-0.010602612979710102
-1.3307273387908936
-0.9122979044914246
0.25582054257392883
0.22885803878307343
2.98187255859375
0.32416921854019165
0.8626833558082581
0.09800224006175995
0.2713490426540375
0.32825934886932373
0.3177322447299957
0.27425169944763184
1.0505945682525635
0.3138619065284729
0.8654223084449768
0.07794199883937836
1.562575340270996
0.25786373019218445
1.8659604787826538
0.29317188262939453
-0.7333643436431885
-1.262255072593689
-0.9012362360954285
0.3208644986152649
0.38750433921813965
3.3258235454559326
0.10367418080568314
1.1536673307418823
-0.7445153594017029
0.3297688663005829
0.23992443084716797
-1.038797378540039
-0.18171347677707672
0.20376810431480408
-0.38987231254577637
1.5516866445541382
3.2068276405334473
0.26182860136032104
-0.842322587966919
0.06254175305366516
0.7149738073348999
0.24024473130702972
1.8413996696472168
0.30373018980026245
-0.17136402428150177
2.206153392791748
-0.5977396368980408
-1.5604612827301025
0.3966628611087799
0.9636892676353455
1.6851844787597656
-0.821587085723877
0.04343840852379799
0.26287510991096497
1.9414093494415283
-1.3777389526367188
-1.2245475053787231
1.2775554656982422
2.835564136505127
-0.029674086719751358
-2.0893778800964355
-1.567380428314209
-1.5580296516418457
-0.8584456443786621
0.23124875128269196
0.19458620250225067
2.4197704792022705
0.24375510215759277
1.928794503211975
-1.212551474571228
0.31909918785095215
0.3258311152458191
-1.9271440505981445
0.24087443947792053
1.96743905544281
0.19976089894771576
0.3558187186717987
0.1967443972826004
0.5591696500778198
-0.05223620682954788
2.8801088333129883
0.3605906665325165
-2.2914209365844727
0.3452087640762329
-1.3879674673080444
-0.8040065765380859
-1.3736146688461304
-0.7824111580848694
-0.23919135332107544
-0.5582781434059143
2.3411383628845215
0.2796201705932617
2.739988327026367
0.42922505736351013
0.2373221069574356
0.30540865659713745
0.057427410036325455
1.1965824365615845
0.2591787278652191
1.162527322769165
0.8036391735076904
-2.1014182567596436
-0.2775462567806244
2.0383214950561523
0.55859375
-1.5605278015136719
2.3703927993774414
1.3993456363677979
0.3147118091583252
-0.22283807396888733
-2.0144760608673096
-1.736668586730957
-1.9552903175354004
1.1591860055923462
-1.1861549615859985
0.14933034777641296
-0.16953465342521667
-0.7832179665565491
2.156592845916748
0.38355952501296997
-1.8496583700180054
0.2682974934577942
0.23719197511672974
-2.0230536460876465
0.28321611881256104
-1.3928409814834595
-0.8878854513168335
0.25187915563583374
0.3468477129936218
3.543820858001709
2.101897954940796
-0.6235599517822266
-1.9758636951446533
-1.8321404457092285
-1.4530309438705444
-2.0035078525543213
0.2705681025981903
0.49889808893203735
-0.1982416957616806
1.065679907798767
-1.0957770347595215
-0.018907885998487473
-2.405756950378418
0.33482009172439575
-1.4952071905136108
-1.415960431098938
0.24389377236366272
-0.29563209414482117
-0.7867097854614258
-2.4557738304138184
-0.6654105186462402
0.8647964000701904
0.4543472230434418
0.7906137704849243
-0.1300428956747055
2.3375396728515625
1.8692163228988647
0.24750865995883942
2.1624298095703125
-0.8065208792686462
-0.29065993428230286
-1.6032376289367676
3.019552230834961
-0.20184972882270813
-0.668112576007843
0.592705249786377
-1.3615378141403198
0.2945669889450073
-2.2048628330230713
2.336013078689575
-0.08573883026838303
0.3223845362663269
0.2364351898431778
-0.42832329869270325
-1.5927003622055054
1.9959230422973633
2.652510404586792
-0.6656821370124817
0.31720760464668274
0.2673921585083008
0.29557472467422485
-0.5507862567901611
-1.662819743156433
2.820021629333496
1.6377620697021484
-2.3362178802490234
0.3211595118045807
0.3652895390987396
0.3380796015262604
0.4409664273262024
-1.297576904296875
-0.8735682964324951
-1.3813304901123047
0.17305991053581238
0.3048724830150604
0.11241646111011505
2.831083059310913
2.1860334873199463
0.39545440673828125
0.26438552141189575
0.25961118936538696
0.3600890338420868
-1.7218365669250488
-1.068753957748413
-1.8743937015533447
-1.0878969430923462
0.2836683690547943
0.195588156580925
1.1282650232315063
0.29326438903808594
-2.2146551609039307
0.5862195491790771
0.3732047379016876
0.2424924522638321
-0.46857213973999023
0.4427756369113922
0.10388188809156418
3.1302735805511475
1.996307611465454
0.1173560693860054
-1.6541171073913574
1.9037595987319946
0.23676620423793793
-1.2333208322525024
0.31989702582359314
0.22623425722122192
0.2742616832256317
-0.19699180126190186
0.1418127715587616
-0.14804182946681976
0.19878089427947998
0.5350240468978882
-0.048714183270931244
0.2756083905696869
0.2821101248264313
0.14595814049243927
0.7142665386199951
0.3220498263835907
2.055457353591919
0.3172401189804077
0.9454401135444641
0.30083131790161133
0.43091654777526855
0.08525142073631287
0.3005783259868622
1.5188572406768799
0.2479710429906845
-1.3252148628234863
3.0943899154663086
-0.15607406198978424
0.7494251132011414
-1.02573823928833
0.3571538031101227
0.29756686091423035
-1.4510284662246704
-0.02664295583963394
0.31921255588531494
1.6605689525604248
0.8191056847572327
0.26646023988723755
0.3397199809551239
-1.3258144855499268
0.6352641582489014
2.933255672454834
2.9458539485931396
2.40986967086792
-0.1454826146364212
-1.1458796262741089
0.27859291434288025
-0.28169894218444824
-0.8027459979057312
-1.0587347745895386
0.28837254643440247
3.679774761199951
-1.4556777477264404
0.27369701862335205
0.2951085865497589
2.0393223762512207
0.17527087032794952
-1.8966033458709717
-1.8418281078338623
3.5954368114471436
-2.0133094787597656
0.6319500803947449
2.8911805152893066
-2.3076305389404297
2.4411780834198
0.22466471791267395
3.7562921047210693
-1.8395980596542358
1.608973741531372
0.28443750739097595
0.31598249077796936
2.5533182621002197
-1.8115063905715942
-1.2111176252365112
0.2676919996738434
-1.3235379457473755
2.6258127689361572
0.29297369718551636
-0.7247576713562012
0.2577286958694458
2.779395580291748
0.3027496337890625
2.9740989208221436
-0.7564181685447693
-0.048547711223363876
-0.3242087960243225
0.299271821975708
1.0222101211547852
-0.013765494339168072
0.2405969202518463
1.5437977313995361
0.2697174847126007
1.8261860609054565
0.9120693802833557
1.093677043914795
0.3553559482097626
0.30275073647499084
1.4543170928955078
1.643390417098999
-2.3428187370300293
0.3253672122955322
2.718395709991455
-2.1863222122192383
0.2496173232793808
0.24684154987335205
0.6263219118118286
0.11917486041784286
0.5453096032142639
0.01352828461676836
0.3314509987831116
1.2872610092163086
0.29744619131088257
-1.1232813596725464
0.19086407124996185
0.32586634159088135
-0.3602426052093506
1.4913243055343628
-0.1407681554555893
-2.14363431930542
-0.020743058994412422
-0.5791332721710205
0.3274729549884796
-0.37345650792121887
0.2358652502298355
2.211304187774658
-1.2587825059890747
1.39052152633667
0.3538607060909271
1.577386736869812
0.35169169306755066
2.3219828605651855
0.5925412774085999
1.7879725694656372
0.3398891091346741
-1.592993140220642
-1.2023406028747559
-1.7095799446105957
-0.7006518244743347
2.644465208053589
-1.2326887845993042
-0.948499321937561
0.27124497294425964
-2.335362195968628
1.3626078367233276
-0.9190347194671631
1.1247504949569702
-0.34547823667526245
0.290401816368103
0.8144029974937439
0.3876905143260956
0.3586410880088806
1.2793503999710083
0.34222814440727234
-0.8082398772239685
2.5325734615325928
1.4679579734802246
-0.6284480094909668
-0.30678561329841614
-0.7116172313690186
1.6782891750335693
0.2953835427761078
-1.5672229528427124
1.7097177505493164
-1.577907681465149
2.702343225479126
2.8557775020599365
0.23778435587882996
0.31801536679267883
-1.247543215751648
-0.3925296366214752
0.27480801939964294
-2.5465054512023926
0.3378520607948303
-0.5296445488929749
-0.3215407431125641
0.2921697795391083
-0.4226056933403015
4.018836498260498
-0.3146021366119385
0.2826736569404602
0.01672438718378544
-0.068685382604599
0.305873841047287
0.25853145122528076
-0.6904391050338745
-0.9366044402122498
-1.424251675605774
-0.30841025710105896
-0.1595010608434677
2.8853793144226074
0.147121399641037
-1.5145817995071411
3.055478096008301
1.308848261833191
1.4435572624206543
0.1437041312456131
-2.366563320159912
0.2877606451511383
0.13594187796115875
-1.3944668769836426
-0.5368143320083618
1.4480252265930176
0.22945207357406616
3.109043598175049
-2.3280529975891113
0.31902071833610535
0.2472059726715088
2.822598934173584
0.297749400138855
0.16682353615760803
0.6969382166862488
0.29283708333969116
0.28903329372406006
-0.44756391644477844
-0.5656216740608215
0.34713172912597656
0.26010990142822266
0.2278410941362381
3.2700819969177246
-0.8111767172813416
0.2610170841217041
3.279383420944214
0.315410852432251
-0.8667312860488892
1.317262887954712
0.5203394889831543
0.2652696371078491
-0.32874542474746704
-1.0059446096420288
0.19425953924655914
-2.049989938735962
2.30214786529541
-1.9861390590667725
-2.004624128341675
1.5552761554718018
-0.40298426151275635
0.28735747933387756
-1.2891288995742798
0.27892065048217773
-2.2103211879730225
0.2384672909975052
0.2234707474708557
3.0238382816314697
0.3058004379272461
-0.801088273525238
1.2259924411773682
0.31446573138237
2.477114200592041
0.3003918528556824
0.2680225968360901
0.862747848033905
-0.27183493971824646
-2.632462978363037
0.3237503468990326
-1.4639134407043457
-0.316960871219635
-0.39880892634391785
-2.1882214546203613
3.1490325927734375
0.3126203417778015
-0.5629793405532837
1.0805765390396118
0.26065725088119507
-2.040853261947632
0.27641361951828003
-1.6680008172988892
0.3013453483581543
-0.0618455708026886
0.30126097798347473
0.26582473516464233
0.259424090385437
0.32006797194480896
-0.1618613749742508
0.6382213234901428
-2.2777318954467773
3.1645452976226807
0.3114330768585205
-2.6859917640686035
0.28340116143226624
-2.394970178604126
0.3559795916080475
-4.370180606842041
2.1565237045288086
0.42613089084625244
-1.264467477798462
0.2308724969625473
-0.6124905347824097
0.8587732911109924
-0.031517546623945236
-1.0101702213287354
3.250792980194092
-0.2839812636375427
-1.3922427892684937
1.6765093803405762
2.317211866378784
-1.7519277334213257
-0.8828192353248596
0.2940814197063446
2.8479416370391846
-0.20797641575336456
3.118820905685425
0.3031233847141266
-1.1684391498565674
0.15743079781532288
-0.23410837352275848
-1.409570336341858
-0.11950947344303131
0.311663955450058
-0.8916598558425903
-0.2670814096927643
2.1212141513824463
1.4640746116638184
0.32030031085014343
0.2966632843017578
-0.6205746531486511
0.27000096440315247
0.9137787818908691
-0.036471836268901825
-1.1180434226989746
3.3888163566589355
-2.5581440925598145
3.082904815673828
-2.501283645629883
0.22545716166496277
2.730004072189331
0.2905667722225189
-1.0596424341201782
0.24787940084934235
1.5739153623580933
-1.4252554178237915
-2.212700128555298
-0.27534422278404236
0.2501341998577118
0.9017596244812012
0.16855694353580475
0.8159452676773071
-1.4744027853012085
0.07818866521120071
0.3057754337787628
1.251935362815857
-1.7733256816864014
-0.01895139552652836
0.25130489468574524
-0.4539150595664978
2.002946615219116
0.277430921792984
-1.1496212482452393
0.31633254885673523
0.31348907947540283
0.30884161591529846
0.32003581523895264
-1.101770281791687
-0.7677106261253357
-0.7117947340011597
0.3280012607574463
0.5952235460281372
0.35679715871810913
0.2915036678314209
-0.9972408413887024
-1.0417686700820923
0.2692927122116089
0.21454612910747528
1.2601958513259888
2.6402530670166016
0.322022408246994
0.6437815427780151
-0.8147009611129761
0.3019903302192688
0.3809942901134491
2.5663034915924072
0.28207728266716003
0.3279811441898346
0.27028894424438477
3.1293134689331055
0.23234976828098297
0.46315276622772217
0.13172154128551483
0.33892786502838135
1.95853853225708
0.31083834171295166
-1.6141167879104614
0.2572210431098938
-0.11568490415811539
2.457360029220581
0.2564188539981842
0.34596216678619385
0.2598770260810852
-1.482649564743042
-1.6109864711761475
0.27736037969589233
0.27606475353240967
1.4787176847457886
0.2553965747356415
0.017259588465094566
0.08430033177137375
0.2649363577365875
-0.8007604479789734
0.30647704005241394
0.2293124794960022
-0.9704523086547852
0.10804984718561172
0.7601751089096069
-0.3795222342014313
0.3163836598396301
-0.3555891811847687
-1.4946154356002808
-0.10213921964168549
0.2935936748981476
1.4935760498046875
0.29522842168807983
0.23502883315086365
3.2057971954345703
-1.4105186462402344
1.7207558155059814
2.756194829940796
-2.010420322418213
-2.1044633388519287
-1.188999891281128
-2.071725368499756
2.753741979598999
-1.4720534086227417
-2.3811137676239014
-1.3348326683044434
0.27468037605285645
1.913720726966858
0.28525468707084656
-2.4532384872436523
0.21145392954349518
0.04387450963258743
-0.3266947865486145
0.5230580568313599
0.45692533254623413
2.3569295406341553
1.6389154195785522
2.4005589485168457
-0.3818117082118988
0.2695462703704834
-0.5090541839599609
0.33913126587867737
0.27734285593032837
0.3170942962169647
-1.6437222957611084
0.7009997963905334
-1.8177354335784912
0.25065919756889343
3.448395013809204
-2.530219793319702
2.8381147384643555
-0.6282211542129517
0.3067534863948822
0.33281904458999634
2.4809083938598633
2.9597694873809814
0.2656151056289673
1.5735955238342285
-0.23514367640018463
0.29328200221061707
2.080700635910034
-0.2845824062824249
0.3069128394126892
0.297035276889801
-1.5067639350891113
3.7096543312072754
0.20224161446094513
-2.1765034198760986
0.2511823773384094
0.22945299744606018
0.12285443395376205
-0.8761526346206665
2.2961997985839844
2.7076923847198486
0.28117212653160095
-1.381720781326294
0.28645047545433044
-0.7662437558174133
2.728158473968506
-0.6422512531280518
0.3352845013141632
0.36611518263816833
0.27562081813812256
1.3422589302062988
-1.3360214233398438
0.31551942229270935
-0.8146436810493469
3.5780766010284424
-0.944884717464447
2.691877841949463
2.3427975177764893
-1.543209195137024
0.14986565709114075
-1.552220344543457
0.3037201166152954
0.21430844068527222
2.284770965576172
-0.8301411867141724
-2.188973903656006
0.2686517536640167
-0.5535765290260315
2.2098116874694824
-2.081045627593994
1.9576730728149414
0.15786123275756836
2.967634677886963
-0.3676949739456177
2.481271743774414
0.2844366133213043
-2.2496166229248047
-0.24334841966629028
-2.1458663940429688
0.9440717101097107
0.24239230155944824
-1.7193844318389893
0.27124783396720886
2.2966158390045166
0.11252810806035995
-0.6707973480224609
0.27168744802474976
-0.3548882305622101
0.20941802859306335
0.278409481048584
3.2684149742126465
0.28343743085861206
0.2755608856678009
0.2731805443763733
0.3183284401893616
-2.357301712036133
0.26802098751068115
1.890640139579773
-1.1565603017807007
2.353989839553833
0.28937453031539917
0.23241066932678223
1.6086034774780273
2.659926176071167
3.2815282344818115
-2.6269237995147705
0.27894505858421326
0.26600348949432373
0.02936190739274025
-1.3000556230545044
0.29564759135246277
0.26857614517211914
-2.2302701473236084
0.30866098403930664
0.2695220708847046
0.2646026611328125
-0.4107845425605774
2.409522294998169
-0.6117018461227417
0.07192619889974594
-0.826147735118866
-2.005628824234009
-2.2830100059509277
0.1949595808982849
0.3426167070865631
1.4041557312011719
-1.9457578659057617
0.27420946955680847
-1.2326983213424683
0.34504449367523193
-0.744772732257843
-0.09095064550638199
2.3652138710021973
3.286593198776245
0.3339046835899353
-0.7099604606628418
-0.22555437684059143
-2.3954544067382812
0.7083714604377747
0.2737838923931122
0.4783092141151428
0.255581796169281
-0.3612653613090515
0.2834547758102417
2.314756155014038
2.5065479278564453
1.764907956123352
-2.2833313941955566
-1.8511862754821777
0.6848930716514587
0.2514670789241791
-1.2014684677124023
-2.0345206260681152
0.3311448097229004
0.3330773711204529
0.2425127476453781
-1.4585931301116943
-1.7891032695770264
2.508909225463867
0.007395053282380104
-0.13203711807727814
0.31629419326782227
-1.0868570804595947
-2.121448040008545
2.1986701488494873
-0.05056605488061905
1.551701307296753
-0.8250963687896729
0.37909558415412903
1.6214866638183594
-1.6225405931472778
-1.2345290184020996
0.06055036187171936
0.2614218294620514
0.2565988004207611
-0.25157684087753296
0.046519938856363297
0.24772991240024567
-1.4706521034240723
-1.476425051689148
-2.1548593044281006
1.0186553001403809
0.3001098334789276
0.3486461341381073
2.7260231971740723
-1.021379828453064
0.35177701711654663
1.7264392375946045
0.2943969666957855
0.30786675214767456
-0.7566052675247192
0.3425413966178894
0.28998348116874695
0.4038562774658203
0.4394090473651886
-3.2320897579193115
0.3598935902118683
0.880131185054779
0.3183809518814087
0.2885724902153015
0.31176161766052246
-0.8626951575279236
0.317409873008728
-0.5541980266571045
1.5247117280960083
-0.42169108986854553
0.34683316946029663
2.436858654022217
0.21960237622261047
-2.2607998847961426
-2.198883533477783
-1.4760713577270508
2.5370490550994873
1.4382754564285278
-2.475663423538208
0.8845468163490295
2.007103443145752
3.5966525077819824
1.0155895948410034
0.2336689680814743
0.29028692841529846
-0.9898673892021179
3.093456983566284
0.409310907125473
-0.967298686504364
0.2703551650047302
0.232371985912323
-0.11714892834424973
3.0308380126953125
0.26962101459503174
0.2708525061607361
-1.5178093910217285
0.09598925709724426
-1.3350731134414673
1.2716928720474243
-2.3692169189453125
0.28630319237709045
0.3978891670703888
-2.2010045051574707
-1.8091604709625244
0.2773934304714203
0.3992154598236084
0.13108453154563904
-1.5339075326919556
-1.8361886739730835
-0.3605969250202179
0.2717643082141876
-0.4943597912788391
-1.61271333694458
-0.4637141823768616
-0.04813865199685097
0.33251819014549255
0.2572868764400482
0.31364905834198
0.47789767384529114
-0.9484349489212036
-1.5865296125411987
0.2753642499446869
-1.0852645635604858
-0.010615715757012367
0.27448591589927673
0.13097071647644043
0.1309303194284439
1.0384986400604248
1.341496467590332
0.27332887053489685
-2.513422966003418
-1.6934802532196045
0.44365373253822327
0.2806839942932129
1.4511345624923706
1.5158445835113525
1.1744054555892944
2.8505032062530518
-0.4605340361595154
3.179060697555542
2.600135087966919
0.06719159334897995
0.19407542049884796
-1.354750394821167
0.328915536403656
0.28205063939094543
0.09310181438922882
0.26697656512260437
-2.177771806716919
0.671658456325531
-1.282893419265747
0.2622584402561188
3.3851606845855713
-0.7689794898033142
2.432652473449707
-1.7371652126312256
0.34725016355514526
-1.669743299484253
0.3265962600708008
0.8155338168144226
2.8925466537475586
0.33321118354797363
-1.2150647640228271
-1.199507236480713
-1.830402135848999
0.3136385977268219
-0.7337923645973206
0.27750569581985474
0.3221009075641632
-1.2427723407745361
0.25777357816696167
-3.385948419570923
-0.9699815511703491
3.4633657932281494
-2.041741371154785
0.2667483687400818
-0.8328297138214111
-1.452170729637146
-1.3989428281784058
0.25853148102760315
-1.853001356124878
2.8242263793945312
2.1094746589660645
-0.4259664714336395
-1.3563954830169678
0.8212602734565735
0.3260560929775238
0.2710159718990326
-1.4212985038757324
-2.523587226867676
0.301948606967926
0.24508988857269287
0.2873525023460388
0.7366610169410706
-0.6461541652679443
0.28561943769454956
-1.0792100429534912
0.2683166265487671
0.5780400037765503
2.7688636779785156
0.3020743727684021
2.320183038711548
0.27656880021095276
0.30931466817855835
0.2772146165370941
0.26834240555763245
-0.7178806066513062
2.966195821762085
-1.345818042755127
0.3376985192298889
3.577104091644287
0.7810683846473694
0.26411813497543335
0.3686171770095825
-0.4194381833076477
-2.1177642345428467
