0.6398403644561768
0.6484965682029724
2.5952813625335693
1.152366042137146
0.6525042653083801
1.5869263410568237
2.9015984535217285
0.6525147557258606
1.98521089553833
0.6533668041229248
0.6714536547660828
0.6488707065582275
0.6436353921890259
0.6574849486351013
2.243281364440918
0.6562705636024475
0.6597326993942261
0.5945258736610413
2.2551538944244385
1.8181136846542358
2.3096747398376465
2.2014284133911133
0.5974695086479187
0.6028226017951965
0.6279767155647278
0.6429624557495117
1.145220160484314
0.6286749243736267
0.6240031123161316
0.6482470631599426
0.6395506262779236
0.6518903374671936
0.9220829010009766
0.6342467665672302
0.9840295910835266
1.8891513347625732
0.7253693342208862
0.6139798164367676
0.6985456943511963
0.6210119724273682
1.8008220195770264
2.075563669204712
1.7672101259231567
0.6618549227714539
0.6489373445510864
0.6839805245399475
0.7258054614067078
1.112988829612732
2.018766164779663
0.6540409326553345
0.5933765172958374
2.1480541229248047
1.7733479738235474
1.312768578529358
1.8968327045440674
0.7461778521537781
0.7811490893363953
0.7031547427177429
2.8429713249206543
1.628811240196228
1.58319890499115
0.6677601337432861
0.6946954131126404
0.6602035164833069
1.9054909944534302
0.6286464929580688
2.3126842975616455
2.097409963607788
0.6521375775337219
1.0237977504730225
0.6914275288581848
1.8588711023330688
1.1168932914733887
0.6087689399719238
0.677501380443573
1.6660337448120117
2.556554079055786
0.7971025109291077
0.6422582268714905
1.6733635663986206
2.6258058547973633
2.201920986175537
2.206946611404419
2.081486940383911
0.6084816455841064
0.6483299136161804
0.6532351970672607
0.630020022392273
0.7532660365104675
2.140331268310547
0.644717276096344
0.6576513051986694
1.9851332902908325
0.6496506929397583
0.6729171872138977
0.6293736696243286
0.6650594472885132
0.5800670981407166
1.1524064540863037
1.6000087261199951
0.6648284792900085
0.7257233262062073
2.829704999923706
0.6448500752449036
2.2628421783447266
1.3804981708526611
2.191408157348633
1.8045848608016968
2.0847079753875732
1.9023022651672363
0.6725489497184753
0.6244615316390991
0.6313967704772949
1.645342230796814
0.6269266605377197
0.6487854719161987
0.9698728322982788
0.7845683693885803
0.6296323537826538
0.915383517742157
1.1314448118209839
3.027705192565918
1.2287899255752563
0.6343467235565186
1.4307610988616943
2.1521589756011963
0.6568005681037903
0.8010222315788269
0.631564736366272
2.0696675777435303
2.2689054012298584
2.7521839141845703
2.434832811355591
0.86991947889328
2.303797721862793
0.5888177752494812
2.0953543186187744
2.0889172554016113
0.6637377738952637
1.4460421800613403
4.572320938110352
0.6311985850334167
0.5853323340415955
2.6099741458892822
0.6248363256454468
2.1349375247955322
1.8363794088363647
0.6115967631340027
0.6965845823287964
0.604173481464386
0.6665434241294861
2.167919635772705
2.4880478382110596
2.600041151046753
2.2370283603668213
2.662397861480713
0.6729902625083923
1.414029836654663
1.144901990890503
0.9347019791603088
3.006577253341675
1.8980457782745361
3.3855502605438232
0.6367684006690979
2.2835865020751953
2.4605917930603027
0.6020316481590271
2.2128562927246094
2.212517499923706
1.843461275100708
1.9128508567810059
1.1938488483428955
1.4824594259262085
1.0348809957504272
0.8987630605697632
0.6721214652061462
0.6662823557853699
0.6019826531410217
0.6506139636039734
1.7457672357559204
0.760824978351593
2.042600393295288
0.6206987500190735
1.963591456413269
1.559422254562378
1.2572237253189087
2.594228506088257
0.6386322975158691
2.622645139694214
0.6932997703552246
1.8851157426834106
0.6514577269554138
1.1518837213516235
2.544999599456787
2.3982715606689453
0.878465473651886
0.6961373686790466
2.3189711570739746
0.6352491974830627
0.6400640606880188
0.6257655620574951
1.743715524673462
2.8010525703430176
0.636854350566864
0.7673136591911316
2.769690990447998
0.668124794960022
0.6553404927253723
0.6238501667976379
0.6881718635559082
1.6303257942199707
2.3705058097839355
2.207350969314575
0.599626362323761
0.6316733360290527
0.6972486972808838
0.6280396580696106
0.6837533116340637
0.6951362490653992
0.6286150813102722
0.6055240035057068
0.6317984461784363
2.4713478088378906
2.0519611835479736
2.2000768184661865
1.329282522201538
0.6378857493400574
0.6285553574562073
0.8271681666374207
0.6172190308570862
2.4586775302886963
1.7605047225952148
0.646065354347229
0.6011512279510498
1.4370616674423218
1.430081844329834
0.6298973560333252
0.6224405169487
0.6821458339691162
0.585918664932251
2.583324670791626
0.7601780295372009
0.635955274105072
2.1097500324249268
0.6606356501579285
0.6146109700202942
0.6313950419425964
1.7408051490783691
0.6687233448028564
0.8833805322647095
0.7341725826263428
1.342191457748413
1.161150336265564
0.6439215540885925
0.6385132670402527
1.5119339227676392
1.1342828273773193
0.6406914591789246
0.6905590891838074
0.6535865664482117
1.0287567377090454
0.6354465484619141
1.4891172647476196
0.7293187379837036
0.6818437576293945
0.7611221075057983
0.6082005500793457
1.8951523303985596
0.6021172404289246
0.777725338935852
1.0759027004241943
2.356356620788574
0.6341766119003296
0.6376179456710815
1.9442288875579834
1.0164027214050293
0.6297118663787842
0.7497727274894714
1.3135894536972046
0.6144046187400818
1.7282601594924927
1.7107324600219727
1.4245909452438354
0.6440705060958862
0.657817006111145
0.6799649000167847
1.7718162536621094
1.2242941856384277
0.658686637878418
1.4930834770202637
1.9058476686477661
1.683627963066101
0.636425793170929
0.637888491153717
2.6723687648773193
1.5606154203414917
0.6420356631278992
0.6863486170768738
0.6462135910987854
2.5925674438476562
2.2657439708709717
0.6188642978668213
3.1454195976257324
1.2420381307601929
0.6364341974258423
2.5994858741760254
0.6144367456436157
0.6416057348251343
0.6556906700134277
2.6823818683624268
0.8642884492874146
0.6544843316078186
0.6351558566093445
0.6396996378898621
2.785177707672119
3.2947418689727783
0.6492300033569336
1.9858494997024536
0.6396600008010864
0.6308368444442749
1.6673587560653687
0.6270602941513062
0.6506025195121765
0.670822262763977
0.6196491718292236
2.353039026260376
1.9488548040390015
2.086297035217285
0.6406847834587097
0.98867267370224
1.7833836078643799
0.5989969968795776
1.2173733711242676
0.5948185324668884
0.7188924551010132
1.21030855178833
1.0145161151885986
0.664003312587738
0.6298708319664001
0.7511844635009766
0.7594220638275146
2.222054958343506
0.6490041017532349
0.6132901310920715
2.355391502380371
0.6018279194831848
0.6375418901443481
1.383190631866455
0.5535848140716553
1.5419893264770508
0.9886870980262756
0.6623257994651794
0.8761033415794373
0.6839667558670044
2.2097291946411133
0.6294739246368408
0.6199992895126343
2.287477493286133
0.7075756788253784
0.708401620388031
3.0368285179138184
0.9088024497032166
1.5386217832565308
0.6727949976921082
1.9374306201934814
0.6296701431274414
0.6370801329612732
1.966483235359192
0.819435179233551
0.6596524119377136
0.7136096954345703
0.6592040061950684
0.650521457195282
0.8404310941696167
0.7100462317466736
0.6313209533691406
1.5816638469696045
2.405099630355835
2.2778375148773193
1.5684826374053955
0.6265979409217834
1.3375294208526611
2.0490944385528564
0.635691225528717
2.6253607273101807
0.8059597611427307
1.9200143814086914
0.8832195997238159
1.283292293548584
0.6410827040672302
1.3772101402282715
0.641085684299469
0.6590941548347473
0.8948901295661926
0.6501820683479309
1.7945692539215088
0.6397422552108765
0.850260853767395
1.5173512697219849
2.265411138534546
1.0925630331039429
0.7641594409942627
0.651694118976593
2.4175448417663574
0.7630351781845093
2.367445230484009
0.6402137279510498
0.6447719931602478
0.6076111197471619
1.5054903030395508
2.140054225921631
2.1723079681396484
0.6062408685684204
2.6266913414001465
0.6676385402679443
1.4073883295059204
1.5308879613876343
0.6361255645751953
1.6741585731506348
0.6921364665031433
0.9434008598327637
1.8361560106277466
1.8368372917175293
0.8412563800811768
0.6294811367988586
0.6246329545974731
2.495056390762329
2.2897770404815674
2.1612958908081055
1.5392992496490479
1.7254352569580078
0.6091869473457336
0.5732160806655884
2.182802438735962
0.6421801447868347
0.7403638362884521
0.7107142806053162
1.5519840717315674
3.2635817527770996
0.634299099445343
0.7078865170478821
2.0480809211730957
1.5235859155654907
0.6556214094161987
0.6513813138008118
0.6154661774635315
2.598320960998535
0.6132466197013855
0.5971447229385376
0.6527786254882812
0.6325819492340088
0.6212919354438782
1.3611396551132202
0.6033155918121338
0.633423388004303
1.6397926807403564
2.476500988006592
1.8107913732528687
0.6386252641677856
0.6083702445030212
0.6209648251533508
2.0028109550476074
0.6272751688957214
0.606736421585083
0.6455826163291931
1.409226417541504
1.03714919090271
1.565600037574768
0.6019947528839111
0.9462977051734924
2.1980626583099365
0.6899361610412598
2.5612661838531494
0.6647879481315613
2.594651937484741
2.334606647491455
0.819108784198761
1.9743812084197998
0.6530718207359314
2.1186015605926514
0.6212696433067322
2.6646625995635986
1.431398868560791
0.6066935658454895
0.6192290782928467
0.6319854259490967
2.0039119720458984
0.9850130081176758
0.6440595984458923
0.6192167401313782
0.6487514972686768
0.6313419938087463
1.086656093597412
0.8278977274894714
3.5228404998779297
0.6462050080299377
2.090716600418091
1.3461039066314697
1.888700008392334
2.6570193767547607
0.6329376101493835
0.6476981043815613
2.834171772003174
1.036165475845337
0.6078127026557922
2.5867905616760254
0.6248578429222107
2.8007805347442627
0.6233793497085571
1.2362011671066284
0.653488278388977
0.6406829953193665
0.6278107762336731
0.6440878510475159
2.088395118713379
1.2011182308197021
2.4443764686584473
0.6158055067062378
0.6411476135253906
2.3186686038970947
0.6525701880455017
2.6002092361450195
0.6185316443443298
4.022446155548096
0.6763266324996948
1.3545808792114258
3.033442974090576
0.6112697720527649
2.9750921726226807
1.0318418741226196
1.343890905380249
2.045107364654541
0.6141656041145325
0.8121444582939148
1.6906217336654663
0.7876093983650208
0.6540929675102234
2.426114559173584
1.8494702577590942
0.6266288757324219
0.5983562469482422
1.3831398487091064
0.6094799637794495
0.6484549641609192
1.6628139019012451
0.6450208425521851
2.20609450340271
2.5253968238830566
1.7445098161697388
0.6489707231521606
1.9256728887557983
0.8616177439689636
0.6467606425285339
0.7709245085716248
0.6345269680023193
0.6242066621780396
2.276848316192627
0.643830418586731
0.9826644062995911
1.802107334136963
2.310380697250366
0.6618595123291016
2.6762211322784424
0.6283161640167236
3.0022776126861572
0.7666683793067932
0.6235381364822388
0.6465055346488953
2.3277719020843506
0.606111466884613
0.8649572134017944
2.181422472000122
2.3641018867492676
0.9427614808082581
0.6228063106536865
0.6090729236602783
0.9801123738288879
1.1284666061401367
2.1683335304260254
0.7261890172958374
0.6380516290664673
0.753955602645874
2.678523302078247
2.234731435775757
0.615370512008667
1.5340746641159058
0.6757805943489075
0.6521598696708679
1.9116013050079346
0.6387603878974915
0.6458542943000793
0.6747729778289795
0.6487308740615845
1.8317887783050537
2.3725435733795166
1.6496641635894775
0.6840149760246277
1.2007617950439453
0.6861411333084106
0.6120385527610779
1.4581446647644043
1.7473970651626587
0.6492941975593567
0.6142473220825195
1.0029658079147339
0.6327670216560364
0.6648354530334473
1.464833378791809
1.7584586143493652
0.6572250723838806
0.6798553466796875
0.6321617364883423
0.6117371916770935
0.6454223990440369
0.669677734375
0.6352851986885071
0.5760415196418762
1.3375649452209473
0.5853716135025024
0.6598823666572571
0.712705135345459
0.6461087465286255
2.518512010574341
1.4997878074645996
1.4813109636306763
0.6656870245933533
0.635254442691803
0.6577072739601135
0.6237313747406006
1.9983664751052856
2.211486577987671
0.6547123193740845
0.6209167242050171
0.7661141157150269
0.6690863966941833
0.908035397529602
1.7101949453353882
0.6134117841720581
1.235082745552063
0.6588999629020691
0.6258494853973389
1.8978700637817383
1.97161066532135
0.9447704553604126
1.7130520343780518
0.6624195575714111
2.0555405616760254
2.268598794937134
1.6689133644104004
0.6266827583312988
0.8035562634468079
0.5946609973907471
0.592056393623352
0.6201432943344116
2.7782797813415527
0.7660855650901794
0.6122139692306519
1.8606678247451782
2.920103073120117
2.137716054916382
2.925443410873413
0.6444889307022095
1.5028772354125977
2.826125144958496
2.2023026943206787
0.6211724877357483
0.728050947189331
0.6177877187728882
2.7569985389709473
0.6284504532814026
0.835584819316864
2.140094757080078
1.502927303314209
1.4945224523544312
0.6737216114997864
0.7668647766113281
0.6674323678016663
2.2895824909210205
0.6519017219543457
1.4583431482315063
0.6460555791854858
0.6392525434494019
0.6512113213539124
2.384342908859253
1.151625156402588
2.999577283859253
0.6314066648483276
0.6331979632377625
2.4232122898101807
0.6544803380966187
2.0925490856170654
0.6227189302444458
0.6381773948669434
0.6585398316383362
0.6414668560028076
0.626956045627594
0.7495845556259155
1.1864299774169922
0.6624799966812134
0.6750033497810364
2.0693717002868652
0.616690456867218
0.636073648929596
2.4065358638763428
0.629950225353241
0.6093548536300659
2.5362040996551514
0.619125485420227
0.6310019493103027
1.6723966598510742
1.887568473815918
0.6773223876953125
0.6609108448028564
0.6460172533988953
2.9521772861480713
0.6676703691482544
2.1908955574035645
0.6220076084136963
1.2079037427902222
0.6752925515174866
0.6467191576957703
0.6478919386863708
0.8020333647727966
1.988298773765564
0.614629864692688
2.208089828491211
0.672257125377655
1.4332233667373657
0.6479668617248535
0.6792044043540955
2.628239154815674
0.659366250038147
2.9851763248443604
0.6482926607131958
0.7059258222579956
0.709906280040741
2.2469606399536133
2.952906370162964
0.6208070516586304
1.5995944738388062
0.7013815641403198
2.4840331077575684
0.6936304569244385
0.6415207982063293
0.6165263652801514
2.116772413253784
0.6612163782119751
0.622445821762085
2.653902292251587
2.0569820404052734
2.74446964263916
1.2213592529296875
0.6596218347549438
2.3335065841674805
0.6186553835868835
0.6818092465400696
1.6704442501068115
1.7831202745437622
0.6524327397346497
2.4589896202087402
0.675029993057251
0.6447155475616455
0.6254799365997314
0.6388248801231384
0.6411296725273132
0.6392642259597778
0.654170572757721
3.1534650325775146
0.6337990164756775
0.7301801443099976
1.8711153268814087
0.6607990860939026
0.6237915754318237
0.6134641170501709
0.8005123734474182
0.6538797616958618
0.6600199937820435
2.651618242263794
0.626541018486023
0.6750645637512207
0.9218683242797852
2.1445844173431396
0.655478835105896
0.6415557861328125
2.7199647426605225
0.6479987502098083
0.6458781957626343
0.6264257431030273
1.8001469373703003
0.6348183751106262
2.305382490158081
0.7391896843910217
2.375638008117676
2.894846200942993
2.630842924118042
0.7083624005317688
0.648147702217102
0.789703369140625
2.4260663986206055
0.6217717528343201
2.16458797454834
0.6482897400856018
1.8221081495285034
1.7046784162521362
0.5956619381904602
0.6227712035179138
0.6992267966270447
1.928358793258667
1.3338509798049927
3.096381664276123
1.205119013786316
0.6173367500305176
1.3391467332839966
0.6411942839622498
2.1156723499298096
0.6266518235206604
0.6396414041519165
0.6609009504318237
0.6923596858978271
2.9781641960144043
2.81648325920105
0.6333365440368652
0.624282717704773
2.2869036197662354
2.2591495513916016
1.7015069723129272
0.6614418625831604
0.6307236552238464
2.4156553745269775
2.4488959312438965
0.6171315312385559
2.0198049545288086
0.7547931671142578
0.6387767791748047
1.9535216093063354
1.9744600057601929
0.7013822197914124
1.918652892112732
0.775416374206543
2.4095237255096436
1.2168422937393188
0.7246500849723816
2.667598009109497
2.625476598739624
1.686631202697754
0.617749035358429
0.6238254904747009
0.9244986772537231
0.706403374671936
1.5213168859481812
2.043304681777954
2.998775005340576
2.7114293575286865
0.9582756757736206
0.6305907368659973
0.6377547979354858
0.6014509797096252
2.020136833190918
0.6638919711112976
0.6998667120933533
0.6295825839042664
0.6594498157501221
1.9402060508728027
0.6579289436340332
0.6116297245025635
1.603896141052246
0.666773796081543
3.4079394340515137
0.665340781211853
1.181286334991455
0.6356154084205627
0.6353738307952881
0.6491823196411133
1.9923429489135742
0.6312500238418579
2.1100270748138428
0.6688459515571594
1.5454061031341553
0.6631535887718201
0.7055549621582031
0.68607497215271
2.8003499507904053
2.805825710296631
2.489042282104492
0.6157234907150269
0.7666188478469849
2.5231776237487793
1.1132967472076416
0.6869093179702759
0.6825060844421387
1.1216598749160767
0.6155752539634705
0.6346453428268433
2.1361262798309326
0.6325051188468933
1.6203645467758179
1.4903618097305298
0.6312084794044495
0.5891259908676147
0.8090226650238037
0.6356959939002991
0.6180205941200256
0.6314319968223572
2.1461923122406006
0.7608013153076172
1.6125484704971313
0.874406635761261
3.182878017425537
0.6738680601119995
2.208144426345825
2.806500196456909
1.7968566417694092
0.6389656662940979
1.6783252954483032
1.6837732791900635
2.5453226566314697
1.7264058589935303
1.1928776502609253
0.6271985173225403
2.885467052459717
2.3857038021087646
1.7489384412765503
1.1755516529083252
0.6319006085395813
0.6100044250488281
0.6317947506904602
1.8181530237197876
1.548580527305603
2.1916236877441406
0.5994734168052673
1.008468508720398
1.9140290021896362
0.662334680557251
0.6223897933959961
0.6817500591278076
1.1297749280929565
0.9101144075393677
0.5974595546722412
3.5364866256713867
2.595477819442749
1.6348662376403809
0.6300367116928101
0.7967402935028076
0.8012319207191467
0.8800793886184692
0.6366877555847168
2.283478260040283
0.6367586255073547
0.6888407468795776
1.798305869102478
1.570888876914978
1.823236346244812
0.6235927939414978
0.6221597194671631
0.6628904938697815
0.6482289433479309
2.6347882747650146
1.1815069913864136
2.36657977104187
0.6302095651626587
0.650505542755127
2.063046932220459
0.6059662699699402
2.6034018993377686
0.6818628311157227
3.152778148651123
0.6681137681007385
1.0963478088378906
0.608826756477356
0.6860606670379639
2.215245008468628
2.373396635055542
2.6705002784729004
0.6819061040878296
2.390989303588867
0.6538978219032288
0.6397939324378967
2.3949429988861084
0.6242954134941101
2.4797580242156982
1.5929442644119263
0.6621507406234741
1.9101498126983643
0.6531482338905334
2.5521304607391357
2.2919137477874756
2.6614248752593994
0.5978256464004517
2.7293293476104736
0.6510701179504395
0.6931840777397156
1.9850648641586304
2.6515605449676514
1.2192846536636353
0.6588899493217468
0.614076554775238
2.3599002361297607
3.031961679458618
0.641136646270752
0.6176643371582031
0.6113187074661255
0.8527764678001404
2.1070809364318848
1.7412471771240234
2.4080910682678223
0.6262844204902649
1.3004814386367798
0.6336634755134583
0.6261383295059204
0.6492778658866882
0.622343122959137
0.6683380603790283
0.6504666805267334
0.6376447081565857
1.7247073650360107
0.6276034116744995
2.4699318408966064
0.6497205495834351
0.6223640441894531
1.3171029090881348
0.6131876707077026
0.6343376040458679
1.1901322603225708
2.4732704162597656
