0.9461220739709718
0.5490677722901404
2.535412993939095
1.158246641734257
0.7742521914314688
1.5487491778232219
2.142230708537214
0.7399642659271396
2.907818701243975
0.6552814064052981
0.9887506392871126
0.9401664711268379
0.82532438692129
0.7735467011397222
2.209697270609818
0.7602354510645356
0.5802388192003154
0.5517578781803059
1.5052710192165843
2.9732509145161945
1.9503086569622448
3.0753983675320105
0.8104394760125397
0.49920022395805996
0.8957619414751266
0.691864474594705
1.592464400032762
0.40531544045328005
0.6919967033632948
0.9286863631758756
0.7845975193950054
0.6922325634549598
0.9079095252183492
0.8878039207701914
1.5965067865578104
1.7117351817774822
0.9409750814797166
0.938455895933672
0.7715413988888946
0.5291302529769759
1.9241403582484196
2.258967031365798
1.3153805506987066
0.8153320698493074
0.7341840055744134
0.8586655624389459
0.441956959128375
1.2647045041414675
2.379102892535904
0.9163786476967025
0.5859742580836665
2.060112831951467
2.174910711450749
0.034387082273022014
2.0311358084639037
0.7661182300220583
1.1492570098171917
0.7501880178019911
1.1914794703262508
1.8939152802207295
0.9692299243480251
0.8530636851316262
0.7246959137356174
0.7354962824734654
0.22686327056671926
0.6859290301032454
3.7992258307241746
1.5217565646292404
1.045910040840018
0.847881734223739
1.0447824321933308
1.4496945572467717
0.48896110300103984
0.622207229661645
0.6399488936076035
1.0496481764691106
1.92290601314791
1.0781830817900437
0.9014737188302995
1.8286105630403695
2.768530071126233
1.8963974594487019
1.3673504806595267
1.1341270768550094
0.607610898354727
0.5710148975296178
0.8912030474371831
0.4826705517784836
0.8154118963253757
1.9611032912242812
0.7493567178005732
0.7425669539733574
2.011045135249516
0.5459947704284821
0.7343155538969656
0.8226395512377709
1.0559554557255828
0.6156612412682311
1.1021267471464036
2.3368027684530635
0.8968565661832101
1.119246372093471
2.805188755477503
0.8892283687496961
3.0916453554253507
1.4489663866460556
3.1350089311244362
1.5655398975016752
2.275097862905488
1.7201545042683484
0.7461847465905908
0.8239094742773909
0.6199945146948674
1.1901344694568778
0.6010121994684569
0.7288251210618081
1.8894574243332185
1.1720466288707085
0.7900232647234645
1.1918568547852482
1.172228574589958
2.2664541005524224
0.7700395102705946
0.8937150393497393
2.2472637441870282
2.0159732194892865
0.8792994731252917
1.1574247222051706
0.7828221796773595
2.313316422967731
2.052531938757383
2.364814515854673
1.7719379625116993
1.0805869041598233
2.392989157933097
0.45769170762456113
1.837820008626932
2.423962108662125
0.8350689454653265
1.8026699201937288
3.81124877108926
0.5348408857709644
0.9865377438628846
1.8910099806580192
1.0765401058885298
2.0177236058240267
2.0102876660428826
0.5565126354106062
0.9716601565444469
0.7444738094111638
0.6657155148208599
1.4365515942229083
1.9082025192712702
2.5219389681166016
2.090822268360832
1.9929992998833008
0.8021431935419693
1.3142514852914875
1.75205071756469
1.2324828413258326
1.0994003182814445
2.365429634281335
1.8430596241654147
0.6955621556618735
2.2472206700836637
0.9367991121386451
0.5367733388178862
2.3854854564715144
2.2103582535437076
1.7077922253744564
1.4310561589404882
1.5629650418795205
1.7340119336871456
1.4500964448358467
0.31848178134489624
0.7259032105300898
0.9855351715663049
0.720553962799223
0.7997532723357785
2.2734430741179517
0.03162277660168379
1.9490924131621843
0.552033304814764
2.005008523975242
1.5327721098731715
1.164908727909767
2.4550528904020847
0.7534447167840832
2.2397716043041136
0.7305796010162209
1.4208152346236722
0.67207221379298
0.03596586946008488
0.9019096028965583
1.9857672247832976
2.2807452703759545
0.7429244635346308
2.0010064873158893
0.663129811966072
0.8501103896097258
0.7682511275606232
1.3818742665289316
2.79594483935364
0.6949862761137338
0.902181312373328
2.135177491825994
0.9000450419705025
0.8911824812600309
0.7416074078349352
0.9478126194341014
1.0405409545867486
2.320108542369616
2.958371071444944
0.7523130359500384
0.7420761513152752
0.3495369386274009
0.704026543502928
0.9352631336851139
0.7810476504917703
0.6601995743298595
0.5863658974696673
0.7686827271962563
1.8997001250685717
1.7397106888193326
1.5543483424767215
1.4263166120856114
0.8185579779451171
0.8405712867792081
1.211039907149126
0.6857186003354832
1.4217309819320079
1.441250370683978
0.8412643205237201
0.9938536408798853
1.42429207601027
1.4326388474525686
0.3261642309880689
0.6538209563746714
0.7501586593655981
0.5532442964258975
2.235077023640399
0.6949540925129738
0.4594723783810431
1.8635891068804429
0.7479816225441149
0.383174255559077
0.6525673267736586
0.6989831033364451
0.5037012032570022
1.1176063236971063
0.6385124645017246
1.1292195453907556
0.6107452205122736
0.8460125510297033
0.6756049887051759
1.8799876507901356
0.03162277660168379
0.8529081025568731
0.6768849005992158
0.7557688110665488
1.2276602337862281
0.6837606048110285
1.6667705800405308
0.4747489733943516
0.6252300418930976
0.9773717111175307
0.6868205274341378
1.854578856296602
0.6064682231512969
0.3144099724582121
1.862766942089641
2.5247465017747577
1.090398974238058
0.7463954381896363
1.7218127136595895
1.321653085392703
0.86292315399762
1.029390022246967
1.1703255446640324
0.6063268777927606
1.8773368453693773
1.5029051228499337
1.6802314270791125
0.7261951385760816
0.7756511804310434
0.8599156227969292
2.1058321158502844
0.4981026840954804
0.6273655098339641
1.7060844749116815
2.6336748337124356
1.410284764908685
0.46326054891875007
0.7375919905366274
2.6784003056823393
1.6438365423243453
0.8248135275054265
0.9428874418005966
0.6379359361074957
1.6746413476061621
2.896101688675641
0.6878104252937774
1.6404573121613624
1.6591454373350198
0.5714249260437014
1.937823010499032
0.8545095985949376
0.9777631844860855
0.7463037171830581
1.9511001652550795
1.1415126225111552
0.628512441225209
0.7778478632942283
0.7632242912038533
3.012821863478604
1.8450530218760477
0.8800751509872284
1.9655169206510537
0.6915854191074282
0.7104501506786198
1.6688060439624859
0.6280225962579681
0.6857907208136159
0.6498078133657228
0.6793770449834822
0.3028507098723845
1.6911969346703473
1.718350888053746
0.7208667441620158
2.201413202685661
1.988950863422567
0.41917976388636413
2.004018103260802
0.7366006773165371
0.935760448694049
1.6190299851702095
1.1091589708202176
0.8707313713054643
0.8525771025640425
1.2517482742562807
1.1352833396722073
2.1870783973948713
0.6726558812015244
0.6570296295908066
2.3061384543138534
0.5411276149038896
0.626219904361089
1.2331459884288138
0.40278451098737156
1.5818987984677622
1.2209451228876043
0.8050732925173758
1.104345316031913
0.7622412905572389
1.8952897150819605
0.5206681749042804
0.7753234071590911
1.9801156478399944
1.0440366390237281
0.7934297327034796
2.4456133820793737
0.7968836471986023
2.07636905592934
0.6127970158295144
2.1028942046135177
0.4887474102917524
0.8699516786660962
2.124967591880057
1.033050907106658
0.8122087182461701
0.7227154770783335
0.8711880420234582
1.1347867721714455
0.816142544880766
1.0049537868217926
0.897377689921323
1.4257195700485539
2.0439803238087766
2.378290923216523
0.03162277660168379
0.6546051080976463
1.7856910825257302
1.3114210693220185
0.7526748252003563
2.1758281656956555
1.242009881138464
2.4782092424772193
1.0135426585136074
1.0668920511806128
0.8690104600454626
1.2833837377054405
1.0677456452091758
0.734371802789749
0.9064148791053174
0.7510888705363927
1.7746767464305404
0.6899846744563052
1.0465266435551348
1.6751340174794145
2.116392784822141
0.8313596716216065
0.9041644538172585
0.9740422868635418
1.781500099693893
1.1307331130938347
2.4269665906168165
0.8419121476482909
0.8352632465105684
0.6722219908948593
1.6239425669506895
2.2538517886347
1.9846302561552494
0.6685927400449866
1.938812629775207
0.6665507973074213
1.191005882556138
2.954100848398674
0.7269040285777365
1.1898251211069375
0.7715119259321068
0.9451120090204793
1.6161942166572745
2.0730431339912307
0.511515640601374
0.6552885694959568
0.3951389403679309
5.528930744732992
1.9532182780460343
2.0789809395419576
2.2040467358599685
1.938351985527862
0.8653212808402508
0.5190010357315372
1.7259968174609992
0.7153397893803912
0.8577019867296616
1.4809988319139942
2.1448553179694834
2.3479979765069356
0.6143625393183052
0.5056559159266155
2.2092493468816
1.7576292021402542
1.4063820080998295
0.7869005789019362
0.7077041591902622
2.9956018595256375
0.9467350751266035
0.5494673032760558
0.8717173312788128
0.8830472318798249
0.5374756949496327
1.4218152466679166
0.5163704780966077
0.7076114030349413
2.1719857773007805
1.8514915680637944
1.4686096046388237
0.6819762451783635
0.2479679136376317
0.8367212210368508
2.0733420207872975
0.6776619343588486
0.7744112230130991
0.9462996511900322
1.868221064190983
0.8225158968725546
2.1171603776947014
0.7737295279929872
1.6867427047858952
2.8845939736613366
0.40631557566240467
1.8737749741654128
0.6099685182811845
1.7469917261094772
1.7144585390281413
1.0155607706741088
0.37965958936169203
0.6645257889240465
1.5771167143191136
0.6529168091923749
2.202959652587063
1.7242145923033738
0.6511329889157076
0.6251081476104385
0.6375592408049721
2.1511376799675723
1.807037560913307
0.6705174244459242
0.8079189568326958
0.7707132552844704
0.5749764518476971
1.204756663671122
0.03162277660168379
1.8800565757760845
0.9742010087735758
2.101144305401312
2.7947945258919424
1.6605301239166643
2.261384260199454
0.5515846299873107
0.7513027882872942
1.0790050954654218
1.905763113910263
0.5288818374025916
1.857631558653569
0.6471959702671034
2.34851588115232
0.8582906025061514
0.43142608323424064
0.566669466932708
0.5796510667482272
0.6932195480982483
0.8302855545627849
2.3463297724385406
1.759035714264559
2.0854660989680625
0.6912189042752461
0.8613148804076648
2.0946206121224025
0.6089888946776563
2.3594635348855966
0.6968215988636755
3.2004540562358743
0.8603848927306131
1.8309985866405756
1.734392891456493
0.8398483707744432
1.8767326172419643
1.3232497372795462
0.25356386616192833
2.6096845570674323
0.7086942816333385
0.8639878437701463
1.9485478168206818
0.8873450874739031
0.778204674682361
1.983261895803217
1.4375380058240117
0.6160158657346847
0.7084974909531364
0.8074022522688685
0.6496555752821124
0.7373554223800548
2.010463303837063
0.7295433839862041
2.5609991890795407
1.9197025149076608
2.402784666410456
0.8403439550445988
2.0681719559578213
0.742572251667392
1.2882385213508214
0.8958352996154024
0.8350033831956133
0.8105355582676667
1.1224225829345187
0.7786237908925179
1.3591019633781032
2.6064016020887593
2.322771730654097
0.7911150539120755
1.93784897054954
0.6217167071059401
1.4641268024145258
0.7244657067027351
0.8587058224482531
0.7099719865403551
3.266598873083721
0.9430072582507607
1.019313254483172
3.1251830354111703
1.644022252848768
1.0488107126733457
0.45307254263995483
0.6087653566260356
1.0426537317594018
1.3131018397718601
2.155625974721846
0.5198049306865354
0.8053515468689368
1.03992349664199
2.4236703582002455
1.9997905564314191
0.5783184973144903
1.8352081995627056
0.8497187828037864
0.7704679419738208
1.500140128266091
0.880408709830565
0.7943912475028863
0.8459082027867809
1.0380309072497902
1.6685681521883708
0.5926678591978322
2.2663579507104106
0.9653790248918828
1.822565758752426
0.6732410346127281
0.6486889784013496
1.7172323499797977
2.3399211025793982
0.9908061952673692
0.577253959600879
1.0724895421654232
0.9861349454038072
0.7025723602319716
1.369843289677745
1.2251396726273187
0.7220608383683935
0.8519874777813904
0.8536331555346581
0.6932301453417016
0.8660579994857189
0.773456543042576
0.7688868275270534
0.4875028106412805
1.786508481522036
0.3687466706917679
0.9019822628028162
0.877049947240654
1.0386823723511123
2.208426208078577
1.712414199461739
0.673147890521696
1.0232888387788048
0.6568767060131564
0.8773606410315572
0.5762431584115506
2.147795220045658
1.722767196438802
0.7892774238594881
0.5013673513224223
0.81237910236873
0.4351719301093669
1.5102326181109564
1.8934987385566564
0.7184573786948452
1.2487383964694436
0.6129279712314802
0.6364269742300394
1.3443592645565754
1.7829384617351072
1.5384880817287665
3.4455151938675113
0.8140182327857575
1.8022881814883795
1.8223096707858475
2.2831140664436953
0.6920226938972375
1.2313687188864721
0.654031806477134
0.5650039527974225
0.7725559264373157
1.4866068317506285
0.74374440038801
0.7359434065207177
0.9446881404853086
2.2090604816686032
2.1637256954597714
1.995027637624874
0.7364525815171695
1.6279094988343987
2.3779414334925506
1.51583627262568
0.8132640553176578
0.8771175652088704
0.7340738700158279
1.9346297325317445
0.6651175573241217
0.49816480046823863
1.6554490296799125
1.7972439132801734
1.522445849252728
0.70342925020699
0.8579872792663678
0.7640400349253431
2.378217139645929
0.7000940785879978
1.4744528017299905
0.9015605290488875
0.8704009860683564
0.6274763029494965
1.472535737386033
1.255512081934298
2.287458895954984
0.724409511425361
0.7377535923890074
1.6371647487223846
1.1686936292466679
1.193003330491462
0.7037892368619416
0.8021762965110625
0.6033914538792012
0.7743564585635794
0.9044186146730778
1.6189794741549335
1.1107320200074253
0.841785128695146
0.6543130544000052
3.0264403856305973
0.7260267770810287
0.8145878894284991
1.5067643631990588
0.7038583625313477
0.6074756569557275
2.0317235719734605
0.5841715441167774
0.5751524990449656
1.913237183056764
2.645639130761655
0.9205870025003154
0.7981603472118228
0.6366104181725533
1.6729577598734526
0.7025131410000932
1.9551701514110293
0.6215387928825455
0.8930367797142136
0.7413592572287802
0.8376259629335548
0.7765908439882417
0.842261881754973
1.8289216289175132
0.6658251410454981
2.202439562935008
0.8081285996736749
1.2041688630415124
1.0021783591490852
0.6439708338346636
2.191753410488994
0.7861163675614005
2.5809314736303883
0.7747723866589145
0.947277712904108
0.8382466665850722
2.265962999269052
2.484044385491982
0.5628158538735374
1.342929394707334
0.6494136135013721
2.7299140641377164
0.7758387739630633
0.6722030821572091
0.801008618933494
2.173293840170412
0.7494762982774622
0.6641967734625194
2.1386701082683914
0.3473103090937599
1.7368637857696247
1.2089082811902325
0.6865448262123687
2.2858800177605394
0.6776798991975247
0.9055924238476093
1.844322652561891
2.3949870438513994
0.6381723260096407
0.5414304673364432
1.051841207359249
0.7302446568733382
0.6178376463122189
0.7300190981234878
0.7026675205119963
0.6485017591142288
0.8239153702663551
2.4595896249886993
0.659623205827677
0.9294955341032781
1.6175303296837742
0.7108329535107271
0.7133083934152665
1.001841435622792
0.8441045940005261
0.8435950389837376
0.6966231654889292
2.0879334635894087
0.7085113299129526
0.7042236525333406
0.44874853094067696
1.789841614967115
0.8937727937259318
1.0032080576133504
2.2251174415711588
0.7263972685601853
0.5668544819408607
0.8014410962825321
1.9045393290165666
0.7582683653476676
2.78354859697977
0.4749179020003392
0.9338512693077595
2.0675265185720786
2.515243326175057
0.8358009517770146
0.8660839453398073
1.2633830149467953
2.208701377380967
0.6464214336261624
2.79337105384917
0.7902411247413943
1.774191023535624
0.49608587820460986
0.890629256924277
0.7881199037778868
0.9060326090558981
1.1239153405782707
0.7604596110371467
1.6862308748262091
1.2095422697088862
0.807415503341567
1.8542620011870006
0.6126390589291953
1.9838259262621403
0.740527222049929
0.7429493744546963
0.9285612967640556
0.8191647889771257
1.9177477989577003
2.308607914243773
0.6859058501429998
0.6463051730719026
4.420727754291535
1.6932789998586484
1.5236844614030631
0.7788874271303223
0.9468306407042991
3.8481865781014792
1.9440283955592004
0.9350575169808585
2.1026187952978646
0.693853764721198
0.7081949011971669
1.8722976477447404
2.0316214766990828
0.9903662243104845
1.5416753677260089
1.059297369079002
1.9794274659305526
2.046420231975491
1.1695663399996934
2.4832233328639868
2.33809561173835
1.7450385814653533
0.6135943502098278
0.47372081550949585
1.2730857788396717
0.7404123546651528
1.8660521501652172
1.6430041767097456
2.686917100014411
2.2672011741893585
2.3862933791680314
0.625147025744159
1.032090948603203
0.7005609051518388
2.665355661789437
0.8836693855650564
0.9917695739522275
1.0609751928091766
1.0234399232326095
1.7970490282786475
0.905548159891546
0.6184726910556391
1.7003217465598506
0.8184861411737263
2.453959052517606
0.977856052949002
1.5803603631726475
0.8351302916700731
0.6919224946933867
0.8515334243710254
0.5690587890688348
1.0066125872803682
3.616494635315477
1.0255636949366584
2.642766695883011
0.6971411806499315
1.019794801753326
0.7711484623352799
2.342729896004041
2.135482307827025
2.219896171135064
0.6842108514839048
1.004617378789765
2.948834983826803
1.6694721748064574
0.8018341665954108
0.884080843851465
1.3648613288502853
1.1694488643150942
0.7261792152694551
1.6415577229144005
0.6386524263273001
1.8361233429045247
2.134267474435972
0.8522056536249945
0.3821160708698497
0.9372747537229249
0.5861055624454639
0.49486304784834695
0.7418063024451127
1.8650237313568345
0.546373803361932
1.2403974582892108
1.1553044761686568
2.043261552123404
0.7388335172043576
1.704583431042793
1.6053207072292695
1.156263692001517
0.7463609393163694
1.310003704546284
2.122828793889249
1.6419212890651833
1.5330844948134152
1.4003363396033368
0.5952165569377775
1.9336202787795034
1.9035219967941144
2.408923078969236
0.3220446867085341
1.1261158076370668
0.6912431348214865
0.8233831867640902
1.5584268737026805
1.1051011627805587
1.9792143212721578
0.7450474384104848
0.2992817512102522
2.485224467219374
0.6186143445129959
0.46233385723291065
0.38141669287600577
1.418074280061726
1.0259189724186042
0.7184045299715365
2.0481128184492055
2.2243204334894338
1.6420928422558483
0.7600906663695736
1.295469354535745
0.8957429438980367
0.973395934710019
1.1292972934422596
2.233321057565838
0.8192702153505265
1.1029813358460474
1.9542118133448652
2.0281297812383454
2.864488971131651
0.7714539424253796
0.6885319124955394
0.36052137191689615
0.5695263508401521
1.8281756861254363
1.592514329782927
1.9259291464943056
0.664024361625983
0.8007615702374081
1.4361894109709834
0.9156684206408947
1.2022483707543064
0.7829711348254277
2.354663024248623
1.018835282295851
1.152572950838822
0.5554378278792929
0.8434218798643591
2.053603567613535
3.0940506260779572
2.7154946099025703
0.72010601567872
3.2629245490593255
0.8242307261098596
1.0906164572307404
2.451745212765362
0.502227216525667
4.021766872893956
1.4482418009576776
0.7582265063556788
1.1255201413094957
0.5976757827259653
2.462233637621859
1.6748205817622257
2.144901003564965
0.5577840053001518
1.9683070398373115
0.6898352762222425
0.9002943079605678
1.5653269032070611
2.098619537751757
1.311657935545257
0.8029557719966177
0.6337884848758082
1.6281506954808649
1.8527935654162806
0.5579718063642533
0.7333312313815539
0.8926077477946485
0.7443533051705997
1.1050421553118117
1.959319175886258
2.6399283445632973
0.6750626559670989
1.676800490638792
0.8093634812997204
0.6332866736423806
1.0498697295439832
0.5679725151514402
0.8990861032919261
0.6930094613864712
0.6580449360095754
1.3123814941675764
0.9003733541358946
2.2918011061566106
0.7842718510986999
0.7303220720361656
1.59134210216619
0.6296596973424593
0.631229503034434
0.4217504717389483
1.794760500090624
