-0.5380954742431641
-0.3292507827281952
-3.5049726963043213
-0.856564998626709
0.44868940114974976
-1.2797890901565552
-5.345210552215576
-0.47203364968299866
-0.2765434682369232
0.3262208104133606
-0.7682320475578308
-0.7029819488525391
0.4882359206676483
-0.46648743748664856
-2.877707004547119
0.4251897931098938
0.1627262383699417
0.24564696848392487
-0.9901248216629028
-3.661285638809204
-4.420954704284668
-1.417643427848816
0.4069426655769348
0.2103920876979828
-0.5205357670783997
0.3766026794910431
-1.315706729888916
0.0734090581536293
0.3531376123428345
0.5151644945144653
0.4441322088241577
0.32896751165390015
-0.736278772354126
0.4922536015510559
-1.7726036310195923
-1.995009183883667
-0.7383612394332886
0.45681920647621155
-0.45346173644065857
0.2824268043041229
-0.8809401988983154
-0.8970391750335693
-0.3518320620059967
0.44802427291870117
0.4859008491039276
-0.48796582221984863
0.08154691755771637
-0.7056012153625488
-0.8197183609008789
0.5577138066291809
0.260031133890152
-4.595484733581543
-3.4275741577148438
0.003354165703058243
-3.6130881309509277
-0.5118361115455627
0.2280496507883072
0.4569900333881378
-0.3478446900844574
-2.300774574279785
-0.5402592420578003
0.5308690667152405
-0.3966280221939087
0.4798106849193573
-0.01629849150776863
-0.4914603531360626
-4.921974182128906
-0.8765998482704163
0.8246616125106812
-0.681005597114563
-0.6760618090629578
-0.6888564825057983
0.011982754804193974
0.2950589656829834
-0.40640875697135925
0.31079918146133423
0.09391776472330093
-0.8466567397117615
-0.7131472229957581
-2.5962069034576416
-1.1413344144821167
-1.0033239126205444
-0.8375169634819031
-0.4938708543777466
0.25535285472869873
0.2730048596858978
-0.5440154671669006
0.22708384692668915
-0.4900321662425995
-4.751453399658203
0.4142518937587738
0.39896366000175476
3.630624294281006
0.22184783220291138
-0.6463311314582825
0.30644625425338745
0.6064007878303528
0.24350254237651825
-1.139876127243042
-3.897735595703125
-0.7503018975257874
0.9072885513305664
-1.1150391101837158
0.5940448045730591
-1.8748483657836914
-0.4498678147792816
-1.5531061887741089
-0.7124747633934021
-2.4839375019073486
-3.4430487155914307
-0.4799412488937378
0.4199616014957428
-0.3557196855545044
-0.9585996866226196
0.29748424887657166
0.3663943111896515
1.2681680917739868
-0.16080300509929657
0.37426814436912537
-0.7531180381774902
-1.0715337991714478
-4.093003273010254
-0.18797796964645386
-0.6147197484970093
-2.1624622344970703
-0.801618754863739
-0.5100935697555542
-0.7362253069877625
0.4266755282878876
-2.871985912322998
-0.9564858675003052
-4.345863342285156
-1.9073036909103394
-0.8066437840461731
-1.257534146308899
0.13539327681064606
-1.6814303398132324
-1.2231669425964355
-0.5545717477798462
-1.520476222038269
-7.9833292961120605
0.24628613889217377
0.46540701389312744
-0.9990692138671875
0.5435750484466553
-1.3328917026519775
-1.0514098405838013
0.2712026834487915
0.5465920567512512
-0.40179121494293213
-0.450466126203537
-0.41120466589927673
-1.1188551187515259
-0.9426056146621704
-1.4528789520263672
-1.0001769065856934
0.5069632530212402
-1.1049683094024658
-0.25381168723106384
-0.9645097851753235
-0.40239372849464417
-2.3812496662139893
-1.2726088762283325
0.4271022379398346
-1.871160626411438
1.0659732818603516
0.26032936573028564
-2.7471957206726074
-3.429943084716797
2.033867597579956
-0.5701252222061157
-1.0150889158248901
-1.3474229574203491
-1.5318033695220947
0.036972738802433014
-0.3802015781402588
-0.8140113353729248
0.3407575190067291
-0.5140684247016907
-1.1871851682662964
3.918162591524397e-35
0.1874719262123108
-0.3054846525192261
-2.240953207015991
-0.7405088543891907
-1.0392999649047852
-4.747867107391357
0.39383596181869507
-0.7661101818084717
-0.4617440402507782
-1.530114769935608
0.36333802342414856
0.005677543114870787
-0.15184207260608673
-1.4198768138885498
1.0066817998886108
-0.5245053768157959
-2.5693578720092773
0.36849072575569153
0.4184539318084717
0.4052334129810333
-0.4675104320049286
-1.7228357791900635
-0.4708375632762909
-0.6845676302909851
-1.2178573608398438
0.48068809509277344
0.5291236042976379
0.47464874386787415
0.7096368670463562
0.351638525724411
-1.3371284008026123
-0.20423968136310577
0.23631273210048676
0.38979578018188477
0.062267936766147614
-0.35167527198791504
-0.5366354584693909
0.48424845933914185
0.30839109420776367
0.28352484107017517
0.48913827538490295
-0.8998236656188965
-0.9578352570533752
-0.650189220905304
1.3295897245407104
0.39755409955978394
0.2878365218639374
-1.0039293766021729
0.36438432335853577
-0.5527573227882385
-0.8791290521621704
0.5345882773399353
0.45045310258865356
-0.5340996980667114
-1.5004584789276123
0.06158769130706787
-0.34937071800231934
-0.46115270256996155
0.12108466029167175
-1.1177968978881836
-0.38112762570381165
0.19005395472049713
-4.781071662902832
0.39271196722984314
0.16210658848285675
0.31943726539611816
-0.07954251766204834
0.12090638279914856
0.817556619644165
0.4060416519641876
-0.9382596611976624
-0.02274874597787857
0.3987433910369873
0.3424430787563324
-2.211728096008301
-3.917838297428589e-35
0.4701792597770691
-0.38311392068862915
0.41170361638069153
-0.9651574492454529
0.36950621008872986
-1.6411408185958862
0.06106678396463394
0.32237356901168823
-0.7388668656349182
0.3108694553375244
-0.17063643038272858
-0.33985304832458496
0.025313425809144974
-2.3951828479766846
-4.381075859069824
0.6717687845230103
0.40304410457611084
-1.402466058731079
1.3663688898086548
0.5437161326408386
-0.8148465752601624
-0.7847813367843628
0.3150317668914795
-1.5966566801071167
0.6664167046546936
-1.2249159812927246
-0.408905953168869
-0.4366861879825592
-0.4983532428741455
-2.7269020080566406
0.11343603581190109
0.29340508580207825
-0.600250244140625
-1.2843416929244995
0.13403494656085968
0.24464300274848938
-0.4246503710746765
-4.564761161804199
-1.5768781900405884
0.42603743076324463
-0.5411906838417053
0.28727948665618896
-0.7609788179397583
-0.2615363895893097
-0.3673623204231262
-0.9100438356399536
-1.483632206916809
-0.29015564918518066
-1.029465675354004
-0.5421916246414185
0.5060292482376099
-0.4421845078468323
-1.108561396598816
-0.6876809000968933
0.2946208715438843
0.4275280237197876
-0.44253960251808167
-1.725075125694275
-0.6703640222549438
0.4098258912563324
-0.7272732853889465
-0.43068787455558777
0.3589034378528595
-1.6735104322433472
0.3064834177494049
-0.3902199864387512
0.3236110210418701
-0.46258431673049927
-0.03559244051575661
-1.7223987579345703
-1.9897305965423584
0.37731069326400757
-0.12525492906570435
-2.0882444381713867
0.1976354569196701
0.5053963661193848
0.37788358330726624
-0.7213774919509888
-1.1202139854431152
-0.7877414226531982
0.505501925945282
0.45038488507270813
-0.9859020113945007
-0.764823317527771
0.027767224237322807
0.36901724338531494
-0.3535080850124359
-1.55582857131958
0.2561800479888916
0.2765413522720337
-1.1091511249542236
0.11487003415822983
-1.2480523586273193
0.8670913577079773
0.4272857904434204
-0.6962845921516418
0.3641050159931183
-3.7073888778686523
0.2010820508003235
0.4740979075431824
-1.8485653400421143
-0.7168912291526794
0.4008173644542694
-4.552999019622803
-0.03478684648871422
-0.9545547962188721
0.3281463086605072
-3.381387710571289
0.2129720151424408
-0.6430283188819885
-0.5649876594543457
-0.6925172805786133
0.49574795365333557
-0.4883255958557129
0.4972366392612457
-1.0327551364898682
0.31540510058403015
-0.6538811326026917
0.523231029510498
0.19644154608249664
-4.0342607498168945
-0.8218761682510376
3.9178624042463306e-35
-0.37011241912841797
1.9455153942108154
-0.6425516605377197
0.3675350248813629
-0.7161734700202942
-0.9454139471054077
-1.2603365182876587
-0.8124287724494934
-0.28106260299682617
0.42351096868515015
-0.7787171602249146
0.6978844404220581
0.4512099325656891
-0.6033070683479309
0.42275381088256836
-0.8538250923156738
-0.449383020401001
-0.677207350730896
-0.8942528367042542
-2.1669843196868896
0.07229258120059967
-0.5059750080108643
0.6084271669387817
-1.6146067380905151
-0.6382420659065247
-1.5864808559417725
-0.5015297532081604
-0.5423498153686523
0.31215712428092957
-1.638288974761963
-1.2033597230911255
-2.447582721710205
0.3375832438468933
-0.4723868668079376
0.37460389733314514
-0.47857463359832764
-1.2972835302352905
0.36908313632011414
-0.3404359817504883
-0.4860217273235321
0.5289800763130188
-1.3113361597061157
-1.9244576692581177
0.08508824557065964
0.3762243092060089
0.19243258237838745
-6.252280235290527
-1.0014593601226807
-1.4091086387634277
-0.3371841609477997
-2.5253193378448486
-0.4351077079772949
0.15688376128673553
-1.6210100650787354
-0.35697782039642334
-0.656649112701416
-2.404390811920166
-2.817157745361328
-4.4738030433654785
0.3227456212043762
0.11806372553110123
-1.2557158470153809
-0.6710605025291443
-1.370842695236206
0.4454168379306793
-0.3952763080596924
-0.8102736473083496
0.539344847202301
0.25680407881736755
-0.1468181014060974
0.4446781575679779
0.17713318765163422
-1.0667684078216553
0.2892042100429535
0.3538922667503357
-1.5606694221496582
-2.003978729248047
-0.9659731388092041
0.33443695306777954
0.10571557283401489
-0.5347445011138916
-0.9263678193092346
0.3270139694213867
-0.39899203181266785
0.5034605264663696
0.8412032127380371
-0.4658016562461853
-1.5564281940460205
0.3727080225944519
2.012305498123169
-5.601902961730957
0.12943920493125916
-1.4490478038787842
-0.3786078095436096
-0.2474554479122162
-0.6602652668952942
-0.6379314064979553
-0.056737929582595825
0.3163397014141083
-1.0255590677261353
0.3426179587841034
-1.0279841423034668
-2.0208702087402344
0.2687208652496338
-0.36136043071746826
0.346096396446228
-3.932523727416992
-1.1903460025787354
0.4210239052772522
-0.4638173580169678
0.4046482443809509
0.26293137669563293
-1.1210336685180664
3.9173334891856457e-35
-1.3337464332580566
0.5357205867767334
-0.48711585998535156
-0.47188591957092285
-2.8399267196655273
-0.1558472067117691
-0.2878044545650482
0.3942902982234955
-0.2097458690404892
0.16783088445663452
0.2640830874443054
-0.8506200909614563
0.33507388830184937
-1.2358261346817017
0.4584416151046753
-0.015717394649982452
0.30377262830734253
0.2679307460784912
0.3195660710334778
0.459089457988739
-2.147385597229004
-1.4326057434082031
-0.07592421025037766
-0.3496825397014618
0.45899441838264465
0.3047522008419037
0.3013453483581543
-0.9393414258956909
0.4677068293094635
-6.65017032623291
-0.5725423693656921
-2.552081823348999
-0.7891736030578613
0.3546832799911499
-0.4339725971221924
-1.2894089221954346
-0.0037437272258102894
-1.3951940536499023
-0.4247608482837677
0.4887831211090088
-0.028910066932439804
-0.5506031513214111
-0.4779568910598755
-1.04807710647583
-0.7541478872299194
0.3276183605194092
-0.41656672954559326
-0.12520982325077057
-0.34972211718559265
0.37406376004219055
-0.5130966305732727
0.1955435574054718
-2.334322690963745
-3.5982534885406494
-2.9883370399475098
0.43742796778678894
-1.0560083389282227
0.46972939372062683
-0.8200721740722656
-0.6506358981132507
0.45550188422203064
0.4275382161140442
-0.3034236431121826
0.3697313666343689
-1.2678734064102173
-3.1773979663848877
-1.2245047092437744
-0.48366594314575195
-1.7245060205459595
-0.324075847864151
-2.5797953605651855
0.2768156826496124
-0.5598165392875671
0.3557766079902649
-5.978529453277588
0.43369773030281067
-0.5686150193214417
-2.2721076011657715
-0.43378549814224243
0.9023160338401794
0.196406751871109
0.26576125621795654
0.23131921887397766
-0.9371849298477173
-1.6461066007614136
0.05876169726252556
0.4284994304180145
-0.9984863996505737
-1.3038543462753296
-1.8762575387954712
0.27238112688064575
-0.6458315253257751
-0.5983911752700806
0.34885308146476746
-1.133020281791687
0.49299126863479614
0.4975008964538574
0.5890673995018005
0.5640001893043518
-0.5012257695198059
-0.16678543388843536
-1.0710023641586304
0.5323814153671265
-2.0107173919677734
0.4305332899093628
0.35704439878463745
1.6798509359359741
-1.6687159538269043
0.44881004095077515
0.23697726428508759
-0.5987846851348877
-0.7524025440216064
0.36956682801246643
-1.1549078226089478
-0.5751796960830688
0.36509060859680176
0.5190151929855347
-0.6042067408561707
0.3622863292694092
0.4879961609840393
0.5058500170707703
-0.4093855023384094
0.22925153374671936
-1.4618674516677856
0.1030910313129425
0.49058398604393005
-0.6548551917076111
0.6871725916862488
-4.509160041809082
-2.1607980728149414
-0.05841691792011261
-0.6470524072647095
0.30755576491355896
0.5053920149803162
0.28207939863204956
-1.2821346521377563
-0.10758272558450699
0.3517167568206787
0.24164052307605743
-0.49412083625793457
0.18758194148540497
-0.043533872812986374
-2.2352211475372314
0.35292792320251465
0.9880751371383667
0.3089776933193207
0.2613109350204468
-0.39967960119247437
-1.3955804109573364
-1.7446233034133911
-0.35311004519462585
0.41951656341552734
-2.4843878746032715
-1.2780909538269043
-2.7575716972351074
0.34871000051498413
-0.6775767207145691
0.3574161231517792
0.2467316836118698
-0.4039016664028168
-0.6179236173629761
-0.43744128942489624
-0.44581496715545654
0.5147558450698853
-1.560522437095642
-1.2492454051971436
-4.382838726043701
-0.36228102445602417
1.943511724472046
-1.285998821258545
-0.7021130919456482
0.3971075415611267
-0.526638925075531
0.3836600184440613
-0.7599594593048096
0.2820369303226471
0.0314474031329155
-1.974239468574524
-1.4586578607559204
-1.3076801300048828
-0.4384955167770386
-0.7005593776702881
-0.4769051671028137
-2.6377792358398438
0.33008888363838196
-0.5577982068061829
0.5290902256965637
0.41673165559768677
0.34714385867118835
-0.5466892123222351
-1.1410059928894043
-3.874134063720703
0.31079190969467163
-0.40479776263237
-0.008849154226481915
-0.8222987651824951
-0.3689262866973877
0.3691679537296295
0.4866773188114166
-0.3759244680404663
-0.5564877986907959
0.44186079502105713
-1.1910282373428345
-0.302164226770401
0.4375670552253723
-0.48426753282546997
-3.2964608669281006
0.4067971706390381
0.40987372398376465
-0.6809231638908386
-0.3862121105194092
0.2659890055656433
-0.8511672616004944
0.27298882603645325
0.23075838387012482
-1.9843218326568604
-1.3517085313796997
-0.607279896736145
-0.48798707127571106
0.30376526713371277
-0.8350749015808105
0.36509212851524353
-3.083120822906494
-0.44220879673957825
-0.23102997243404388
0.4252552390098572
0.582377552986145
0.36621564626693726
-0.6336332559585571
-0.638397753238678
0.3897942900657654
-3.2252705097198486
-0.5737073421478271
0.48160800337791443
-0.5704535245895386
-0.3867619037628174
-1.2845070362091064
0.48480379581451416
-1.3388352394104004
0.39409053325653076
0.5874806046485901
-0.4333064556121826
-3.9074230194091797
-5.426839828491211
0.31525227427482605
-0.537338376045227
-0.4392721354961395
-1.2752690315246582
-0.434380441904068
0.1906912624835968
-0.4411076307296753
-2.804258108139038
-0.48376956582069397
0.3316771984100342
-0.930130660533905
-0.0357363298535347
-1.006801724433899
-0.7228285074234009
0.2833142876625061
-0.49864745140075684
0.33922553062438965
-0.5808956623077393
-2.5758461952209473
-2.5079312324523926
0.3274630010128021
-0.06687335669994354
0.6054055094718933
0.36188268661499023
-0.36202237010002136
0.3658234179019928
0.33173424005508423
0.31644406914711
0.43111374974250793
-4.668815612792969
0.32584038376808167
-0.6824413537979126
-1.0275968313217163
-0.4057597517967224
0.4008859097957611
0.42080628871917725
-0.5117273330688477
-0.4425745904445648
-0.39444291591644287
0.559885561466217
0.36273711919784546
0.3971574008464813
0.020588794723153114
-1.2842422723770142
0.442197322845459
0.4573953449726105
-4.808002471923828
0.38445329666137695
0.2772105932235718
0.3907278776168823
-3.769259452819824
-0.5242432355880737
-3.748408079147339
0.2057955265045166
-0.3465268015861511
-1.1752822399139404
-0.7989575266838074
0.49503183364868164
0.5187732577323914
-0.8219329714775085
-1.7701672315597534
0.3373090624809265
-1.3305808305740356
0.4599909484386444
-0.7761406898498535
-0.025295734405517578
-0.5694140195846558
-0.40815046429634094
0.4849321246147156
-0.3522428572177887
-0.14391668140888214
-0.7937763929367065
-0.9076786637306213
0.40487244725227356
-1.576473355293274
0.25944802165031433
-2.828015089035034
0.3839815557003021
-0.4648028016090393
-0.48323944211006165
-0.5903980731964111
-0.9913083910942078
-1.222202181816101
0.32814696431159973
0.309584379196167
-6.935430526733398
-1.607633113861084
-1.2622416019439697
0.4195474684238434
0.4006703197956085
-1.9274159669876099
-0.9779699444770813
-0.5465362668037415
-1.9930692911148071
0.41921406984329224
0.3940799832344055
-1.9585622549057007
2.6436173915863037
-0.6782578825950623
-1.5945380926132202
-0.6623235940933228
-2.84978985786438
-2.1478941440582275
-0.5739275813102722
-4.726909160614014
-4.154237747192383
-1.9417129755020142
0.3132801651954651
0.22809523344039917
0.9202045798301697
0.46911898255348206
-2.045121431350708
-0.8348632454872131
-3.622252941131592
-1.0548582077026367
-2.2427520751953125
0.33960968255996704
0.64719158411026
-0.3969874680042267
-1.5746694803237915
0.5422675609588623
-0.7521482110023499
0.5331254601478577
0.5272089838981628
-0.7817168831825256
0.5584739446640015
0.32110103964805603
-1.5892035961151123
0.6103997230529785
-6.143167018890381
0.5846420526504517
-1.0676008462905884
0.4547089636325836
0.3577016592025757
0.4749157726764679
-0.17081895470619202
0.5588715076446533
-1.0378143787384033
0.5399162173271179
-1.0213520526885986
0.41872385144233704
-0.5166743993759155
0.27144715189933777
-0.6895679831504822
-0.6286779642105103
-4.6404876708984375
-0.4683076739311218
-0.6803561449050903
-1.2726733684539795
-1.392530918121338
-0.4824514091014862
-0.5823665857315063
-0.8265683650970459
0.5043870806694031
0.36858582496643066
-0.795850932598114
-0.4088144302368164
-1.345401644706726
1.8019332885742188
0.42707642912864685
0.18727950751781464
0.26954492926597595
-0.2994755506515503
0.24242821335792542
0.360008180141449
-1.22075355052948
0.08144845813512802
-0.6102581024169922
-0.9844939708709717
-0.8081778287887573
0.4069681465625763
-0.9626764059066772
-0.8977974653244019
1.9282987117767334
0.3470323383808136
-0.8658886551856995
-2.6706349849700928
-0.8589484095573425
2.749298095703125
-0.42998477816581726
0.28296270966529846
-0.35964182019233704
-1.3133459091186523
-0.9262762665748596
-0.006614760495722294
0.6633118987083435
0.32037487626075745
0.4381960928440094
-0.9317977428436279
-0.42024141550064087
-1.637587070465088
0.38116905093193054
0.11254186183214188
-2.594500780105591
0.2833194136619568
0.11601798981428146
0.08051088452339172
-0.8446813225746155
-0.7064010500907898
0.380313903093338
-1.979110598564148
-5.1029372215271
-1.1807559728622437
0.39504048228263855
-1.1028488874435425
-0.662054717540741
-0.8956867456436157
-0.9283139705657959
-2.5883948802948
-0.5207124948501587
-0.9543136954307556
-2.168720245361328
-2.1314823627471924
-0.3716032803058624
0.46114957332611084
0.3404906988143921
0.058171749114990234
0.27050283551216125
-0.8933343291282654
-1.4441484212875366
-4.158868312835693
0.30557599663734436
-0.3902180790901184
-0.571437656879425
-0.6031575202941895
-0.6493327021598816
0.4611232578754425
-3.623690366744995
0.5572717785835266
-1.009987473487854
-0.29284748435020447
0.4788036644458771
-1.1789710521697998
-1.6403470039367676
-1.4994932413101196
0.36214038729667664
-4.688802719116211
0.39790746569633484
0.614993691444397
-4.945432186126709
0.2305249273777008
7.395437240600586
-0.01899269036948681
-0.4417118430137634
0.557659387588501
0.27061498165130615
-3.5954151153564453
-1.0822455883026123
-1.1830661296844482
0.27371612191200256
-1.024975299835205
-0.4044192433357239
-0.6118503212928772
-2.509727716445923
-1.1057708263397217
-0.8591842651367188
0.42860761284828186
0.3152541518211365
-3.8147435188293457
-0.9343363642692566
0.28747662901878357
0.3140265643596649
0.4635538160800934
0.20733828842639923
-0.35443687438964844
-1.6604381799697876
-1.306731104850769
0.3262782096862793
-1.3511093854904175
-0.48036009073257446
0.3469460606575012
-0.64959716796875
0.27997148036956787
0.4671921133995056
0.3531404435634613
0.3131788372993469
-0.5884733200073242
-0.6224948167800903
-4.555757999420166
0.464545875787735
-0.4256763160228729
-1.0203559398651123
0.30538055300712585
0.41272783279418945
0.0050501092337071896
-0.5345335602760315
