0.5637590289115906
0.6237389445304871
0.6370453834533691
0.8996869921684265
0.8864772319793701
0.651390552520752
0.828603982925415
0.6265532374382019
1.896937608718872
0.8949133157730103
0.5788715481758118
1.177765130996704
1.6240373849868774
0.527857780456543
1.119739055633545
0.8918271064758301
0.65462327003479
0.7689945101737976
0.7549194693565369
0.5469763875007629
0.5730699300765991
0.5852068662643433
0.6782235503196716
0.8969544172286987
0.5758295655250549
0.7152905464172363
1.4583607912063599
1.0337532758712769
1.5717799663543701
1.3603912591934204
0.8122667670249939
1.886007308959961
1.5075757503509521
0.8447859287261963
0.6146251559257507
0.6221193671226501
0.8073536157608032
0.8789684176445007
0.7937803268432617
1.0803534984588623
2.1283276081085205
0.6235445141792297
0.8326123952865601
0.4829847812652588
1.097739577293396
0.48536747694015503
0.631236732006073
0.569308340549469
1.178300142288208
1.9805461168289185
1.8696000576019287
0.6701055765151978
0.9095458388328552
0.6940222382545471
0.637630820274353
0.6193949580192566
1.3482550382614136
0.6304135918617249
1.5286521911621094
0.5169069766998291
1.222901463508606
1.275738000869751
1.2459148168563843
0.6421985030174255
0.642012894153595
0.9872649908065796
0.8484093546867371
1.1482343673706055
0.7840441465377808
1.046901822090149
1.1625150442123413
0.7522419095039368
0.4227927029132843
1.0280364751815796
0.7288498282432556
1.3762537240982056
2.685636520385742
0.5218080282211304
0.6020305752754211
1.601597547531128
0.7237162590026855
0.5994419455528259
0.620552122592926
0.6453840136528015
0.5526896715164185
1.5286341905593872
0.9689655303955078
1.1274741888046265
1.104939579963684
0.7273847460746765
0.6517413258552551
1.782848834991455
1.3468105792999268
1.1337896585464478
0.6467939615249634
1.3418896198272705
0.9861803650856018
1.694645643234253
0.5099552869796753
1.3640536069869995
0.6957074403762817
0.5869686603546143
1.0590975284576416
0.9539414048194885
0.613943338394165
0.9229914546012878
1.018092155456543
0.7030858993530273
0.9590197205543518
0.4656042754650116
1.1264079809188843
0.7166870832443237
1.5267802476882935
1.1625244617462158
0.5355570912361145
0.6771964430809021
0.7613595724105835
0.5465809106826782
1.063751459121704
0.5939369797706604
1.5164726972579956
2.1874377727508545
0.7366267442703247
1.468355417251587
0.6577394604682922
0.6302960515022278
1.0702214241027832
1.1865788698196411
0.9864324331283569
0.7042189240455627
0.6563211679458618
1.0140310525894165
0.8007662892341614
0.6523136496543884
0.8813479542732239
0.8087713718414307
0.7339191436767578
0.8390638828277588
0.9080910682678223
0.7776981592178345
1.3747544288635254
1.1977390050888062
0.6726603507995605
0.8436509966850281
0.8624122738838196
0.5175336599349976
0.5547218918800354
1.0950188636779785
1.3307629823684692
0.8507036566734314
0.5541131496429443
0.6812046766281128
0.8991523385047913
1.1948680877685547
1.1232256889343262
1.1831061840057373
1.281880497932434
0.8932249546051025
0.7617024183273315
0.6979325413703918
0.7919175624847412
0.6416575908660889
0.5819850564002991
0.6556068658828735
0.7993438243865967
0.6845452785491943
0.7362234592437744
0.6933090686798096
0.5094512104988098
0.722246527671814
1.33378267288208
0.9181488752365112
0.9693100452423096
0.5909513831138611
0.9090778827667236
0.8326656222343445
0.47201353311538696
0.7934284806251526
0.6340621113777161
0.632492184638977
0.6061932444572449
0.884540319442749
0.7352491021156311
1.1082429885864258
0.9126707315444946
1.7764897346496582
0.679943323135376
1.0846670866012573
0.4978579878807068
0.5285201072692871
0.6040743589401245
0.5576754212379456
2.398952007293701
1.4317378997802734
0.8166813254356384
0.7120455503463745
0.8265999555587769
0.852634072303772
0.5527812838554382
0.8397841453552246
0.6252561807632446
0.685492992401123
0.6759419441223145
1.3327460289001465
0.6023518443107605
0.7855516076087952
0.6481450200080872
0.5717218518257141
1.7470229864120483
1.1315997838974
0.6439762115478516
0.6547719836235046
1.6441267728805542
1.4247279167175293
1.181925892829895
1.0016807317733765
0.6804800629615784
0.5863175988197327
1.8700783252716064
0.9807517528533936
0.705464243888855
1.332903265953064
0.6732462644577026
1.0416977405548096
1.186997652053833
0.906970202922821
1.498242735862732
0.5127360820770264
0.7454825043678284
1.3690402507781982
0.6126673817634583
0.598739504814148
0.8183706998825073
0.8977571129798889
0.5586336255073547
1.0712984800338745
0.9079656004905701
0.6676188111305237
0.8413092494010925
0.6929850578308105
0.6142629384994507
0.9835845232009888
1.4293557405471802
1.0138615369796753
0.7922525405883789
1.2267574071884155
0.793371856212616
0.6434293389320374
1.0022931098937988
1.1195857524871826
0.7785298228263855
0.5288239121437073
0.7391075491905212
0.8576403856277466
1.1815580129623413
1.264932632446289
1.5238102674484253
0.8599837422370911
0.8451061844825745
0.5343291163444519
0.5208343267440796
0.5817080736160278
1.0618736743927002
0.5683148503303528
0.5626492500305176
0.9872726798057556
0.8207129836082458
0.653232216835022
0.5773563981056213
0.8596352338790894
0.9606968760490417
0.6907896399497986
1.6251510381698608
0.5148501396179199
0.9808880090713501
0.9884434342384338
0.692665696144104
2.5853090286254883
0.9816412925720215
0.690040647983551
0.6965011358261108
0.4909272789955139
0.9897332191467285
0.7307490110397339
1.0522816181182861
0.6911440491676331
0.6593488454818726
1.2904090881347656
0.6013367772102356
0.9569522738456726
2.0949442386627197
1.249474287033081
0.6960515379905701
0.8793516159057617
0.775255560874939
1.8415898084640503
0.6166823506355286
0.9906070232391357
1.0363523960113525
0.7056736350059509
0.49775609374046326
0.8138654232025146
0.8531497120857239
0.6515905261039734
0.9986315965652466
0.7907641530036926
1.1286437511444092
1.2488646507263184
0.8269423246383667
2.4052679538726807
0.8963562250137329
0.5332832932472229
0.8928042650222778
0.9176581501960754
0.9060227870941162
0.6788120865821838
0.6323744654655457
0.6283143162727356
0.5921530723571777
1.6172834634780884
0.6754534244537354
0.4481871724128723
0.9065581560134888
0.6331589818000793
0.855505645275116
0.8576155304908752
0.9342330694198608
1.6078568696975708
0.511326789855957
0.8573275804519653
0.8816336989402771
0.6237492561340332
0.623274564743042
0.6163992285728455
0.850299060344696
0.7565693855285645
1.4246033430099487
1.2117547988891602
0.7299131155014038
1.4833122491836548
0.7953740954399109
0.7145777940750122
0.6167038083076477
1.7900110483169556
0.97138911485672
0.6827793121337891
0.6895431876182556
0.7301872372627258
0.9012753963470459
1.2505292892456055
1.0743918418884277
0.7319231033325195
0.7073824405670166
0.8776766657829285
0.9151021838188171
1.0732804536819458
0.6227312088012695
0.8120417594909668
1.7952431440353394
0.9333892464637756
1.2019391059875488
0.9310968518257141
0.7757154703140259
0.550412654876709
1.24844229221344
0.8593546748161316
0.6059545278549194
0.6711475253105164
1.2220079898834229
0.723931074142456
0.7292523384094238
0.8143174052238464
0.6512219309806824
1.0549343824386597
0.8632805347442627
0.760585367679596
0.65340256690979
1.1952954530715942
0.5080813765525818
0.9747471809387207
0.5185876488685608
0.5995880365371704
0.8165781497955322
1.4517557621002197
0.7433798909187317
0.6554780006408691
1.2683366537094116
0.8656577467918396
1.9382678270339966
0.5410849452018738
0.6400132179260254
1.4840527772903442
1.2698370218276978
1.5350892543792725
2.5886623859405518
0.5513055920600891
0.7929319739341736
1.1382522583007812
0.8201045393943787
1.2509182691574097
1.43166184425354
0.9339731931686401
1.5214804410934448
0.5949262976646423
0.8969906568527222
1.5715404748916626
0.7002576589584351
0.6119819283485413
0.7256747484207153
0.948811948299408
0.5092372894287109
1.4491667747497559
0.6786771416664124
1.795973539352417
1.312394142150879
1.1831430196762085
0.8059577941894531
0.7290661931037903
1.0141313076019287
0.6559861898422241
0.7320561408996582
1.522979497909546
0.8584096431732178
1.98031485080719
0.5079381465911865
0.5644737482070923
0.7139223217964172
1.5417084693908691
0.927704393863678
0.654895544052124
0.5727973580360413
1.0120288133621216
0.9024393558502197
0.6363660097122192
1.2839088439941406
0.8424221277236938
0.5795057415962219
0.9718974828720093
1.4908971786499023
1.177932858467102
0.7226840257644653
1.285503625869751
0.7733216285705566
0.6430982351303101
0.8909784555435181
1.1009403467178345
0.5040284395217896
0.8253045678138733
1.5778498649597168
0.8806123733520508
0.7253698110580444
0.9882585406303406
1.4886773824691772
1.1236381530761719
0.6464865207672119
1.1120150089263916
0.7464138865470886
0.5602532625198364
1.0812225341796875
0.9927806258201599
1.0202922821044922
0.660317063331604
0.6732619404792786
0.659343957901001
0.8505348563194275
0.9682925343513489
0.7007079124450684
0.5967199802398682
0.6650158762931824
0.7607582807540894
0.7836436033248901
1.019020676612854
0.8769964575767517
0.5952687859535217
1.16417396068573
0.7877984642982483
0.7778943777084351
0.8329707980155945
0.8209908604621887
0.6873123049736023
0.638735294342041
1.7610300779342651
0.8014081120491028
0.7581267356872559
2.140275001525879
0.5446712374687195
0.9646835923194885
0.8073931336402893
0.8162097930908203
0.7505356669425964
0.8742506504058838
1.261248230934143
1.3215758800506592
0.958480715751648
1.0206024646759033
0.7141432166099548
0.7826512455940247
1.4824215173721313
0.44754427671432495
0.7000176906585693
1.2761967182159424
1.166332483291626
0.8470486402511597
0.35066890716552734
0.5849819779396057
0.5757991671562195
0.8181782960891724
1.0136938095092773
0.5817687511444092
0.6488409638404846
2.044290542602539
0.8546791672706604
