0.6850650906562805
1.25338876247406
0.6700648069381714
-0.8545275926589966
0.9912223219871521
0.6524689197540283
3.266669750213623
1.5337498188018799
-1.1650084257125854
-0.12143286317586899
0.5117539763450623
-0.27056488394737244
-1.8595914840698242
2.0188488960266113
-1.0910658836364746
0.95094233751297
0.3217579424381256
3.268223524093628
-0.13531489670276642
0.800876796245575
1.4902957677841187
2.0570013523101807
1.964487910270691
-0.4828628599643707
0.9934782385826111
1.765608549118042
-0.3991720676422119
0.3556298613548279
-2.668494939804077
-0.5472814440727234
1.0694304704666138
-0.8375418782234192
-1.2384264469146729
2.6959896087646484
2.3844449520111084
0.5453956127166748
0.5114228129386902
2.919776201248169
2.385615110397339
0.422384649515152
-1.754438877105713
1.7870830297470093
2.0448572635650635
0.19779394567012787
-0.08170440047979355
1.7671153545379639
1.3340120315551758
1.6585016250610352
-2.0937931537628174
-0.8702653050422668
2.1475114822387695
0.7827505469322205
2.2594945430755615
2.372056484222412
1.3678209781646729
-0.08140631020069122
-0.4623560905456543
0.019938340410590172
-0.34154775738716125
0.06410474330186844
-0.0322512611746788
-0.5040671825408936
-3.0293068885803223
2.460026264190674
0.04711310192942619
-0.754675030708313
-0.32650917768478394
-0.026501638814806938
-0.0361236073076725
-0.9078784584999084
-0.48800602555274963
2.629868984222412
1.6407347917556763
0.5004011392593384
0.084381602704525
-0.15310849249362946
-3.1699564456939697
0.494759738445282
0.1474294513463974
-0.828999400138855
-0.2841542661190033
-0.06845847517251968
3.2214245796203613
1.4694098234176636
2.957792043685913
-1.7195419073104858
0.011815710924565792
-0.09645635634660721
-0.10587568581104279
1.9541544914245605
0.6001277565956116
-1.3659777641296387
-1.1951771974563599
-0.5331181883811951
0.3832918107509613
-0.798700749874115
-0.4284195303916931
-0.9232547283172607
1.132561445236206
-0.8824644088745117
2.45874285697937
1.8816242218017578
0.6590955853462219
0.1443745493888855
1.7875597476959229
2.349778413772583
-0.5906626582145691
-0.07886653393507004
-0.5405786633491516
0.9820355176925659
-0.2874647378921509
0.7614229321479797
-0.2571755051612854
-0.37292855978012085
1.7961483001708984
2.9892630577087402
-1.0800831317901611
2.424280881881714
-0.559022843837738
-0.23114459216594696
-1.5245954990386963
-0.4590693414211273
1.8519010543823242
-1.142819881439209
-0.0030180667527019978
1.5736652612686157
-0.836654543876648
-1.5763723850250244
-0.9547327756881714
2.6844499111175537
2.4649152755737305
-0.8382279872894287
-0.26709434390068054
0.13765764236450195
0.3597448170185089
-0.007310992572456598
1.5397802591323853
-0.6473230123519897
0.138426274061203
0.14576856791973114
-0.5742313265800476
-0.6710171699523926
1.4391692876815796
-0.552020251750946
-0.06960292160511017
1.6615257263183594
0.28567543625831604
-0.2090388983488083
-0.6019631028175354
1.1335783004760742
2.5235111713409424
0.6142878532409668
3.32011079788208
0.0481950007379055
-0.5570152997970581
-0.12591557204723358
-0.45806825160980225
2.962275266647339
0.35462725162506104
2.070215940475464
1.481870174407959
3.206662178039551
2.563593626022339
-0.4216042459011078
-0.6972783803939819
1.6566047668457031
-0.470931738615036
0.2312561571598053
0.24655486643314362
1.15218186378479
-0.5173749327659607
-0.31774038076400757
-0.4710628390312195
1.2714720964431763
2.4242796897888184
0.0327848419547081
1.6871192455291748
0.5864185094833374
1.971323013305664
1.390411138534546
0.624305009841919
2.5537009239196777
0.21391412615776062
-0.27302610874176025
0.6804454326629639
-0.9977436661720276
1.7353657484054565
0.9686848521232605
0.19998936355113983
1.633908987045288
1.9167802333831787
0.34981411695480347
-1.7793488502502441
-2.421926498413086
0.38166868686676025
0.5648514032363892
3.046379566192627
0.5184287428855896
1.552459955215454
-0.24946239590644836
1.7338862419128418
1.7418975830078125
-0.03870201110839844
-0.4459020793437958
1.6702901124954224
0.4833204746246338
2.073179244995117
2.5279507637023926
-0.6820587515830994
-1.1028921604156494
0.9363545179367065
0.3051084876060486
-1.5615885257720947
-0.27106672525405884
-0.09536708891391754
-0.7740451097488403
-0.006025255192071199
2.926809310913086
-1.065821886062622
-0.22717687487602234
0.4620077908039093
-1.4980337619781494
-0.1642845869064331
0.1932123750448227
0.08832388371229172
0.2988627851009369
-1.1813877820968628
1.1185650825500488
-0.3218008577823639
-0.19165381789207458
0.8923740386962891
1.647948980331421
-0.04724464192986488
0.8934056162834167
2.706848382949829
-1.2738019227981567
-0.6994851231575012
0.3824000656604767
2.09505558013916
2.0192906856536865
0.11958201229572296
0.4985632002353668
-0.8192407488822937
0.46384620666503906
0.09727917611598969
-0.43774446845054626
0.2748292088508606
-0.22903023660182953
-0.7428508996963501
-0.12389079481363297
-0.15900729596614838
0.6650160551071167
2.0691823959350586
1.8425118923187256
0.14591524004936218
-0.30952683091163635
-0.8669598698616028
-0.5713363885879517
1.4478917121887207
2.706746816635132
-0.058346815407276154
1.427457571029663
-1.9620356559753418
0.18593288958072662
2.3911871910095215
-0.32707080245018005
1.4377353191375732
0.14670059084892273
0.19126206636428833
-0.10883587598800659
-0.49151185154914856
2.254497766494751
-1.4895414113998413
0.3696310818195343
-0.20111846923828125
0.29878878593444824
-0.1544252187013626
-2.134711742401123
-0.647144079208374
-0.1499563604593277
-0.08002498745918274
1.4599261283874512
-1.1238036155700684
1.4867048263549805
-0.8053830862045288
3.1629159450531006
0.7781417965888977
-0.25121593475341797
0.08941566944122314
-0.21862465143203735
-2.0166311264038086
-0.4434089660644531
1.097093939781189
-0.03238613158464432
0.028032565489411354
-0.6980943083763123
-0.06614477932453156
0.6301199793815613
0.9293480515480042
-0.31552913784980774
2.3496439456939697
1.7641438245773315
2.675044536590576
1.6019827127456665
-0.06407961994409561
0.0390896201133728
-0.3311975300312042
-0.22926464676856995
-0.040008530020713806
-3.9694674015045166
-0.29358813166618347
0.03397281467914581
2.7226080894470215
0.6102280616760254
0.18676315248012543
-0.16099001467227936
0.9080726504325867
0.5121288299560547
2.087921380996704
-1.0708903074264526
-0.10238988697528839
1.6043751239776611
2.4199488162994385
1.8801765441894531
2.3922617435455322
-0.5682927370071411
-1.0201894044876099
-0.701168954372406
2.0480806827545166
0.08648580312728882
-0.04685867577791214
0.9191487431526184
1.195332646369934
0.06815725564956665
-0.8018167614936829
-0.1941462904214859
-1.1604480743408203
0.3958542048931122
0.6221672296524048
-0.48772764205932617
-0.345836877822876
2.4121909141540527
2.4239180088043213
-0.7543495297431946
-0.5383675694465637
1.9077479839324951
-0.33113911747932434
-0.274422824382782
-0.8423563838005066
0.008473357185721397
-1.0564666986465454
-0.3877739906311035
1.5430188179016113
-0.7721812725067139
3.066565990447998
-0.2390289306640625
1.625506043434143
2.1882803440093994
-1.324161410331726
1.6801944971084595
-1.0084145069122314
-0.1094081774353981
0.460411936044693
2.0428659915924072
0.08775012195110321
-0.2607870101928711
2.244753837585449
0.8551040887832642
-1.2548636198043823
-0.2676423192024231
2.5976552963256836
-0.2195938229560852
2.6352803707122803
0.20811277627944946
-0.14402733743190765
-0.3186410367488861
0.7085983157157898
-0.3850918710231781
2.0664005279541016
0.16346576809883118
1.2063604593276978
1.8311084508895874
-0.19480614364147186
-0.747519850730896
0.5786809325218201
3.8852193355560303
-0.9058644771575928
2.9402880668640137
-2.6384928226470947
1.6387615203857422
0.9246246218681335
-2.4825942516326904
0.3843066096305847
-0.9156806468963623
-2.4849040508270264
2.8298447132110596
0.740188479423523
-0.8932825922966003
0.4089260995388031
-1.2388372421264648
-1.40790855884552
-1.196199655532837
-1.24546217918396
0.6324172616004944
3.231388568878174
-0.7614424824714661
2.6656248569488525
3.1132118701934814
1.579270362854004
-0.06427647173404694
1.9903602600097656
-0.8966420292854309
0.7063605189323425
-0.8774990439414978
-0.26827454566955566
-1.2505033016204834
1.3945844173431396
-0.25998806953430176
0.14113245904445648
3.1057333946228027
-0.9430754780769348
-0.8772565722465515
2.1752426624298096
-2.1477315425872803
0.03827871382236481
1.788002371788025
0.672531008720398
-1.0885919332504272
2.6476633548736572
0.10308130830526352
1.9188058376312256
-0.15820366144180298
1.1428451538085938
2.687471389770508
-0.5107507109642029
-0.005488827358931303
2.2028603553771973
-0.6107141971588135
-0.5609815716743469
-0.04918389767408371
2.7516865730285645
-1.4042001962661743
1.9428504705429077
1.4931609630584717
-0.06530890613794327
-0.0946427583694458
0.9617288708686829
-0.33923473954200745
-1.1838343143463135
-0.5177660584449768
-0.44651684165000916
3.5556554794311523
-0.6066661477088928
0.011047786101698875
0.021256951615214348
-0.30987319350242615
0.18979115784168243
2.1771464347839355
-0.33789876103401184
0.3613809049129486
-0.6390581130981445
0.03202510625123978
3.5007410049438477
1.2166141271591187
2.173259735107422
1.5960149765014648
-0.2354569435119629
-0.3418766260147095
0.6339563131332397
2.7337265014648438
0.3504860997200012
-0.7194212079048157
3.1975104808807373
-0.6005939841270447
-2.2611472606658936
0.18255387246608734
0.3000248968601227
0.3616722524166107
2.5494110584259033
2.95049786567688
1.9660946130752563
-1.0100709199905396
0.542476236820221
-0.04190695285797119
-1.6026700735092163
1.2111542224884033
0.13889682292938232
-0.7918587923049927
1.9823580980300903
-0.03264220803976059
0.69270259141922
-0.4997868239879608
0.6233901977539062
0.33225178718566895
-0.7600275278091431
1.0820188522338867
1.699089527130127
-1.4990910291671753
2.2804980278015137
1.40604567527771
-0.4306420683860779
-0.9505949020385742
0.44978398084640503
2.2051005363464355
1.34225332736969
2.2549192905426025
3.0868122577667236
0.6750300526618958
0.4620879292488098
0.10302522778511047
-1.2250696420669556
2.3163278102874756
