-1.760657787322998
0.4781656265258789
-5.1372761726379395
0.9367578029632568
0.06450942903757095
0.09841125458478928
-3.621588706970215
-2.3667216300964355
2.221036911010742
2.092298984527588
1.0662806034088135
-8.164952278137207
4.489880084991455
0.3042760491371155
1.9015408754348755
-1.3290170431137085
1.0492876768112183
-0.6840181350708008
1.501783013343811
-3.630441665649414
0.47880470752716064
0.19991010427474976
-0.6621630787849426
1.9250364303588867
1.3417797088623047
0.5885526537895203
-4.335444450378418
4.334229469299316
4.029932975769043
0.7208743095397949
0.11399035155773163
-3.9233648777008057
8.07947826385498
3.1570582389831543
-0.6376066207885742
-5.513881683349609
-5.023305892944336
2.828220844268799
-1.2511502504348755
3.962116003036499
-6.559092998504639
0.4434591233730316
1.1057764291763306
0.5503987073898315
0.06175275146961212
0.3098810315132141
0.19297386705875397
-0.486390620470047
1.3808343410491943
-5.93950891494751
0.0056321690790355206
1.3033157587051392
1.8175138235092163
0.2934373617172241
0.20199380815029144
0.37916502356529236
-0.846435546875
0.9574440717697144
-3.119718313217163
0.9690693020820618
-0.6041907668113708
-0.7468910217285156
1.3489900827407837
0.3863658607006073
1.0570045709609985
0.8387836813926697
1.352829098701477
-0.959094762802124
1.556725263595581
0.7159810066223145
2.432931423187256
-0.211696594953537
-1.0662734508514404
0.04029956832528114
1.252119779586792
3.2197067737579346
-9.558793067932129
0.9443132281303406
0.6692402362823486
6.220478534698486
0.7713771462440491
0.5282623171806335
0.5032864809036255
0.3580873906612396
-0.12863220274448395
3.1339619159698486
0.07937917858362198
-6.1676530838012695
-0.2555808126926422
0.9700554609298706
-5.238158226013184
0.861018717288971
3.3079988956451416
0.9485390186309814
2.245243549346924
0.034634966403245926
8.89020824432373
-3.7487123012542725
-2.021667242050171
1.8510465621948242
-1.035569429397583
-0.25317543745040894
5.579282283782959
-3.9587466716766357
0.1995745301246643
0.6530265808105469
2.1679677963256836
0.1452934294939041
1.7296098470687866
0.10203106701374054
-4.309867858886719
-1.7384153604507446
-2.3470540046691895
4.7993950843811035
0.061006635427474976
-0.5448237657546997
3.918163739468099e-35
0.3176717460155487
1.9764052629470825
0.26803767681121826
3.5843346118927
-0.17002937197685242
-1.3461064100265503
0.20560522377490997
1.0514047145843506
-0.07086510956287384
1.1670507192611694
1.9033886194229126
1.1381491422653198
-0.040518004447221756
0.4043351709842682
2.1782045364379883
1.8230212926864624
1.2468031644821167
-7.086831092834473
1.476761817932129
0.03106875717639923
1.037057876586914
-3.166750192642212
1.3163070678710938
-5.461386680603027
2.130201816558838
-3.899993896484375
1.1030982732772827
2.9173896312713623
-2.9130494594573975
0.39210718870162964
1.5626295804977417
-5.520757675170898
2.349789619445801
-0.7481419444084167
1.2737632989883423
-4.346756935119629
-4.333924770355225
2.318478584289551
-4.858136177062988
0.6082534790039062
-0.7630990147590637
-5.486043930053711
-1.3118888139724731
0.879950225353241
0.2910652756690979
0.30426910519599915
0.5370540022850037
0.7791904211044312
-1.0236691236495972
0.7093626856803894
1.5178579092025757
1.2509905099868774
-1.3361088037490845
-5.4867682456970215
2.1125001907348633
2.1021721363067627
-0.6307715177536011
-0.7516106963157654
2.1293625831604004
-1.1913272142410278
2.7085957527160645
0.01661699451506138
0.4680188000202179
-4.342299461364746
-3.318340301513672
-4.053539276123047
-5.118905544281006
3.263265609741211
6.015666484832764
0.3759223520755768
-0.1619957983493805
0.7526098489761353
0.6670275926589966
-2.3074095249176025
1.0287185907363892
-7.443180561065674
2.6079518795013428
2.3255534172058105
-4.125065803527832
-0.26259562373161316
2.880340099334717
-1.7359570264816284
1.6665793657302856
-0.1391434669494629
-1.8053429126739502
1.967514157295227
-5.390690326690674
0.5768818259239197
-1.9260751008987427
0.48680606484413147
0.5635918974876404
-2.5897891521453857
1.932063341140747
1.2960212230682373
1.2955058813095093
0.015562310814857483
-3.626866102218628
3.556285858154297
1.077564001083374
1.4129751920700073
-0.6427959203720093
-5.582117557525635
-6.008842468261719
2.746464252471924
1.6088484525680542
0.5728481411933899
3.775601387023926
-2.131483793258667
0.8747001886367798
1.7414722442626953
-1.4735738039016724
0.8741841316223145
-0.8536003828048706
-3.6432578563690186
1.6866369247436523
2.0622565746307373
-4.106334209442139
0.1482078731060028
0.5021886229515076
1.1641212701797485
1.7048686742782593
0.7163387537002563
0.6839799880981445
0.9562615752220154
3.195990562438965
-1.4780672788619995
2.7964980602264404
1.806822657585144
5.144262790679932
-2.7836952209472656
0.6094477772712708
0.6750144362449646
-3.0400478839874268
0.8394083976745605
-2.3026158809661865
0.2127159833908081
2.42513108253479
-0.2178565114736557
-4.261046886444092
-0.9796148538589478
1.2886995077133179
-0.23874564468860626
0.25040414929389954
0.2635793685913086
-0.1800898015499115
0.7917383909225464
0.3974875509738922
0.1255863457918167
0.8132230043411255
2.466524600982666
0.9426476955413818
1.0475088357925415
1.969818115234375
0.22949331998825073
0.9916545748710632
2.425950288772583
0.4960360825061798
2.36252498626709
-2.18601393699646
0.7679949402809143
-19.340757369995117
1.9009299278259277
0.6307910084724426
1.099408745765686
-1.2606419324874878
0.20209136605262756
1.6818833351135254
0.5870789289474487
-0.26095956563949585
0.1657668799161911
-3.1013381481170654
0.669287919998169
2.4528632164001465
0.41633084416389465
-0.328265517950058
-2.929152727127075
1.8225172758102417
-0.1093888208270073
-5.2806501388549805
1.1667650938034058
-1.2567851543426514
0.09390996396541595
0.8185238838195801
-0.18267326056957245
2.4654788970947266
4.9392900466918945
0.23894253373146057
0.19158750772476196
1.2399296760559082
-5.147287845611572
-3.3998961448669434
2.2389039993286133
5.614283561706543
1.916755199432373
0.6123408675193787
-0.3330618739128113
-2.575007915496826
-4.800544738769531
0.7115690112113953
-2.9486758708953857
0.9672320485115051
0.12231843173503876
4.334547519683838
1.7837724685668945
-0.9622728228569031
-0.11369409412145615
-0.10477422177791595
3.000869035720825
0.6313626766204834
1.2200064659118652
-4.158527851104736
0.1707857847213745
1.8421854972839355
-4.358888626098633
1.757006287574768
-3.920854091644287
0.8501736521720886
1.081811785697937
1.1300127506256104
1.1008150577545166
-6.399482727050781
-3.325308084487915
-1.2374444007873535
1.3459471464157104
0.01891598105430603
0.7475608587265015
-6.647607326507568
2.212909698486328
0.3960581123828888
0.09749633073806763
1.0239702463150024
1.3315006494522095
2.9531712532043457
1.4042199850082397
0.9821337461471558
1.1017688512802124
1.9022926092147827
-3.2098453044891357
2.5445234775543213
0.5271264910697937
2.202549695968628
-7.084714889526367
0.8167594075202942
2.3742918968200684
-0.32757917046546936
-1.9129284620285034
0.24325840175151825
-2.9084596633911133
1.607071876525879
0.16295672953128815
-3.1122798919677734
1.8060040473937988
0.9604377746582031
-2.998521327972412
0.6857276558876038
0.12125162035226822
2.5284812450408936
2.2751057147979736
0.8356818556785583
-2.0767486095428467
-4.968989849090576
0.1461525559425354
-2.909849166870117
-2.4555821418762207
0.07040640711784363
0.8696258068084717
-1.2795426845550537
-5.162263870239258
-0.13724665343761444
3.4019346237182617
-5.4924540519714355
2.9408092498779297
0.2605210840702057
-4.321176052093506
3.1031789779663086
-2.8180389404296875
-6.75571870803833
-7.188868999481201
-0.057530056685209274
-0.45151033997535706
3.172337055206299
-2.8322017192840576
0.8843547701835632
2.8070995807647705
0.5664554238319397
-0.7711235284805298
1.7315598726272583
-0.5680787563323975
-7.649210453033447
0.24160924553871155
-0.17489996552467346
-0.28683367371559143
1.7580289840698242
0.5360952019691467
-6.618074893951416
0.21025565266609192
-3.8878002166748047
5.557433605194092
1.4382095336914062
0.1111554503440857
0.7013322114944458
-5.856800556182861
0.057684410363435745
0.557942271232605
0.8370908498764038
4.077885627746582
-9.775541305541992
1.0254993438720703
0.28781557083129883
0.9406892657279968
-6.225996017456055
-2.365055799484253
1.0785720348358154
-0.4359903931617737
-5.408239364624023
-0.6643308401107788
-0.34204691648483276
4.5312910079956055
1.37857186794281
0.10815977305173874
2.3015787601470947
-1.2824194431304932
-3.5652964115142822
0.025121087208390236
1.9247102737426758
1.028194546699524
0.21733899414539337
0.3260466158390045
-0.9388343691825867
0.295498788356781
0.7039965391159058
-1.09231698513031
1.5710399150848389
1.0185102224349976
0.07662973552942276
-3.3435473442077637
-4.863183975219727
0.8502755165100098
5.994786739349365
1.4458682537078857
0.4871552884578705
-0.6352189779281616
-4.011005401611328
1.8233087062835693
0.7390906810760498
0.25917527079582214
-4.385782241821289
-0.38371339440345764
0.35878786444664
0.5999660491943359
0.4277476966381073
-4.3345112800598145
-1.02110755443573
-4.783355236053467
1.9559441804885864
-2.678466558456421
0.2680695056915283
1.4494328498840332
1.8891748189926147
-6.839271545410156
-4.818058013916016
2.9308888912200928
-4.170144081115723
0.49315544962882996
4.181758403778076
-2.9627296924591064
1.679830551147461
-6.5064873695373535
0.3993745446205139
1.1858165264129639
0.5169482827186584
2.8947267532348633
0.010891242884099483
0.9755828380584717
3.320117473602295
0.3109584450721741
-2.7700514793395996
1.6574654579162598
1.2185184955596924
-4.949712753295898
3.8463642597198486
-1.3942941427230835
1.4551005363464355
-4.404447555541992
2.926173686981201
-3.1114399433135986
0.07595355063676834
-0.09681648015975952
0.6303919553756714
-0.33428215980529785
-0.01195525098592043
0.5991362929344177
0.7377508282661438
-5.719789981842041
2.9404685497283936
