1.6972354445676872
1.9872888695239648
2.7458533453513585
1.5682047123450327
1.4641326646469845
1.1072353418809302
2.1527876936598718
2.0751934917271426
1.5205457819299846
2.4931110980530145
1.5382070965424772
3.279405576993417
3.275599175307533
1.3859601853502057
1.9517014040354421
3.435650078173818
2.1824661266237015
2.3525433343996602
1.8112657424948175
2.1138231808239825
2.9077342480067276
1.5761584354097096
2.5206418594488897
1.754308662315492
2.136350850625949
1.7719279383264508
3.4317678447800497
3.4147149099089646
2.528936779838452
4.43534224538989
1.7675062506968515
2.946579002813978
5.134533326394756
2.342368484436709
2.429921242807334
2.922180417015247
2.80279078639876
2.77374387543575
4.709107767786582
2.607804347826065
2.4989077234225086
1.7189465014402987
2.873438299198672
1.0568089156467069
3.9620412249281034
1.2158144593860116
3.2143697583064763
2.6709001471086853
1.9272627514046081
4.07783531545664
2.717912141627638
2.665293403205527
3.2080961888511674
2.2836631816027637
2.362384433240852
1.3113072565194899
3.6441115781951487
1.254840329792205
2.8631656016144205
1.5010256681134566
3.4914374620566577
2.7933964031476823
1.8194723722661856
1.997566071564621
1.6806085450546822
2.2427302805571885
2.024715788876631
2.6609164504933913
2.185881986533471
1.543008716229823
2.2336255025724854
2.592690874538796
1.3334949587772083
1.8577132487434342
1.7742772272199663
2.060850252585161
3.787906629432777
1.7307212975279402
1.3622180808043953
2.45932701597215
1.7348763577381512
0.9843483941251927
2.462427580877142
1.2516978467129927
3.0187752947330035
2.039355629148853
3.3354914384062138
1.6736562138235893
2.3722619940436154
3.620773821576902
1.9159131070862867
1.945218451129995
2.8438206885638224
1.4873885476809552
2.593193743887055
0.9740428070045584
5.541333211785598
2.209174126500107
1.9828358067314344
3.752692664256006
2.6245035112517017
1.720559801001945
2.254638780475938
2.845840788161724
2.224016429943349
2.2302219396749554
2.4695063677665328
0.7988408921394373
1.9746365601491669
0.6451837746570735
1.0815782174525495
2.3354383619958554
4.745233109016999
2.648220190804684
1.203694969416716
2.111301717898284
0.03162277660168379
1.4185466422318067
2.8552674481241476
0.7746501708337119
3.371796334438819
1.374433296982989
3.4007498161182945
3.2931895082808658
1.767000678834639
2.675010594855032
1.4240304981726872
2.141054781573268
1.6696520352617668
2.682023625661634
1.0788814051790123
2.461253327173219
2.3884423110955386
2.021636768674528
3.800099022227625
1.9454678579286577
1.0523692109129645
1.5152269846772113
2.404354701718789
1.7454172008395505
2.1157531555217157
2.451422534494401
3.849989325768672
1.4789180075232988
2.705970911167103
2.1885770219370686
1.2657647047761504
1.4207772264934386
1.3016044421267308
2.5819348617776257
1.9379568671277636
2.3649492063975353
2.7157482502912456
3.339686493465186
2.8536499035290963
2.6497845356995207
4.067550873441195
2.6204056408319043
3.719549599730257
1.8568323078723925
2.2841160317725415
2.4302367692361004
1.6407850862419517
1.4532872020475278
1.2970464481869075
2.2091467141317995
1.4575599593953394
2.136126632744273
1.5771881422778855
2.5325836767322967
3.3394304808731192
2.2509818744853267
2.386411072224051
1.2839706010720882
3.303907886070844
2.7626060044331298
1.4640192425667058
2.2519455183021466
1.722316876602966
2.2434481651009075
2.652705994713864
2.7193682747619414
1.5510281616743407
1.9658899455579029
2.2044247684425295
2.7857941913812296
1.8363465395817418
1.1519385505652022
1.2119253550824858
2.081469507870539
2.3305723040826014
1.6175960672613723
4.278415446150409
2.837202575152788
3.023567701744694
2.645352180845788
2.6422870666404514
3.130290714206004
2.07984969219568
1.736893710282377
1.587087378155812
2.4229737922929395
2.2202594782426486
1.2889169602972848
2.305808944913237
2.2282936355528005
2.629437932339696
1.6786314943344063
2.1775488149643705
2.1345813558751643
1.618614069117615
2.299092282839514
1.9221622471956075
2.807876274730483
2.707694378019255
3.1392773181710627
1.9018124258006328
2.161501821890881
3.2444935993349544
1.6267307530869821
2.668248188090739
2.0477590212161605
1.1563544668482402
2.8690750729088315
2.1390610323023864
2.276819305702117
1.7902610331678652
1.682145510848743
1.42457260147133
2.6614609846386825
1.0483144064217107
2.721209687340464
2.3219210667102703
1.1110848484962168
1.7254761815379571
1.1580338820110925
1.3918103773568615
2.0250916250716418
2.513526482112679
2.6578168984028587
1.6381194321917267
1.9245150230140482
4.66833960183506
3.0574086083440766
3.696418138846029
3.752022715997965
2.0760271944752864
1.2689041047864333
1.806258161585759
2.099303456092744
1.5750414724793462
1.937179496097537
2.602967867464978
2.9757531656836345
1.8921956437153793
2.105013841959551
2.569946555387171
1.5342647927789264
2.3523307029136786
3.3256688722993983
0.9178246962477624
1.9338298185873777
1.417467206545347
1.19498831188599
1.6118997050858908
1.509660393249073
2.1973538558674406
1.819043436925337
1.4460614963027947
2.4939180926506674
1.9577832209292165
2.8009684481874655
2.0511712742958794
1.000768640752923
3.0831119901922768
2.5800850695993782
1.3688893046101507
7.975860688931825
2.07600732642555
1.2785517778888251
1.717911207233753
1.5404677044963297
0.724599430643206
2.7114717382118485
1.6215876406670517
1.821395768070551
2.322000643589611
2.353787319801152
1.4913278313508145
3.7743028332980124
1.9356817699430209
2.9187193084344756
2.8753312916821026
2.4213408984529616
1.1918237477701563
3.707122779222713
1.5626412369028166
2.4567827449723048
1.7438064582462731
1.5308470919175428
1.8883149910036259
4.04768211251931
3.335184635158621
1.7504677354529956
3.8172794558628835
2.266246542236249
0.8999200353596182
2.5962223221575877
2.4735615983629753
2.8837216937821757
1.9027578105513097
1.1426115429808488
2.574915433809812
3.0565347887527725
1.6092288722390238
1.568086502375001
2.5056794648734457
1.8694156969054003
1.6089236397982913
2.1930325056972872
2.107440672160435
1.1951072670265657
3.065367088551262
1.882228732581341
3.7715303424422295
1.6621679923886348
1.7493716408825755
2.236052000045061
1.5604329974241358
2.5198178767438746
0.987123654756261
2.757843895060764
3.5148716879550648
1.594482351148607
1.4309296181922606
1.714835776760187
2.1398563705801954
2.39059549470533
2.6819755330175163
2.8532556937994915
1.9202061861311845
1.0078615048344917
2.339280625482347
3.723035708706762
2.5898096098569905
2.0970058067215915
0.851338180814468
1.86881413837712
2.0516663770678036
2.0605806785956498
1.8263619099192876
1.642792518150247
2.3688602544645567
2.485584195276652
2.5940048048494027
2.73951283419061
2.246529674069998
3.0008584345649023
2.306880531025356
3.3602043477997237
2.374894205246731
2.172684350132075
1.9084826857691146
3.1903970419874796
2.84067588500388
2.0986269222157334
1.2281802549866259
2.9558815298640284
2.422486569079004
1.514861656268065
2.6763402337261564
2.0714541359625223
1.5099765332400596
3.4729199579990278
2.648595318168449
1.5908656707535687
2.1880160297455182
2.4204952273953166
1.7559691061287117
2.1452272215672914
1.9872956479178623
1.2357499689514662
1.6538619552396554
2.436195724141072
1.3962291396998112
3.930504846348363
2.770961991461409
3.162083072244296
2.4448956657256726
0.9459042932272803
2.5551633387721373
2.2078246888555193
2.420828134221476
1.5325924421995982
2.759693673590985
2.2548880095490134
2.313231703186729
2.1222332335425556
2.7036006400536374
1.755919818724659
2.4265795048930285
1.3298933758696392
2.3404711513098224
2.369569004964217
1.5088055994997862
1.6543175781107495
2.431216053076036
2.299765723362868
4.961064237738882
2.2741002066147704
1.5267116715045854
2.548173365373714
2.3683214300162096
2.4242203857337676
2.52126898422243
1.7925635520490664
1.3856212994117858
1.7276396902221705
2.8274311164539867
1.6514922347410272
1.0652476634367227
2.0414918366399077
3.227483892304569
2.577102194870983
1.5722429776852995
1.6052004033643081
2.1639986161811056
1.2910502792070306
2.114013336579869
1.650773787691479
2.1514537544998418
0.7110547070146187
1.5905431238472438
1.6729780678824946
1.9836044800427957
1.985063827026573
2.258738941024113
2.524092281836978
3.404007560407802
2.3522665448348365
1.0431411319534358
2.134869616991908
3.1253447649174912
2.7566237139632466
1.3962399401596888
2.661226359450953
1.3742338824021825
1.6498996201238987
3.283182004226384
1.8474396014632488
1.7708663319224573
2.876434395593496
3.1021604294651106
2.9528040758574536
1.5310043063112537
2.2732018576868653
2.8289270392967985
1.513933264351273
2.4072861015709983
3.316394542731839
2.363749625913529
1.3663876011722544
2.7549131158881455
1.9453322507782491
2.8473224336020593
2.6976024819635307
1.29724504674472
1.053088897176803
1.5936067033561603
2.70372885884041
3.36951277043427
2.301333521001255
3.775119897820455
0.8604870698279876
1.5620878289375861
2.342601357529764
3.7351172536806225
3.381992947508476
2.1806286549339378
3.4637194164279164
1.9826983662636313
1.8522444682904307
2.291684692404397
2.351283886597864
3.1108449520367922
1.3923234579058619
3.242470834287651
1.5652501359131308
3.58136766596585
1.5654559825799592
3.9058400146175467
2.186678721561388
3.4218222663334648
2.9634890190681817
2.2214949004539535
2.532830500977057
5.20158464935253
2.3537102357298143
1.464738139422073
2.0045189055314636
1.9160214923298289
2.03688560443282
2.959242617134565
0.7065344995335097
1.4414734287889392
3.4894590469014592
3.994729094982207
1.104372949776422
1.5916615662151854
1.4302168156241954
3.345611991607615
2.527552897789292
