2.2296643257141113
0.8685258626937866
0.6711849570274353
-0.2072913497686386
2.7804782390594482
0.016666168347001076
-1.489490270614624
1.935696005821228
0.6254387497901917
1.6778000593185425
1.6250426769256592
1.6595929861068726
-2.748814344406128
0.5339268445968628
2.0820438861846924
1.9971141815185547
2.2662510871887207
-3.0752315521240234
0.7802034616470337
2.609351396560669
2.9673070907592773
2.4865031242370605
-1.694865107536316
-0.24509303271770477
-0.2145039588212967
1.8088908195495605
2.582324266433716
1.8563220500946045
-0.2597925662994385
1.145738959312439
1.8036645650863647
2.4056661128997803
3.174146890640259
1.533868670463562
1.8106015920639038
-1.6704074144363403
1.670250415802002
-0.9330031871795654
1.5417693853378296
2.5193092823028564
2.5217666625976562
-1.0665805339813232
1.9562230110168457
1.7722673416137695
3.576836585998535
-1.5505168437957764
3.111354351043701
2.201138973236084
1.3766682147979736
3.2700226306915283
0.2810022532939911
1.9806793928146362
0.999758780002594
0.9111850261688232
1.1634865999221802
2.0213069915771484
1.477408528327942
0.37116074562072754
1.4099808931350708
1.380028486251831
2.5695908069610596
1.8412702083587646
-0.25787976384162903
0.2981453537940979
1.761258602142334
2.057647943496704
1.1272554397583008
2.6298229694366455
2.2372748851776123
2.5443108081817627
0.9519593715667725
-0.09749499708414078
-0.5191019177436829
2.4992716312408447
1.0524535179138184
-0.2448953241109848
0.8310343623161316
2.5006868839263916
1.3271113634109497
-0.004172242246568203
0.6516826748847961
2.14992094039917
-1.5290895700454712
1.918402910232544
2.3947088718414307
0.9923762083053589
2.1914143562316895
1.44525146484375
1.2811877727508545
1.5163630247116089
2.315417766571045
-1.5750783681869507
2.359877347946167
-0.1735939085483551
3.482257127761841
0.27994534373283386
2.1848011016845703
2.1040868759155273
0.21519000828266144
0.3870326578617096
2.3373708724975586
-0.5412315726280212
2.769719123840332
1.4749678373336792
-1.0227351188659668
0.3610377907752991
0.17449432611465454
0.4670993685722351
0.3990268111228943
2.609017848968506
-0.4207879304885864
3.469764232635498
1.912663459777832
1.4699074029922485
4.228751182556152
-0.005215268582105637
1.430063247680664
0.9967941641807556
1.3475788831710815
0.17099031805992126
0.2554376423358917
2.6134560108184814
0.6669504642486572
1.6938072443008423
-0.21478334069252014
-0.07785628736019135
1.5145580768585205
3.0047178268432617
