-5.793033123016357
1.1822566986083984
-0.22632549703121185
0.20237572491168976
-5.725190162658691
-0.7499145269393921
-0.33088433742523193
0.5182647705078125
0.1371832937002182
-3.7060635089874268
-5.066223621368408
0.3372761607170105
0.20896942913532257
-2.1384730339050293
-1.0888969898223877
-1.4350746870040894
1.5546537637710571
3.8354203701019287
-1.81889808177948
-2.8880069255828857
0.7325254082679749
-1.0406410694122314
-6.711175126912494e-13
0.45440447330474854
-0.8013569116592407
-1.1776628494262695
-1.4723175764083862
3.5530154705047607
4.0142011642456055
2.374302864074707
2.1756131649017334
-2.5928335189819336
0.5141910314559937
-3.737949848175049
-0.7881436347961426
2.447667360305786
-0.9083318114280701
1.1483075618743896
1.2309114933013916
1.5885791778564453
4.070494651794434
2.783902883529663
-5.023470401763916
0.3211916387081146
3.4486687183380127
-1.0104614627665098e-12
6.053403854370117
-3.032167911529541
-5.110650539398193
3.4113612174987793
1.7110828161239624
1.2510619163513184
-1.4027862548828125
-0.27463164925575256
-1.773990511894226
1.8422859907150269
1.5948015451431274
-1.3973495960235596
-3.1616158485412598
0.6469323635101318
0.6867492198944092
-4.7826738357543945
-0.00495055690407753
0.850562334060669
0.20432035624980927
2.328336715698242
2.3776397705078125
-1.8700381517410278
0.7305771112442017
0.9106314182281494
3.4321610927581787
0.18625569343566895
2.194432258605957
1.241547703742981
-1.7642978429794312
0.6456524133682251
5.62900972366333
-1.8140839338302612
0.0010837687877938151
2.354872703552246
1.4180638790130615
-0.7295160293579102
2.10749698942303e-11
2.694284677505493
0.41358131170272827
1.8950430154800415
0.27661457657814026
1.3665074110031128
-0.34527504444122314
0.27440157532691956
-0.7254453301429749
1.8503495177041307e-12
-1.4599288702011108
2.224944591522217
9.288198471069336
0.43641066551208496
-4.002848148345947
-2.6369214057922363
-2.745774030685425
-7.342156887054443
-0.8804308772087097
5.390636444091797
-1.3860154151916504
-6.2715888023376465
5.020648956298828
9.501459121704102
-2.2637648582458496
-0.9819833040237427
-1.5485963821411133
-0.97172611951828
1.8925331830978394
0.26174789667129517
-4.026992321014404
-1.0580252408981323
3.512821674346924
1.1224287748336792
2.0450878143310547
2.970465660095215
1.02845299243927
-1.695692777633667
-2.2868850231170654
-0.38329142332077026
1.8973709344863892
-1.8839986324310303
-2.1567153930664062
0.3349989056587219
-0.4778544306755066
-0.8135612607002258
