1.1396785419217697
0.8259093394045065
0.7572890456275411
0.880197829475405
0.6618076960967242
0.569184649459388
0.5357594239246722
0.7263280927656638
0.8152502615330758
1.3820403193321256
1.7852778022501918
1.0989527858696562
0.825669488625086
0.5362864187629593
0.963537319084188
0.7447415312496494
0.5263890541644524
1.1334950782322386
1.0000149372892566
1.1188508360189007
0.5070716275212129
0.6666907511970062
0.03162277660168379
0.717517219164046
0.6790457015366984
1.2425706192456671
0.8141914227514805
1.2912541852294217
0.7819357424406713
0.8798706262487652
0.6872181841915733
1.2191856587656598
1.0552665312302927
1.6597477886761534
0.6032347394496659
1.3108181672008075
0.6869277400004655
0.7210019622940047
0.6503796374793324
1.9997558029821214
1.618179923753925
0.7833589780613796
1.6635879272576877
0.6450722344559091
1.1705805741661846
0.03162277660168379
1.506364932285454
0.8469970254857101
0.802083225762166
0.9976679077901193
0.7877355017555151
0.8187156836037562
0.6127783403694719
0.6798004282827955
0.5102084179036123
1.0965064387586867
0.4822830720826409
0.7088440565910697
1.1321779043163203
1.2242894392899586
0.7179856264540514
1.1834567961065297
0.8058306237628543
0.7090431048656316
0.9228397498933967
1.0823680812281067
0.6410602029181124
1.2053881876262755
1.7451063469121533
0.6814114736222516
0.9173737311203057
0.9962626060827426
0.857270463022305
0.6938618396273117
0.621976128028096
0.438547512915538
0.665411116752658
0.8901908290066669
0.7783794391530612
1.3718416443682195
0.8129289747629775
1.4338442968806422
0.03162277660168379
1.3239425149608413
1.2591972361922075
0.6579993508605306
0.7683282430263659
0.5640362432819869
0.5928777871706791
0.6292430954631276
0.5918415778370146
0.03162277660168379
1.1875992085023466
0.5312814543892906
1.9871706338194586
0.7870669754762586
1.3499127328005551
0.8404649864406114
1.109540771563854
0.7793255264254506
0.7014212296607785
0.737120476392994
0.5920316635053876
1.6878419673715541
1.5504207089351019
0.997516624579847
1.6242162064261287
0.7535978176917533
1.1595896153628809
0.6576634224980663
0.8264930845941716
0.7127145718507127
1.0907898003964773
0.7585946683553997
1.6769382638048405
0.6233500979161447
0.9421709434357776
0.9208510002466761
1.0318645384805218
0.95382140361034
0.7104258201285367
1.684511739244372
0.7779603062263603
0.44840637830078023
0.7360271867338588
0.5166220542146259
0.5630435551079311
0.8696944699983035
