0.8462563753128052
1.0238347053527832
1.5668550729751587
1.5339239835739136
0.339043527841568
1.4458853006362915
1.5117019414901733
0.8308247923851013
0.9554769992828369
1.1312309503555298
1.1013514995574951
1.4187978506088257
2.2147469520568848
1.3870056867599487
0.3625253736972809
1.0431698560714722
0.5431553721427917
1.8737611770629883
1.2138612270355225
0.7825429439544678
0.8601075410842896
1.4887136220932007
-0.2621253430843353
1.7828123569488525
1.888843059539795
0.9474965333938599
1.5847430229187012
0.6949099898338318
2.277406930923462
1.2999275922775269
0.8982985615730286
0.2092573642730713
1.0946322679519653
1.1502974033355713
0.8247041702270508
2.894930839538574
1.0040316581726074
1.7831951379776
1.3292783498764038
0.8918358087539673
0.9656842350959778
2.3196589946746826
0.9158976078033447
0.7027621865272522
0.9103806018829346
0.3425001800060272
1.0443671941757202
0.7994254231452942
1.0013447999954224
0.7597952485084534
1.8727821111679077
1.4817432165145874
1.7140939235687256
1.4665582180023193
1.0687754154205322
0.8548288345336914
4.110167026519775
2.3436076641082764
0.6332969069480896
0.8679768443107605
0.6991689205169678
0.7989135384559631
2.0362110137939453
1.6476953029632568
1.1087749004364014
0.7615451812744141
1.0290305614471436
0.605579137802124
0.9042625427246094
0.8329980373382568
0.9748669266700745
1.3034584522247314
3.0737569332122803
2.1349780559539795
1.1651843786239624
1.7957549095153809
0.8550782799720764
0.7322015166282654
1.7675681114196777
2.8063793182373047
1.2816805839538574
0.9410505294799805
0.2603241205215454
0.8491143584251404
1.0505971908569336
1.5408647060394287
0.550477921962738
1.0920194387435913
1.1946747303009033
0.4163036346435547
1.7726349830627441
0.31247004866600037
0.5449039936065674
1.322098970413208
0.871022641658783
1.3533072471618652
1.288508653640747
0.5065296292304993
2.16738224029541
1.1712312698364258
0.7078002691268921
1.7569570541381836
0.6095168590545654
1.0156508684158325
2.3449723720550537
1.0094503164291382
2.3709259033203125
2.582789182662964
1.7568674087524414
1.5219179391860962
1.7542083263397217
1.3633593320846558
1.1348406076431274
0.730294942855835
0.8230690360069275
1.5537492036819458
0.9058167338371277
0.8779106736183167
1.5470387935638428
1.4902565479278564
2.153179883956909
0.8070778250694275
1.2406257390975952
1.1619237661361694
1.2445605993270874
1.6814252138137817
1.0334967374801636
0.43790143728256226
