-17.288572311401367
-19.092815399169922
-17.18623161315918
0.24861925840377808
-2.6006851196289062
-0.05269238352775574
2.7074437141418457
-0.39635956287384033
-0.21291477978229523
-5.256643772125244
14.510889053344727
7.809625148773193
3.6089792251586914
-30.090389251708984
0.5703167915344238
5.0113372802734375
-0.044783078134059906
-16.236705780029297
-9.898468971252441
0.6560758948326111
-18.23807144165039
-21.388595581054688
19.85094451904297
-8.010627746582031
-3.9181674702851304e-35
-3.9771370887756348
-0.3249945342540741
0.9242125749588013
39.909515380859375
0.8794665336608887
2.938858985900879
2.973060131072998
1.1992119550704956
-11.959307670593262
-4.052458763122559
-0.24242086708545685
2.718494415283203
2.2563483715057373
-1.1604682207107544
-4.866526126861572
-5.249334335327148
-4.980544090270996
-12.007892608642578
5.559268474578857
0.8499367833137512
4.57328987121582
4.9943013191223145
-22.612192153930664
-0.189195916056633
-7.918491840362549
-5.889156341552734
19.86728858947754
-8.833147048950195
4.222261905670166
-4.377795696258545
2.3782992362976074
-23.795848846435547
-3.9179995835187166e-35
-16.612712860107422
0.007842856459319592
0.14859320223331451
-1.6877554655075073
10.901247024536133
0.28569334745407104
