1.3834835290908813
1.4756078720092773
0.9432728886604309
2.520667314529419
1.1112169027328491
1.5200015306472778
0.7390695214271545
1.6339036226272583
1.920897126197815
0.8157181739807129
0.5376549363136292
0.80437833070755
0.868395209312439
1.0806560516357422
2.1860907077789307
0.8057659268379211
2.4380669593811035
1.1581661701202393
0.7151976227760315
0.620769739151001
2.799511194229126
1.0692802667617798
0.9976157546043396
0.7005120515823364
0.5295775532722473
0.8560587167739868
1.845576524734497
0.8273947238922119
0.7550922632217407
-0.06010959669947624
0.6176556944847107
0.7890318036079407
0.48274290561676025
0.8178040385246277
0.6977400183677673
1.0890398025512695
1.018509030342102
0.7462408542633057
1.7546272277832031
0.7566626667976379
0.8766975998878479
0.8298242092132568
0.9509444832801819
0.7632917165756226
1.0010566711425781
0.8680906891822815
0.7593427300453186
1.6635297536849976
1.8195066452026367
0.7474426627159119
0.8960641622543335
0.8073235154151917
1.1601015329360962
0.8298640847206116
0.9129914045333862
0.45883670449256897
1.7178077697753906
0.45880764722824097
2.364483118057251
1.2993956804275513
0.7731537222862244
1.0695151090621948
0.8635766506195068
2.4456794261932373
