0.19459599256515503
0.1519777774810791
0.9394562244415283
0.5486443638801575
2.3494491577148438
-0.10053058713674545
3.011939764022827
0.024857373908162117
-0.09342166036367416
4.897581577301025
1.1907823085784912
0.9991392493247986
0.9041756391525269
3.2287912368774414
0.25829434394836426
1.0174603462219238
0.2125639021396637
0.5166581273078918
1.9389052391052246
0.8470256924629211
-2.254955530166626
3.02036190032959
0.9687770009040833
3.828505277633667
1.864620327949524
5.07349967956543
-0.10270017385482788
1.294395089149475
1.9700756072998047
-0.311007022857666
0.9431136250495911
0.7445701360702515
0.30801287293434143
2.0574283599853516
2.2146365642547607
0.0565352700650692
0.07419521361589432
2.288342237472534
0.5165764093399048
5.277207374572754
4.896986484527588
5.025984764099121
1.8288973569869995
2.1601669788360596
0.5645518898963928
1.049133539199829
1.1471302509307861
-0.13531921803951263
-0.07623177021741867
2.5116326808929443
4.944784164428711
2.1137027740478516
0.0011747966054826975
0.9056854844093323
5.078573226928711
0.4715517461299896
-0.3236999809741974
-0.4914526045322418
-0.6506956815719604
0.021733572706580162
2.2824547290802
0.10050046443939209
1.1790825128555298
1.2638541460037231
