14.700887108848546
6.794192612310445
15.724766713945483
3.536832137939324
5.59973323867846
4.100319121432259
14.388053227716172
4.198707110909052
4.122131804245501
5.100995914232494
14.474014431041583
7.062442784440529
4.008029814481725
9.204513500811496
4.172723528232659
5.398185808113769
3.2477633153809675
4.277245710919824
15.751900954075104
2.1359613281349654
12.492451661333023
6.537248007474588
10.515031163581673
5.263552709110267
0.03162277660168379
4.313722141632439
3.369447389793384
2.8369892914401516
20.45083361878251
0.08463710600805349
4.5808006592926285
3.6811010898594794
1.8823017553985506
14.63506135949193
10.542730331455742
4.937037248390191
5.623383741320562
3.0246667183375826
6.381591424280099
5.4836048401436335
5.1651073398127085
5.115067750364633
12.70625642234989
2.7846441369612993
4.961403130830162
4.662887714209634
5.217666291976119
10.538579663119597
3.526258681650708
8.01523049711454
6.211934602057892
16.971810490291226
5.1695397006457675
4.63030212998476
5.170295826990815
4.092248373434575
6.52410852882961
0.03162277660168379
15.205979413918836
4.698478413471267
2.6284817041460955
2.9649109081758946
11.197259006244774
2.728286692229007
