-1.317
-2.08433
-1.16097
-1.46912
-2.69869
-1.63554
-0.701202
-1.24227
-1.01929
-0.83881
-1.33287
-0.0702551
-1.44531
-2.88552
-0.851066
-0.430905
-1.01583
-0.0730775
-1.2259
-0.622128
-0.0181305
-1.77717
-2.091
-0.292284
-0.254141
-1.13831
-0.740504
1.934
4.91747
1.61595
-0.466979
-0.343556
0.21655
-1.89821
-4.28823
-1.73967
-0.423399
-0.903004
-0.170436
-1.23699
-2.42514
-0.98452
-0.712651
-1.38497
-0.713199
0.962071
1.32172
0.72738
-2.73106
-4.85985
-2.24535
2.15924
3.522
1.23487
-1.82949
-1.53908
0.104757
1.20431
3.23556
2.05894
0.169239
-1.16615
-1.53937
-0.190725
0.832664
0.702268
-2.19518
-4.16564
-1.69504
2.61081
3.38586
0.713832
-2.30695
-6.29025
-2.47668
-0.0320549
1.38777
0.704866
1.91478
5.33551
1.84525
-1.40126
-2.22867
-1.25578
-2.44408
-2.84375
-1.34461
-1.4864
-1.45425
-0.462548
1.27651
1.16483
-0.792631
-0.187228
4.1623
-1.94541
-0.114733
2.17333
-0.388865
2.00837
2.65075
1.01198
2.4121
2.91061
0.928812
0.0953474
0.0347497
-0.288191
1.45149
1.58201
0.699817
1.9222
2.8219
1.53553
0.707026
1.63746
1.25279
-0.266028
-4.14069
-3.60047
0.0719158
-2.6342
-2.16163
0.0949877
0.452811
0.351085
3.12119
-0.080152
-2.94873
4.51873
0.185692
-4.76363
1.74062
-0.152319
-1.57937
0.521798
1.96903
1.78611
0.849433
2.27434
2.28477
0.760628
1.35516
1.10678
-1.18164
-6.02927
-2.64737
-0.103404
1.50703
1.10978
1.50213
4.33195
1.63133
-1.29196
-4.36099
-3.01393
-1.27891
0.0682462
1.08625
0.225288
0.571632
0.075158
-0.471578
-2.64454
2.91056
1.65858
-4.59064
1.35675
1.45999
-1.22216
-1.6921
1.11953
1.60227
1.2141
1.22945
1.34319
1.13795
0.61665
0.912039
0.44482
-0.942678
-1.34742
-0.686297
-1.87363
-2.41947
-1.25589
-0.82465
-1.27904
-0.587876
-1.40861
-0.512269
0.748984
-2.0967
-3.45178
-0.828431
-0.608156
-1.56289
-0.395259
-0.827948
4.16768
3.66882
0.316823
2.94352
2.11448
1.42995
-0.181174
0.122856
-0.695514
0.00871299
1.1716
-2.28189
-1.95074
0.338431
-1.05437
-1.59139
-0.361067
-1.00167
-1.25058
-1.04466
-0.403615
-0.932412
-0.216733
-0.618735
-0.299223
0.63555
-1.89074
-2.24684
-0.833061
-2.32962
-3.14405
-1.46397
-0.899055
-1.67703
-0.920892
-3.49712
0.3372
2.73085
-5.1867
0.916662
4.5566
-1.86148
0.405408
1.60417
3.549
-3.18588
0.189521
0.898968
-0.850447
-0.0386545
-1.74369
1.06741
0.436793
0.0144882
0.64666
0.0462998
1.01695
2.30702
1.23719
1.65599
3.47228
1.76009
0.337936
0.423327
0.331427
0.0280463
0.389177
0.258502
0.0320074
-0.146778
0.595121
0.774189
1.16484
0.434749
1.19012
2.38633
1.22309
0.632572
1.18623
0.638312
1.43323
2.39798
1.32468
2.32288
3.06248
1.40181
1.34301
1.38648
0.383357
0.851497
0.663401
-0.1202
0.917999
2.04155
0.659214
0.222138
0.759604
0.405815
-0.982975
-1.29795
-0.0922988
-1.39148
-2.16125
-0.388619
-0.764891
-0.831794
-0.188055
-1.98991
-4.37614
-2.70508
-1.02149
-0.123018
0.646851
1.98423
3.29768
1.80761
-1.70906
2.65175
-0.756727
-3.79299
4.61424
-0.783227
-1.79411
1.68719
-0.190949
3.58604
1.53698
-2.43752
-3.81191
1.27517
2.79645
0.739066
-1.53256
-0.455141
-0.16827
4.86923
-1.96612
-0.328452
-0.662627
-0.356977
0.494568
-3.65268
2.82573
-2.90145
-2.81413
4.16982
-3.86825
-1.06358
6.32572
-0.975058
-0.223209
1.21222
-2.36924
-2.08166
-0.622232
-3.43894
-2.63655
-0.713704
-1.58943
-1.42473
-0.237135
-1.51052
-2.72743
-1.65494
-2.62603
-3.59048
-1.72275
-1.39606
-1.64793
-0.575405
-1.12164
-1.89457
-1.20982
-2.46131
-3.1628
-1.56614
-1.52154
-1.56242
-0.560091
-1.36802
-0.953589
0.407195
-2.07489
-2.32911
0.120779
-0.0660311
-0.702609
-0.562135
-1.49111
0.528386
1.84982
-2.64935
3.59375
0.238802
-1.23842
2.44106
-1.11744
3.38357
5.94634
2.13195
-1.92416
-3.0887
-1.61985
-1.28062
-2.14721
-0.958302
1.96681
2.37127
0.818033
2.18405
3.3302
1.74792
0.935427
1.69259
0.986026
-0.115161
-0.254685
0.704669
-1.22266
-0.090617
4.07983
-0.652099
0.296681
2.30219
-1.339
-1.7601
-0.372208
-1.47148
-2.08189
-0.57796
-0.369408
-0.547166
-0.631315
-3.30793
0.732513
2.5376
-5.78984
1.40655
4.59163
-1.99538
0.52021
1.37274
-1.1114
-1.49413
-1.02728
-1.59819
-2.37183
-1.68025
-0.668034
-1.28221
-1.11201
-1.04687
-1.79124
-0.931525
-1.75746
-2.59395
-1.48823
-1.22826
-1.48627
-0.73899
1.24651
2.21655
1.22184
1.88727
2.832
1.8717
0.923228
1.78945
1.16002
1.69945
1.93044
0.829084
-2.77593
-4.95248
-2.16512
0.0206316
0.924178
1.17221
1.62531
2.9407
1.66058
2.12895
3.74415
2.15676
0.847883
1.45148
0.723835
-0.881099
-1.31065
-0.952379
-1.84519
-2.84753
-1.32009
-1.3903
-1.43047
-0.814045
0.776931
1.60868
0.955214
1.07378
2.09518
1.02543
0.453445
0.881516
0.269298
-0.46343
-1.87346
-0.328481
-1.27736
-2.69414
-0.669635
-0.468128
-0.627723
0.112516
-0.310065
-0.91444
-1.52106
-0.0080048
-0.615127
-1.03636
-0.365417
-0.679864
-0.252105
-1.00782
-1.94184
-1.15343
-1.29304
-2.57365
-2.18624
-0.512681
-0.998077
-0.964619
0.887718
-2.5804
2.08313
2.86126
-5.06808
2.29513
1.20602
-2.11332
0.501365
-2.78798
1.17414
0.665824
1.82231
2.80581
-2.01056
1.39063
-2.71204
-0.330689
1.16804
3.57864
0.651823
-4.00583
-2.82742
0.728011
2.03169
-0.832461
-1.26241
1.19735
1.84658
0.637233
1.97527
3.11087
1.49216
0.971186
1.8133
1.06765
1.67516
0.481492
-1.87683
4.0326
0.971843
-4.23435
0.549757
-1.04819
-0.556594
