1.8304247856140137
1.153136134147644
-5.08576774597168
2.245389938354492
-12.900752067565918
-0.7269578576087952
1.8651031255722046
0.05269326642155647
-0.8991113305091858
0.7794537544250488
2.9667818546295166
-0.2952948212623596
0.35930711030960083
-1.5470536947250366
-0.18502676486968994
0.3190353512763977
1.2391531467437744
-0.028645271435379982
0.6124111413955688
-0.8202823996543884
-9.45924186706543
2.226579427719116
-1.6069302558898926
-1.4668930768966675
-9.972209930419922
0.28626111149787903
-6.611966609954834
2.2815980911254883
-0.8923811912536621
-2.3046743869781494
-0.6844839453697205
-0.7154439091682434
-18.77396583557129
-5.206752777099609
-0.49455317854881287
-1.2001898288726807
-6.267030715942383
-9.876105308532715
4.4224324226379395
1.675969123840332
-2.489372968673706
-5.405370712280273
-4.5235114097595215
-1.6414977312088013
-0.5335186719894409
-9.367926597595215
0.842216432094574
0.6390522122383118
0.8100481629371643
-0.11545553803443909
-5.091415882110596
6.680929183959961
4.892230033874512
-0.9427739381790161
-4.067091941833496
0.050611067563295364
1.9650744199752808
2.744171619415283
0.2402903139591217
4.094400405883789
-2.108123302459717
-2.6369760036468506
-0.05174354463815689
-0.9563182592391968
3.260298490524292
-0.9263324737548828
0.5394294261932373
1.2707816362380981
-13.011885643005371
-7.12636137008667
2.140000581741333
1.0203988552093506
-1.0186604261398315
-1.1001102924346924
0.6812748908996582
3.9482743740081787
0.032057590782642365
-1.6617077589035034
1.823580026626587
3.4460203647613525
7.941729545593262
-1.2314107418060303
-14.652315139770508
-2.815213680267334
3.6074132919311523
4.851064205169678
0.3703455924987793
3.3839147090911865
-16.790042877197266
-5.914618968963623
3.104848623275757
-9.132256507873535
-4.965280055999756
1.509350061416626
1.0077311992645264
-0.7197484970092773
0.49116742610931396
-6.197309494018555
0.25962045788764954
-0.5022790431976318
2.8188960552215576
-2.8797800540924072
1.1044572591781616
-6.003321170806885
-0.42649707198143005
-9.592517852783203
-2.3670058250427246
-4.869960308074951
-0.41230061650276184
1.8498672246932983
-1.0240172147750854
4.403698921203613
-0.24440856277942657
-7.458986282348633
-6.815056800842285
-1.9508066177368164
1.7758485078811646
1.9093672037124634
-14.071971893310547
0.10021577030420303
5.608525276184082
-0.45591995120048523
4.148027420043945
1.5787822008132935
0.7331887483596802
3.335244655609131
-6.903914451599121
-8.120809555053711
-0.206404447555542
0.23649798333644867
-0.3430585563182831
0.7636903524398804
-0.01658645085990429
2.171595335006714
0.8565011024475098
6.025030612945557
0.399305135011673
2.4363694190979004
-2.274822235107422
0.77187180519104
2.0134589672088623
-0.43023884296417236
4.147765159606934
-0.15183015167713165
-0.7423202991485596
0.45734623074531555
-4.432905673980713
9.863983154296875
3.9822795391082764
-4.3942975997924805
6.944415092468262
0.37987443804740906
1.5491406917572021
0.4140874147415161
-3.036170482635498
-2.5423402786254883
-0.2960071563720703
-5.958462715148926
-3.4970738887786865
-4.173868656158447
-4.6414794921875
-2.4229512214660645
-3.5199716091156006
0.06488014757633209
-7.194674491882324
-3.559893846511841
-1.2542492151260376
-6.786602020263672
0.021303316578269005
0.9105502963066101
-4.9433794021606445
3.460649251937866
1.9632031917572021
-0.33646565675735474
-5.810732841491699
1.48975670337677
0.9115648865699768
2.277900218963623
-0.22019660472869873
6.154467582702637
0.5046932697296143
0.6964407563209534
-0.2167128175497055
2.1019468307495117
-9.005243301391602
-10.233678817749023
7.516176700592041
1.656836986541748
17.200660705566406
1.172927737236023
-0.4906030595302582
-11.296875953674316
-0.6773449778556824
-4.201248645782471
-8.457393646240234
10.556161880493164
0.5213677287101746
-7.488105297088623
-10.140181541442871
0.24621674418449402
-0.6165478825569153
-5.0582356452941895
-2.429821491241455
4.957612037658691
2.9769163131713867
-1.1612886190414429
-0.09091346710920334
3.4574694633483887
-8.960531234741211
-1.5263762474060059
1.8118361234664917
3.275864839553833
-1.8163626194000244
4.1619553565979
2.0474417209625244
5.208740711212158
0.18431760370731354
1.730048656463623
-0.17264676094055176
0.3118566572666168
8.460624694824219
0.8044419288635254
-5.292859077453613
-4.182140827178955
-1.307401418685913
3.9117867946624756
-0.31987816095352173
-9.45430850982666
5.590945720672607
-8.296470642089844
-1.610490322113037
1.6317799091339111
0.10631617158651352
1.18161940574646
4.949843883514404
-10.647951126098633
-0.12058397382497787
-2.056410551071167
-0.9358378648757935
-0.5580108165740967
0.34874287247657776
-1.6947593688964844
-0.6375576853752136
0.9488606452941895
2.014464855194092
2.3550069332122803
0.4007490873336792
4.595306873321533
-10.025373458862305
-5.883035659790039
0.705521821975708
-0.13554422557353973
0.08479452133178711
8.329922676086426
0.6223198771476746
2.8341031074523926
