-0.598482608795166
-1.1029301881790161
-0.7192050218582153
0.4949807822704315
0.08703748136758804
-0.2300267368555069
2.0566442012786865
-1.859090805053711
2.2907392978668213
-0.45833805203437805
-0.3138968348503113
-0.08247175067663193
1.4566642045974731
-0.47954028844833374
-0.1346319168806076
1.557936429977417
0.10522312670946121
2.747495651245117
-0.18253254890441895
-0.3542105555534363
-0.03507644310593605
0.6458108425140381
-0.7409963011741638
-0.3781716227531433
0.2600117027759552
1.3695781230926514
-0.34885695576667786
0.3960375487804413
-0.49192288517951965
1.3196523189544678
-0.2945767641067505
-0.041009850800037384
0.6237474679946899
-1.250846028327942
0.8340120315551758
-0.4911392629146576
0.01817340776324272
-0.1708400845527649
0.3758772313594818
0.15435412526130676
-0.5868534445762634
0.415039986371994
-0.45667004585266113
-0.3518490493297577
-0.442838579416275
0.6768076419830322
0.4633423388004303
-0.002979239448904991
-0.08714261651039124
-0.9403607845306396
0.8492037057876587
0.11586279422044754
-0.08781624585390091
-0.28706660866737366
0.30580228567123413
-0.3003244400024414
-0.3101012110710144
-2.47345232963562
0.09181420505046844
0.09598185867071152
3.230111837387085
1.7147566080093384
-0.5356023907661438
-0.6349738240242004
0.195445716381073
-0.3302668631076813
0.16353750228881836
0.35448434948921204
-0.6050994992256165
-0.16901777684688568
-0.12464781850576401
-0.013371385633945465
-0.39686721563339233
-0.4991077184677124
0.10297366976737976
-0.45773640275001526
-0.1733732670545578
-0.9244170784950256
0.8303934931755066
-0.4106024205684662
0.4939802885055542
1.6111023426055908
-0.5433881878852844
0.7720548510551453
-0.20611262321472168
1.8318644762039185
-0.4350430965423584
-0.10708959400653839
0.708223819732666
-0.05138719081878662
-0.11236574500799179
0.406893253326416
-0.2531505823135376
-0.022586774080991745
-0.011921172961592674
0.1963925063610077
0.1519380509853363
-0.5706092715263367
-0.3105418086051941
-0.12819582223892212
0.17102612555027008
-0.46871376037597656
-0.34316307306289673
0.6028150916099548
0.22467754781246185
1.0147175788879395
0.13204741477966309
2.5362131595611572
0.011991184204816818
-0.4718534052371979
-0.10610626637935638
-0.13646122813224792
-0.2031930834054947
-0.8271335959434509
2.490790605545044
-0.22436703741550446
0.08336673676967621
-0.9941754937171936
0.6512290239334106
-0.04491311311721802
1.5540839433670044
-0.18082451820373535
0.9871004819869995
-0.21437931060791016
-0.7008313536643982
-0.26146697998046875
-1.1098167896270752
-2.0770020484924316
-0.18023282289505005
0.06160005182027817
0.2587474584579468
0.010078124701976776
2.7851123809814453
0.20407959818840027
-0.8866417407989502
2.347938299179077
-0.08216792345046997
0.4491254687309265
1.3791900873184204
-0.6438196301460266
0.19740527868270874
-0.078807532787323
-0.32509323954582214
-0.32935887575149536
-0.14133481681346893
2.7610199451446533
2.8147058486938477
0.28792068362236023
0.2697181701660156
1.224326729774475
-0.04529063403606415
0.06703554838895798
0.1654033213853836
-0.3399278521537781
0.9066734313964844
0.5281506776809692
-0.6451680660247803
0.8398557901382446
0.2014097273349762
2.801873207092285
-0.4954695701599121
-0.06938371807336807
1.4200825691223145
0.1801404058933258
1.8531180620193481
0.4330104887485504
0.031899236142635345
-0.16264310479164124
-0.20381806790828705
2.592829942703247
-0.7464465498924255
0.5148289203643799
0.07207544147968292
-0.18267931044101715
2.155930280685425
2.51688551902771
0.24984392523765564
0.534925103187561
-0.17267566919326782
0.5409749746322632
0.96690833568573
0.08111482858657837
1.6575207710266113
0.5538551807403564
-0.03517455980181694
-0.29957422614097595
0.5738967657089233
0.4478912949562073
-0.23138311505317688
0.23377394676208496
-0.3348504602909088
-0.2723797857761383
-0.19620610773563385
-1.399851679801941
-0.3372301757335663
-0.3002128303050995
2.9639999866485596
0.8544236421585083
-0.969127893447876
0.16706837713718414
-0.277617871761322
0.46396759152412415
1.106668472290039
0.25140053033828735
0.18888653814792633
-0.48647627234458923
2.122772693634033
-0.8108596205711365
-0.23298782110214233
-0.3279203474521637
0.4149124324321747
-0.2966775596141815
-0.23075975477695465
0.6958737373352051
0.4029572606086731
-0.6717938184738159
0.16727983951568604
1.438011646270752
-0.22521986067295074
2.384348154067993
2.3799281120300293
-0.230345219373703
-1.0070854425430298
-0.38370171189308167
-0.4879671335220337
1.4107571840286255
-0.33438733220100403
0.8961177468299866
-0.13722877204418182
-0.34120503067970276
0.43733274936676025
-0.1412828266620636
0.1154799684882164
0.1412467062473297
-0.25799593329429626
0.42279818654060364
-0.15208131074905396
3.20206880569458
-0.010830926708877087
3.516570806503296
-1.951072096824646
1.8222538232803345
0.06735904514789581
-0.27961111068725586
-0.15704397857189178
0.008946246467530727
0.2445249706506729
1.9879196882247925
-0.019020821899175644
0.06975418329238892
0.27853283286094666
0.1354442983865738
-0.1274527907371521
2.6580092906951904
0.18684126436710358
0.20092414319515228
