1.4377745389938354
0.99793940782547
1.5422698259353638
0.7735752463340759
1.1906059980392456
1.3966811895370483
0.783333420753479
1.8087420463562012
0.593656063079834
1.2124648094177246
1.3378806114196777
1.040658712387085
0.7059585452079773
1.823340654373169
1.4900116920471191
0.9344950914382935
1.0878328084945679
0.9936965107917786
1.8723764419555664
1.6476455926895142
1.2176564931869507
0.7190456986427307
1.8738619089126587
1.1586194038391113
1.4392690658569336
1.2640516757965088
1.3748078346252441
0.49436479806900024
1.7937564849853516
0.5120134949684143
1.3115355968475342
1.5625032186508179
0.9127030968666077
1.8586024045944214
1.2818773984909058
1.7998461723327637
0.9543108344078064
1.431186318397522
0.9212392568588257
1.2337640523910522
1.7970250844955444
0.9928872585296631
1.466864824295044
1.7044357061386108
1.7327088117599487
1.3025836944580078
0.9917438626289368
0.8174011707305908
1.4123966693878174
1.5365033149719238
0.8389779925346375
1.3640631437301636
0.9763734340667725
1.5556198358535767
1.5605412721633911
1.2069315910339355
0.9232733249664307
2.6013898849487305
1.31179940700531
1.3191686868667603
0.7330571413040161
0.5912359952926636
1.7367291450500488
1.7413359880447388
0.8477049469947815
1.8134963512420654
1.1425838470458984
0.6512599587440491
1.6188364028930664
1.366790771484375
1.1277083158493042
1.2429805994033813
1.5723650455474854
2.066333532333374
1.2375297546386719
1.1951940059661865
1.5005450248718262
1.6762993335723877
1.1851028203964233
1.0167063474655151
1.1492385864257812
1.0189582109451294
1.8301581144332886
0.572903037071228
1.237602710723877
0.8702782988548279
1.4040471315383911
1.2191574573516846
1.4012551307678223
1.3407080173492432
1.250252604484558
1.0080012083053589
1.2300633192062378
1.0990149974822998
1.301032543182373
1.2001246213912964
1.1685556173324585
1.4356358051300049
0.5357868671417236
1.0695958137512207
0.9338999390602112
1.60161292552948
1.4202173948287964
0.6974344253540039
1.2286229133605957
0.6479930281639099
1.397725224494934
1.105865716934204
1.3932124376296997
1.4270799160003662
1.581466555595398
1.153228759765625
1.3230215311050415
1.4261788129806519
0.8507686853408813
1.3853100538253784
0.8310931324958801
1.476110577583313
1.531598687171936
1.1804474592208862
0.7694909572601318
1.1699162721633911
0.7984473705291748
0.9805059432983398
0.8198332190513611
1.0938979387283325
1.7038267850875854
2.1871752738952637
1.5443791151046753
0.9620908498764038
1.1314573287963867
1.2470569610595703
0.8338418006896973
0.7824001908302307
1.3636059761047363
0.855466365814209
1.298100233078003
0.8761940598487854
0.6397369503974915
1.5520483255386353
0.8900737762451172
1.3274545669555664
1.0348182916641235
1.2982003688812256
1.4535771608352661
0.8629209399223328
1.0769445896148682
1.2578850984573364
0.7946993708610535
0.66200852394104
0.9298485517501831
1.3815126419067383
0.9180870056152344
0.5897607803344727
0.6506453156471252
1.068068265914917
1.6515271663665771
0.6930095553398132
1.5919197797775269
0.9123567342758179
1.4140701293945312
1.095088243484497
0.8799086809158325
1.1746826171875
0.95377516746521
1.01337468624115
1.1440174579620361
1.1347877979278564
1.381361484527588
0.9404864311218262
1.5974637269973755
0.8609277606010437
0.8593157529830933
1.3586862087249756
0.9374931454658508
0.7203320264816284
0.9079289436340332
1.0013384819030762
1.4676798582077026
0.7500789165496826
1.224488377571106
1.1444605588912964
0.7655286192893982
0.7112821340560913
1.721884846687317
1.4138429164886475
1.1791826486587524
0.7976973056793213
1.3579130172729492
1.089848279953003
1.2545536756515503
1.262447476387024
1.4171909093856812
1.9004312753677368
1.5032217502593994
1.4033362865447998
0.7012215852737427
0.7227771282196045
1.4843655824661255
1.451202154159546
1.5641138553619385
0.9011995792388916
0.9426304697990417
1.1957943439483643
0.8156494498252869
1.6907031536102295
1.0010161399841309
1.4611362218856812
1.3252547979354858
1.2281949520111084
0.5800610780715942
1.2203363180160522
1.4271031618118286
1.2787829637527466
0.6944020986557007
1.4358395338058472
1.287567138671875
0.6491612195968628
1.8948066234588623
0.8461812734603882
0.8520243763923645
1.7325700521469116
1.7007229328155518
1.6170485019683838
1.6648235321044922
0.796364426612854
2.0857136249542236
0.7633019089698792
1.3364394903182983
1.6012589931488037
1.3110202550888062
1.3044050931930542
1.1366539001464844
1.2889060974121094
1.0093109607696533
1.269248127937317
1.075409173965454
0.8375906348228455
1.2923249006271362
1.0873788595199585
1.4620742797851562
0.8836544156074524
1.161338210105896
1.8190181255340576
1.5837405920028687
0.9181811809539795
1.101420283317566
0.7862721681594849
1.4465519189834595
0.8530601263046265
1.1452113389968872
1.0502680540084839
1.1918227672576904
0.8898748159408569
1.3273049592971802
0.7964405417442322
