2.700325560545352
2.11961210732876
1.491101438248085
3.623819432035898
4.226334664174563
2.2998650378559815
3.112213767498456
0.3342105337116562
1.841546199822897
2.0915405403601945
5.004980332129189
4.9667408630836976
1.3153375926924384
4.195647393014431
2.5033946976165073
2.937132073918555
4.375407889398244
1.1564581198128898
2.6668971713896497
3.473158579827573
3.8953668676714446
2.0597967467913043
4.000442310673943
1.7156353770569308
4.692737814192161
3.3517025757441545
4.716384454019332
2.8618142945015457
3.0627189987665
2.4484212841478015
4.250965970833061
2.4033055461629873
5.417915466178595
2.6708005252277154
3.325207010579643
2.5894021190316137
1.7265743965671168
6.50122943225813
3.938361007285398
3.066167787801917
3.0800961724661495
5.302445226923281
2.357512404731809
5.940292229961734
2.2439051998941624
3.6129416246636947
5.431741982884306
1.5662411955443643
4.157028076767136
1.9118495872382384
5.160455694850564
3.73564867793023
5.712928066116626
2.781286873905185
6.1749374769497285
1.459056953882072
2.4358677560586295
2.7079179334503025
3.301323309780962
2.588624154591182
3.6733623431722386
3.2653527508282023
3.156169108647826
3.0222243723051365
2.9555088615871905
2.6271997183285003
5.700525194031947
2.0041321925042115
3.410641501038829
2.303138046745293
3.8678834324879094
3.6389729530648074
2.937386949027634
3.1479223053783016
5.269419274952341
4.329803315027852
3.1699185018562615
4.46862991022261
4.218446686868423
3.3338826233008363
4.585633309824593
1.467350987759884
5.058496524162188
2.8906730979423254
3.409660182812337
3.0696759252321257
2.9486440057207894
4.438494995320636
5.736404980652149
2.178978496569708
3.204536175663376
2.286128865365292
1.6065528572236858
4.7480937320934515
5.022581660668738
1.5016000720353837
2.947113308377707
1.7078594444921729
0.8832494014475587
3.5101732599256783
3.65522498423336
3.056548361227331
2.8653388153575197
2.9745217806066275
2.4436540581877404
3.0030018690511837
3.5788643520045333
4.425219731451858
3.481775462080685
5.5065191452980695
1.7249013446847514
2.8585932055376633
5.640895896260733
2.0868127424807854
2.3493413886943557
4.888342822837702
2.6035055655809507
2.9171447940391384
5.324761686768153
2.2360709791774673
2.2417963891860535
2.8890507841311086
4.0151726227891995
2.4590215244289713
1.5208257190391803
4.1374926628670075
2.07569481029006
2.5962057921861392
2.6276943504400805
5.694142964408348
2.4216996802092305
5.514524405231476
3.7020739356705046
3.054276550592228
2.3166143727975523
4.3147409754304595
2.3604681402543872
3.275030665363276
2.655265549564185
4.182802278365826
3.647139530476006
2.4158337612180234
3.0326872222040513
1.782422620316282
5.611985352163306
1.8453783702802768
2.5468651849288446
6.168194531570553
4.585272467617919
2.563836763384086
7.180009775394171
5.244457823274721
3.9488449841674433
1.0758017016802843
3.746115207837397
3.784145233714122
2.680334888430127
4.165009018612333
4.682135457330971
6.723482714941359
3.504352122028552
5.060038458033431
4.280467450649443
3.022122288934129
2.760490967025308
3.6331229884537293
3.3759931693889342
3.857782392171902
2.892064341556163
4.2077448617150095
2.7993713109068126
2.8300740098205934
2.7631624240579984
2.7606605025554796
5.46186251693785
3.9178008633334502
2.515416026658495
1.8111954502186731
3.399783595434947
5.078530686920015
3.3236315235772755
8.05015912200799
2.9771573452640143
2.668579313372157
3.041248870861943
3.8407028123315357
4.270232407188321
2.5597052012518304
6.528658015877478
6.656794177524481
1.9923285522790763
4.66002819985956
2.460084812439057
5.195761715482837
2.574726074611326
6.433637966131452
2.1313384445498245
1.2184505881276508
1.849949020508134
3.4843093901474265
2.752291431476561
4.947212861813979
1.9165723455136694
3.360500636950516
2.6645529870598574
2.511068556189631
2.7726158237600376
3.363926073312103
2.985109660372336
5.722354988870609
2.6846842677137235
2.3828015088437593
3.5147486396872116
4.5563757122682125
2.301645750778963
5.228813161302062
5.312526260849616
3.1615110420638732
2.6609703892519336
3.0009653725283565
4.290390456777383
4.831457335056241
4.986465883819727
3.9766383526655558
2.9513558352864693
4.435521566005513
2.70234643843937
5.965429576872155
6.1575319592432125
2.515966086821645
2.536169489921781
4.5224482402718005
3.3169435999540116
1.76134663335027
5.1774690069563105
2.5917607367841344
2.0688940582365603
3.958750775514508
3.3020434000546883
2.5506819048896787
1.114168936632726
2.8078986061407103
3.017057969934504
1.9702532224034643
3.7642044079903894
3.6639873538902634
3.027773812698739
2.9766917084612037
2.960988481792295
4.342928645577896
3.5610250231777707
8.207769366052423
2.074128994423986
4.667366692672869
6.611486838013709
3.19776275271003
