-8.2985200881958
3.0105526447296143
-6.503863334655762
0.8977686762809753
-1.8794975280761719
-0.3248477876186371
-4.086971282958984
1.0322548151016235
1.2984685897827148
-1.4544878005981445
-1.7971829175949097
-1.779178500175476
0.4514744281768799
-1.2271157503128052
0.88777095079422
-2.438807249069214
1.0490506887435913
-2.310314893722534
-1.7569372653961182
-0.02388926036655903
-4.548755645751953
0.6860986351966858
0.7263700366020203
1.1011606454849243
0.2757434546947479
1.413171648979187
0.015578867867588997
0.9181730151176453
-3.8282687664031982
1.3633217811584473
0.7547879815101624
-0.23849868774414062
2.3102123737335205
-3.8836324214935303
1.9038031101226807
-2.1594021320343018
2.5991907119750977
0.7500249743461609
3.8783936500549316
1.7926133871078491
0.5625292658805847
1.512005090713501
-1.2634470462799072
0.5542211532592773
0.6498045325279236
2.7938942909240723
-6.266299724578857
1.9259814023971558
1.1238913536071777
0.9650319814682007
1.4070998430252075
0.9541344046592712
1.3119475841522217
-0.12608453631401062
0.5741392970085144
-3.3155643939971924
0.9215983152389526
1.7102792263031006
-7.916659832000732
1.5293596982955933
1.5439518690109253
-1.58347749710083
0.8611681461334229
-6.570555686950684
1.7296028137207031
3.09110426902771
1.144370436668396
2.546201705932617
-1.4505529403686523
-2.0426995754241943
0.5845987200737
-5.598751068115234
-4.03685998916626
0.7938559651374817
0.635681688785553
0.2243405133485794
-2.7360446453094482
-0.20844975113868713
-8.304091453552246
1.2456235885620117
2.9479644298553467
-5.272658824920654
0.8812340497970581
-1.2520562410354614
-1.231881856918335
-5.764054298400879
-0.11798097938299179
-1.6991472244262695
1.564218521118164
0.8144864439964294
2.5784826278686523
-2.1486902236938477
-2.472893476486206
-0.9483224749565125
0.41161105036735535
0.8101854920387268
-1.6034317016601562
0.8132348656654358
-1.8230862617492676
0.7344003319740295
-5.662785053253174
0.9108394384384155
1.2281118631362915
-2.5972559452056885
-1.8097517490386963
-4.890282154083252
1.0996862649917603
-3.7855443954467773
1.3703820705413818
-2.96555233001709
1.096065878868103
0.3287375271320343
2.5027883052825928
-1.899259328842163
-3.2637851238250732
-1.7241547107696533
1.6786099672317505
-4.199432849884033
-7.0196099281311035
1.415887713432312
0.11434650421142578
0.3455710709095001
0.3502061367034912
-1.9492230415344238
1.5504204034805298
6.989719867706299
1.7079336643218994
1.5839735269546509
-6.598964691162109
-3.909090757369995
0.2380908876657486
0.28903332352638245
-5.417899131774902
-2.9844586849212646
1.0043766498565674
0.035472042858600616
-4.389172554016113
0.6128624081611633
-3.2901482582092285
0.11082587391138077
-0.2088211476802826
0.7113698720932007
-0.26725003123283386
0.5674443244934082
-1.5849266052246094
0.8160144090652466
1.1010749340057373
-0.03755098953843117
1.0482666492462158
0.8751198053359985
1.146755337715149
0.9827236533164978
-2.4143474102020264
1.0358384847640991
-1.5420781373977661
1.1690161228179932
-0.29138049483299255
0.5350350141525269
-1.3968263864517212
-2.7989351749420166
-3.0204098224639893
1.169179081916809
3.600268602371216
3.851942777633667
-3.8506646156311035
0.013513479381799698
-0.01954515278339386
0.4125828444957733
0.5319288969039917
-8.59644603729248
-0.10674530267715454
1.054987907409668
1.5965321063995361
0.6115047931671143
-4.459883689880371
-4.837639808654785
3.0428452491760254
0.025026952847838402
0.6036762595176697
0.48373299837112427
-1.7181317806243896
-2.603989601135254
0.8559640049934387
0.3315964639186859
-2.3011796474456787
1.266080379486084
-0.18833941221237183
1.0913983583450317
-6.586954116821289
-1.672944188117981
-3.0407376289367676
2.0562386512756348
2.7461891174316406
-2.2133119106292725
0.5869224667549133
0.6501688957214355
3.148334503173828
-4.4336748123168945
4.016801357269287
-3.726482391357422
0.9313446879386902
-2.0128588676452637
0.9885005950927734
1.2100735902786255
2.6502938270568848
-0.999469518661499
0.9496594071388245
0.07134464383125305
-2.064593553543091
-3.1598403453826904
-0.763801634311676
1.5704396963119507
1.343247652053833
-2.918907403945923
1.207880973815918
0.427765816450119
1.6826170682907104
1.6652194261550903
-3.3928236961364746
-4.633739471435547
0.7255699634552002
0.510673463344574
-8.188071250915527
0.776740550994873
-1.4599735736846924
0.9766845107078552
0.406081885099411
-3.166626453399658
1.837998390197754
-3.285875082015991
5.3194379806518555
0.52239590883255
-2.7263495922088623
-0.8232439756393433
-5.241638660430908
1.1844018697738647
0.8549338579177856
-7.0645856857299805
-4.597568035125732
-6.7767653465271
1.1355382204055786
5.503735542297363
1.6787210702896118
0.7433772087097168
1.4928961992263794
1.6256195306777954
-0.5823953151702881
1.340487003326416
-4.831118106842041
-3.578110933303833
-4.475056171417236
-0.5478894114494324
0.6221071481704712
1.1436889171600342
1.1880067586898804
0.23062187433242798
0.2277345061302185
-4.489457607269287
-3.323380470275879
0.9570475816726685
1.7846242189407349
1.1281112432479858
0.1707525998353958
1.5325111150741577
0.9990707039833069
-5.621547698974609
0.9626180529594421
1.3516238927841187
9.407050132751465
0.8687613010406494
-5.684945106506348
1.3271982669830322
3.14260196685791
0.9485813975334167
-2.101181745529175
0.7588217854499817
1.6012126207351685
-0.40412452816963196
-0.6481563448905945
-2.814545154571533
0.5985347628593445
0.9742259979248047
-1.857230544090271
1.2279311418533325
0.07793854176998138
-13.247336387634277
-3.6961684226989746
1.4279892444610596
-0.9855897426605225
0.7737568616867065
0.6241167187690735
-1.6110714673995972
-0.14923882484436035
0.9135575294494629
-2.1539554595947266
-0.13082292675971985
-3.236661195755005
0.8890429139137268
1.0252296924591064
1.750935673713684
0.031895171850919724
0.11268633604049683
1.9076367616653442
-1.3099298477172852
-5.0806074142456055
0.8047626614570618
0.3163453936576843
-1.8207231760025024
-2.1454405784606934
-1.5154573917388916
-1.5447194576263428
-3.3190624713897705
-1.1898120641708374
0.4523542821407318
0.691802978515625
-5.226340293884277
-1.2776538133621216
-1.0218429565429688
-0.06881393492221832
0.8672201037406921
-2.071537494659424
-0.00697999307885766
1.9759465456008911
2.031614065170288
0.45473000407218933
0.23694032430648804
0.5961325764656067
-2.480741262435913
1.2969356775283813
-0.3614356517791748
0.6373662948608398
0.3068227767944336
1.029301404953003
1.5146706104278564
-7.852006912231445
1.3719669580459595
4.525233745574951
1.0974396467208862
-1.946404218673706
0.6867068409919739
0.870660662651062
1.5768160820007324
-0.6735054850578308
1.4138070344924927
0.9790207743644714
-2.403527021408081
0.16159556806087494
-4.2237067222595215
0.08940862119197845
1.2799832820892334
2.284806489944458
1.5108988285064697
1.1212161779403687
1.7492855787277222
0.96751469373703
-1.1308114528656006
0.30446657538414
1.0721992254257202
0.377858966588974
-0.8240458965301514
1.004989504814148
1.4961597919464111
0.6843672394752502
0.9955224394798279
0.3142886161804199
-4.280348300933838
-0.07960815727710724
0.18622349202632904
1.0752328634262085
1.364684820175171
2.1568782329559326
0.9518883228302002
3.582456111907959
0.31738215684890747
0.6949761509895325
-1.9158282279968262
0.8424773812294006
0.6243894100189209
2.562459945678711
-1.7101079225540161
0.6047489047050476
-4.501011848449707
0.7046970725059509
-2.9938466548919678
1.079340934753418
0.38094544410705566
1.1022733449935913
0.4975299537181854
1.6383556127548218
-9.288113594055176
1.1661548614501953
1.872033715248108
0.6866607666015625
1.6877236366271973
1.418452262878418
-2.2581963539123535
0.45399460196495056
1.11970853805542
1.3357750177383423
1.0094350576400757
-5.023971080780029
-2.9907867908477783
-2.455019950866699
1.4089993238449097
-6.33655309677124
-2.4399945735931396
0.3386860489845276
-1.6653690338134766
0.21660760045051575
1.0355839729309082
0.9376093149185181
0.7842267155647278
1.6498936414718628
-2.0278499126434326
-2.8670268058776855
3.9415359497070312
1.1558574438095093
1.4359946250915527
0.9496880769729614
0.7543116807937622
-0.8532801866531372
-2.944051504135132
-2.2815864086151123
1.0365453958511353
1.3529661893844604
0.9592931270599365
-1.524846076965332
0.20221535861492157
0.17495688796043396
0.7023494243621826
2.2214348316192627
-1.6445014476776123
-5.8075079917907715
-0.9804537892341614
0.6189814805984497
-4.234351634979248
1.0671218633651733
1.3705089092254639
-4.115801811218262
1.0260175466537476
1.2067642211914062
0.8269783854484558
2.2114005088806152
-1.730460286140442
-1.6051827669143677
0.19106225669384003
1.3352009057998657
1.0994502305984497
1.047305703163147
4.6797990798950195
-0.6257025003433228
-0.7515549659729004
1.8075551986694336
1.3230304718017578
1.6635981798171997
0.48401153087615967
4.854193687438965
0.4061777591705322
0.9803921580314636
0.6371631622314453
-5.794129848480225
0.2553558945655823
-1.9874818325042725
0.8633517026901245
-1.3747280836105347
0.40944600105285645
-3.7978761196136475
1.24783456325531
-0.8390663862228394
0.6115764379501343
-4.600555419921875
0.561610996723175
-3.870614528656006
0.36521103978157043
-2.9652340412139893
-0.023210858926177025
-2.341362714767456
-3.43668270111084
1.4693334102630615
1.9779810905456543
3.0324208736419678
0.31578585505485535
-6.158547401428223
-4.165254592895508
-1.6346538066864014
1.2524139881134033
-1.7932747602462769
-2.6172034740448
0.915001630783081
0.7458268404006958
-1.521868109703064
0.6888971924781799
1.5851898193359375
-6.694225788116455
1.3024499416351318
1.531319260597229
2.0550644397735596
1.3540080785751343
0.6552478075027466
0.823004961013794
1.0673699378967285
-4.066851615905762
1.3819043636322021
-4.3504533767700195
0.7814099788665771
-1.8228431940078735
-0.49894532561302185
-4.040788173675537
-3.6324405670166016
0.8165805339813232
-3.9942851066589355
-1.6639832258224487
