1.3097844123840332
1.8881661891937256
1.4303667545318604
0.7376974821090698
0.545509934425354
2.1894004344940186
1.0156278610229492
0.6988943815231323
0.5447322726249695
0.5058744549751282
0.5422981381416321
0.5380032658576965
0.580028772354126
0.4694322943687439
0.7237972617149353
0.7877621650695801
0.6185668110847473
2.2221779823303223
0.5899688601493835
0.5895257592201233
0.7662948369979858
0.5967879295349121
0.8464020490646362
1.3208612203598022
0.6876729726791382
0.7724162936210632
0.6893454790115356
0.6286838054656982
1.2429888248443604
0.5686303377151489
0.5945563316345215
1.6985646486282349
0.7392023205757141
0.6630480885505676
0.6619176268577576
0.6480994820594788
1.205282211303711
0.5800192952156067
1.9260331392288208
0.6317326426506042
0.6629039645195007
0.4970247149467468
0.517431378364563
0.6874321699142456
0.7230710387229919
0.754465639591217
1.239412546157837
0.941616415977478
0.6352660059928894
0.6645000576972961
1.053144931793213
0.9659221172332764
0.6201536059379578
0.5762569308280945
0.6346868872642517
0.818429172039032
0.9048311114311218
1.6347336769104004
1.9086953401565552
1.0913065671920776
0.5910391807556152
0.7038964033126831
0.868812620639801
1.5831048488616943
0.6499621272087097
1.2933075428009033
0.7112192511558533
1.197216272354126
0.5292871594429016
0.626966118812561
0.7766339182853699
1.3458811044692993
0.9376676678657532
0.8425071239471436
0.6061704158782959
0.6709007024765015
1.3487582206726074
0.8008825182914734
1.4945980310440063
0.7822965979576111
0.8480091094970703
0.8258691430091858
0.7285828590393066
1.8254666328430176
0.5118005275726318
1.5184307098388672
1.4478203058242798
0.6296088695526123
0.6994637846946716
0.6178253889083862
1.613438367843628
0.9107282161712646
0.6527120471000671
0.6456506252288818
0.6275060176849365
0.799123227596283
0.5825409889221191
0.7494572401046753
0.6330239176750183
0.6159654259681702
1.7853870391845703
0.5454009771347046
0.6875514388084412
1.030781865119934
0.8420490026473999
1.0503718852996826
0.720089852809906
0.9212692379951477
0.5586037635803223
0.7564882040023804
0.8391537070274353
0.6853668689727783
1.7455620765686035
0.5389211177825928
0.7182455062866211
0.594856321811676
0.7056161761283875
1.366712212562561
1.8872853517532349
0.85498046875
0.6405799388885498
0.6860094666481018
0.927875816822052
0.531554639339447
0.7365627288818359
2.615398406982422
0.780479907989502
0.6697425842285156
0.9678179025650024
0.6145452260971069
0.8463817238807678
0.584449052810669
1.5858848094940186
0.7772929668426514
1.0000691413879395
0.8267698884010315
0.7419039011001587
0.49538013339042664
1.032609224319458
0.8606594800949097
0.7454005479812622
0.5729211568832397
0.7680297493934631
0.6874971985816956
0.5508115887641907
0.6308164596557617
0.8034791946411133
0.6805648803710938
0.5641353130340576
0.5787255764007568
0.7088284492492676
0.705013632774353
1.0319397449493408
0.903473973274231
0.588581919670105
0.6732337474822998
0.7182096838951111
0.8030047416687012
0.5620273351669312
0.5919883847236633
0.7076396346092224
0.5675519108772278
1.858026385307312
1.3473870754241943
0.7708775401115417
0.6434914469718933
0.8659250736236572
0.6406213641166687
0.8886574506759644
1.9179906845092773
2.5190134048461914
0.9732598662376404
0.691868782043457
0.5882954001426697
0.9024722576141357
1.2161133289337158
2.7800543308258057
0.6261508464813232
0.6183373928070068
0.6474797129631042
0.5124693512916565
0.5573606491088867
0.5966472029685974
0.6718047261238098
2.641909599304199
1.073830008506775
1.3011407852172852
0.9110814332962036
1.9573709964752197
0.565233588218689
0.5379403829574585
0.70757657289505
1.4931796789169312
0.6676647067070007
0.8030651807785034
0.5402733683586121
1.7752606868743896
1.0697802305221558
2.6718037128448486
0.800296425819397
0.6112079620361328
0.6054797768592834
1.0024447441101074
1.7206417322158813
1.3727635145187378
0.4615176022052765
0.5655679702758789
0.6033565998077393
0.5246778726577759
0.8143298029899597
0.6474446058273315
1.8281153440475464
0.8569191694259644
0.6123624444007874
0.7979628443717957
0.6385448575019836
0.7739183306694031
0.8742270469665527
1.524474024772644
1.0500082969665527
0.6024523973464966
0.6295598149299622
1.9267624616622925
0.7183303236961365
0.7279956340789795
0.8769851922988892
0.7258210778236389
1.038765549659729
1.1791239976882935
0.9215689897537231
1.5304369926452637
0.496110737323761
1.0864547491073608
0.5127846598625183
0.8634499907493591
0.7781969904899597
0.557443380355835
0.7089614272117615
1.8487634658813477
0.9545774459838867
0.6533944010734558
0.9270662069320679
0.8002755045890808
1.0093722343444824
0.6941555738449097
1.305375099182129
1.6625062227249146
1.0419615507125854
1.108133316040039
1.0540428161621094
0.8870794773101807
1.2737218141555786
0.6230590343475342
0.6196709275245667
0.6385168433189392
1.1358304023742676
0.7492154836654663
1.8631558418273926
1.041630744934082
0.5754992365837097
0.6517366170883179
1.0304937362670898
0.5057901740074158
0.7252684831619263
0.8941693305969238
0.7467886209487915
0.778637707233429
0.8055848479270935
0.9422605037689209
0.8539261221885681
1.5832287073135376
1.1436587572097778
1.1942793130874634
0.9261248111724854
0.5657274723052979
0.661949634552002
0.9840809106826782
0.784034252166748
0.7239508628845215
0.8188471794128418
0.6938949823379517
0.7118157744407654
0.5474798679351807
1.5701651573181152
0.6084093451499939
1.2842936515808105
0.6540433764457703
0.7460606098175049
0.8543142080307007
0.7113856673240662
0.6610931754112244
0.5714553594589233
0.7863258719444275
0.6907655000686646
0.6218095421791077
0.615090548992157
0.7053422331809998
0.4947470426559448
0.870017945766449
0.5774699449539185
0.43656274676322937
0.8589564561843872
0.6186583638191223
0.5277863144874573
2.013385534286499
0.6169102191925049
0.8319487571716309
0.6352986693382263
0.6192790865898132
0.5908413529396057
0.6709280014038086
0.6782456636428833
0.6741136312484741
0.9171515107154846
0.6326982378959656
0.7202911376953125
0.5551866888999939
0.5009022951126099
0.6473480463027954
0.5797542929649353
0.9619590640068054
0.9362788200378418
1.3639031648635864
0.889387845993042
0.6109349727630615
0.7697033882141113
0.6451509594917297
0.6612758636474609
0.7855178117752075
0.6641181707382202
0.674770712852478
0.6982510685920715
0.6248469352722168
0.6633563041687012
1.0542690753936768
0.6668492555618286
1.8739211559295654
0.7636916637420654
0.9421836733818054
0.7093371748924255
0.7145978212356567
0.7352597713470459
0.6801650524139404
0.7570785880088806
0.9905760288238525
0.8520983457565308
2.044792413711548
1.1317638158798218
0.669431209564209
0.6040096282958984
1.0986908674240112
0.9536517858505249
0.7514588832855225
0.8765653371810913
0.6001376509666443
0.5249814391136169
0.5249389410018921
0.8995327949523926
0.5459110140800476
0.6465768218040466
0.9413692355155945
0.9571503400802612
0.9336159825325012
0.7067668437957764
0.5416176319122314
0.8470021486282349
1.1567387580871582
0.7165729999542236
1.0225266218185425
0.8837658166885376
1.0490143299102783
0.6324489116668701
1.4554696083068848
1.4852397441864014
0.6443848609924316
0.5376930832862854
0.7700390815734863
0.610798716545105
0.8229267001152039
0.5106399059295654
0.6925071477890015
0.6835283041000366
0.738168478012085
0.9405527710914612
1.2890219688415527
0.8154618740081787
0.6117883920669556
0.7869267463684082
0.6540806889533997
1.3793199062347412
1.1832274198532104
0.9623882174491882
0.6423210501670837
0.6428178548812866
0.7094451189041138
0.5513415336608887
0.6256897449493408
1.1979680061340332
0.9042478799819946
0.6770392656326294
1.4751867055892944
0.7911392450332642
0.8928239941596985
0.5405502319335938
0.975274920463562
0.5775448083877563
0.8688997626304626
0.7203392386436462
0.6992348432540894
0.8113227486610413
0.6510763168334961
1.201145052909851
1.1754589080810547
0.5994177460670471
0.650732696056366
1.109086036682129
0.5719939470291138
0.6717023253440857
0.5695123672485352
0.6323888897895813
0.6789515018463135
0.5974093079566956
0.5584182143211365
0.7271511554718018
0.7691901922225952
0.5047197341918945
0.665643036365509
0.6598110198974609
2.2827913761138916
0.6365772485733032
1.2356300354003906
0.5398796200752258
1.4091107845306396
0.45672300457954407
0.6707130074501038
0.8369123935699463
1.0926713943481445
0.603331446647644
0.7450178265571594
1.10488760471344
1.111141562461853
0.7705037593841553
0.8607759475708008
0.5679712891578674
0.5102618932723999
0.7010108232498169
0.7862224578857422
0.6674853563308716
0.6685644388198853
0.9744654297828674
0.599794328212738
0.5641813278198242
0.9580010175704956
1.068877100944519
0.8353217840194702
1.0713709592819214
0.7807121872901917
0.7932793498039246
0.782548725605011
1.1452354192733765
0.8558958172798157
0.7811591625213623
1.54291832447052
0.8345341682434082
0.5210487246513367
0.7599541544914246
1.451732873916626
0.6073901057243347
0.5141239166259766
1.490768551826477
0.7845925688743591
0.8042969107627869
1.3953754901885986
0.8838594555854797
0.6623299717903137
0.9740748405456543
0.7382137179374695
0.6883452534675598
1.0817457437515259
1.0694748163223267
1.2748029232025146
1.3685693740844727
1.3648426532745361
1.3167037963867188
0.5331376194953918
0.703926146030426
0.5793222784996033
2.340277671813965
0.7551485896110535
0.8377167582511902
2.0318291187286377
0.6497735977172852
0.7320035696029663
0.8874536156654358
0.6454537510871887
0.8856874704360962
0.940513551235199
0.6870100498199463
1.3165744543075562
0.5993481874465942
1.0201473236083984
0.9308354258537292
0.805277943611145
1.0721311569213867
1.2383705377578735
0.6054751873016357
1.507714867591858
0.7630751729011536
1.0051329135894775
1.2984731197357178
0.8967162370681763
0.5210105180740356
