-0.4412018358707428
-2.0365653038024902
-0.5158902406692505
-0.2958252429962158
2.3158483505249023
-1.3799751996994019
0.0427396334707737
0.24607907235622406
0.2026159018278122
2.324150800704956
2.659158945083618
1.174712061882019
0.04639362916350365
2.86387300491333
-0.20226339995861053
3.560535430908203
1.9501726627349854
-1.9242396354675293
2.6307971477508545
3.1649322509765625
0.6217589378356934
0.14772889018058777
-0.5055537223815918
-1.7744629383087158
1.7063390016555786
0.07012850791215897
1.9511780738830566
0.1271415799856186
-0.16898506879806519
0.20541620254516602
0.1193549782037735
0.8840729594230652
1.3188698291778564
2.4742047786712646
0.3162094056606293
0.9454201459884644
-0.7223103642463684
0.13026030361652374
-1.9438635110855103
0.2433943748474121
2.9107162952423096
0.3974171578884125
2.4300618171691895
-0.1442098468542099
-0.45192015171051025
0.3892889618873596
0.10911326855421066
-0.05420820042490959
0.6346094012260437
0.044203829020261765
-0.26464375853538513
-0.6086289286613464
0.11521677672863007
2.5935733318328857
0.09589395672082901
0.7028726935386658
2.3148112297058105
-1.32317316532135
-0.9238111972808838
-1.0266436338424683
0.28505268692970276
2.0790226459503174
-0.19667457044124603
-0.7663125991821289
0.20935384929180145
-0.41294464468955994
0.18022193014621735
-0.5516132712364197
2.947174310684204
1.0012260675430298
0.0826725885272026
-0.41066867113113403
0.18363402783870697
-0.586338460445404
0.13263802230358124
2.3425636291503906
-0.09614292532205582
3.5720150470733643
-0.48423880338668823
0.0160218495875597
1.5344725847244263
2.9715359210968018
-0.15980803966522217
-1.4111127853393555
2.0350892543792725
-0.6390008330345154
-1.165945291519165
2.703951835632324
0.2301129698753357
-0.04728276655077934
-3.009465456008911
3.2823855876922607
0.6649163961410522
2.0069615840911865
-0.5072434544563293
1.1667712926864624
1.2041512727737427
0.19737198948860168
0.9794768691062927
0.09865198284387589
-0.9618018865585327
0.8737483620643616
1.8359419107437134
0.49805116653442383
2.521833658218384
0.23075903952121735
0.16119323670864105
2.599538564682007
0.346130907535553
2.8365275859832764
-0.13313978910446167
-0.2967182993888855
-0.9511936902999878
2.1438519954681396
0.714503824710846
0.855748176574707
0.11463020741939545
-0.20511552691459656
-1.526028037071228
-0.3435816764831543
1.6497987508773804
2.9472312927246094
0.7177585959434509
2.148469924926758
-0.15256838500499725
-2.6248724460601807
2.2031195163726807
0.1988248974084854
0.4669163227081299
1.593717098236084
-0.28290703892707825
0.08276990801095963
-0.6965849995613098
2.866368293762207
-0.8092796206474304
2.1019861698150635
0.2990565299987793
0.2612166106700897
0.12379931658506393
2.3322913646698
1.3573695421218872
0.10455413162708282
1.4793403148651123
2.6720943450927734
2.2644712924957275
0.04075434058904648
-0.19596147537231445
2.3082199096679688
0.20755553245544434
-0.013353774324059486
1.4839022159576416
-0.12155909836292267
2.983482599258423
-0.4008864760398865
3.2771966457366943
-0.05354803055524826
1.9852070808410645
-0.12440042197704315
2.3524351119995117
1.4282869100570679
0.8725295066833496
0.2424786537885666
-2.2629261016845703
-0.7924065589904785
4.148910045623779
1.8834083080291748
2.1723265647888184
-0.057724855840206146
0.09558175504207611
-1.4696379899978638
-1.7528775930404663
-0.6152409315109253
0.060439083725214005
0.07449103891849518
0.9919100999832153
-0.4395564794540405
-2.5134103298187256
2.3880207538604736
0.9537768959999084
0.008015207946300507
2.325608968734741
1.7108465433120728
0.33735132217407227
3.2568554878234863
-2.145949602127075
-0.8202627301216125
-1.0473870038986206
-0.20486104488372803
-1.5518016815185547
1.0670274496078491
1.6273647546768188
0.29229283332824707
-1.7017886638641357
0.8527395725250244
-0.08985117822885513
0.05440216138958931
-2.2884528636932373
0.62332683801651
-1.3388932943344116
0.7086299657821655
-0.08868495374917984
1.1220142841339111
-0.9982107877731323
-1.5939099788665771
-0.6254121661186218
2.258305549621582
0.2134106159210205
2.6838808059692383
1.7332497835159302
0.448106974363327
2.3467392921447754
-2.924647331237793
-0.16018414497375488
0.9756489992141724
-0.4110938608646393
2.6547131538391113
0.03913214057683945
-0.13746947050094604
0.26049017906188965
0.03735802322626114
0.0794777125120163
0.5642295479774475
-1.0474430322647095
-0.05656084045767784
0.8600870966911316
-0.6023382544517517
-0.1642276793718338
3.349233865737915
-0.8705935478210449
0.3443302512168884
-0.7939507365226746
0.2814295291900635
0.37288013100624084
2.7924160957336426
0.2125101536512375
-0.2954769730567932
1.3324222564697266
0.9579682946205139
-0.8396961092948914
-0.0038496488705277443
0.14361155033111572
1.8564449548721313
-0.008922305889427662
-0.9247756004333496
0.08274828642606735
-0.9737002849578857
-1.0691977739334106
-0.6127621531486511
-0.16382285952568054
0.29276883602142334
0.3255016803741455
-0.2921787202358246
-0.035766951739788055
0.12012214958667755
0.292781263589859
-0.7197919487953186
2.6326022148132324
-1.133152723312378
0.3698594272136688
0.3632568418979645
0.4073331952095032
-0.8143943548202515
2.2903172969818115
-0.05327789485454559
-0.26134631037712097
1.7979835271835327
-0.0024063275195658207
-0.27957865595817566
-0.09355200082063675
3.266533374786377
-1.1318374872207642
-0.6587602496147156
-1.045080304145813
-0.7921632528305054
2.358501672744751
2.404771566390991
-0.5532233119010925
2.765082597732544
2.0453317165374756
3.626321792602539
-0.033544547855854034
-0.1224147230386734
2.4275221824645996
-1.9244449138641357
2.6432254314422607
-0.2628098428249359
0.8081896901130676
0.2520083487033844
0.7014293670654297
-0.14605027437210083
-0.29806044697761536
3.1244096755981445
3.117239236831665
-0.07780658453702927
1.0399024486541748
1.8399406671524048
0.7565730214118958
0.3059130311012268
-0.20599709451198578
0.38491442799568176
2.126938819885254
2.6099636554718018
0.2616271376609802
3.1355719566345215
-1.136108636856079
1.486182689666748
2.9113457202911377
1.6571812629699707
2.2985122203826904
3.2107162475585938
3.1466076374053955
1.0621601343154907
3.181455135345459
2.8615126609802246
0.06457715481519699
1.2924679517745972
2.630493402481079
2.2907989025115967
3.20639967918396
0.1617853343486786
1.1811989545822144
3.4989960193634033
-1.6606717109680176
0.10410689562559128
0.16831718385219574
2.1430511474609375
-0.13257922232151031
1.075533390045166
-0.18920844793319702
3.7931411266326904
-0.37024790048599243
3.0063600540161133
0.0006695135380141437
0.16456644237041473
0.0034541264176368713
-0.0030445524025708437
-0.6784732341766357
-0.5994120240211487
0.569418728351593
-0.12886831164360046
0.1179124265909195
0.7194990515708923
3.0677030086517334
-0.0440414696931839
-0.8374635577201843
3.738306999206543
-2.1914680004119873
1.7709051370620728
2.517949104309082
0.28905123472213745
-0.22022850811481476
-0.17991606891155243
-0.08713601529598236
-0.12491796910762787
0.23300626873970032
1.2378673553466797
0.8228324055671692
-0.5334587097167969
0.4271940588951111
3.245349884033203
-0.669390082359314
-0.8794422745704651
-0.22197753190994263
0.0518060140311718
2.058077335357666
0.395114928483963
-0.07211685925722122
1.4490984678268433
-0.5006778836250305
-0.3236488699913025
-0.3918670117855072
0.014216889627277851
-1.098267912864685
-1.7041208744049072
-0.07476920634508133
1.964017629623413
-0.3749530017375946
1.4788047075271606
0.1812184900045395
2.6806509494781494
-0.23020265996456146
1.0050692558288574
-0.08855608850717545
0.1317068636417389
-0.9231402277946472
-0.7041992545127869
0.2899702191352844
-0.5353638529777527
0.44009485840797424
-0.18041998147964478
-0.3792664110660553
-0.15237757563591003
-0.13114771246910095
0.27283620834350586
0.2827779948711395
1.7764972448349
-0.19208255410194397
-0.6492525935173035
-0.4549868702888489
0.006547137163579464
-0.30354607105255127
2.195141315460205
2.969330310821533
0.30382850766181946
0.20022393763065338
1.2719063758850098
-0.3151831030845642
0.9525064826011658
-0.46102291345596313
-0.14675801992416382
0.13188357651233673
-0.5745549201965332
-0.7442845702171326
2.3966174125671387
0.7170762419700623
-0.24138687551021576
0.12555915117263794
0.8435543179512024
1.0844510793685913
-0.120119608938694
3.383955717086792
0.8681383728981018
2.005420446395874
0.09786999225616455
-0.30702823400497437
0.9175893068313599
1.529829740524292
-0.9261883497238159
3.0943427085876465
0.0637684091925621
-1.0703883171081543
2.61775541305542
-0.3961430490016937
2.788479804992676
-0.30168598890304565
0.6213814616203308
-0.6259685754776001
0.27591508626937866
1.9027940034866333
-0.47494974732398987
-1.2486860752105713
-0.05882745981216431
-0.0016690315678715706
1.5038011074066162
2.367685079574585
0.2615841329097748
-0.051703423261642456
-0.05084073543548584
-0.11808694899082184
-0.31546980142593384
3.1190688610076904
2.9181904792785645
-0.3665083050727844
-0.961676836013794
-0.32334208488464355
-1.3420637845993042
1.8409571647644043
-0.6841161847114563
-0.3416002094745636
-0.4801497459411621
0.4432389438152313
-0.030701881274580956
-0.785249650478363
-0.394588828086853
2.319579839706421
-0.2276756763458252
0.11167716234922409
0.20949521660804749
2.8677263259887695
-0.8735951781272888
0.8273865580558777
-0.4011419713497162
-0.2355453222990036
-0.5024557113647461
1.9847817420959473
-0.008387543261051178
1.1105546951293945
0.971463143825531
-0.5391308665275574
-0.5979914665222168
-0.8496540784835815
-1.7277653217315674
-0.345233678817749
0.14339502155780792
1.9787088632583618
0.07170085608959198
1.1620726585388184
-2.142559766769409
0.7559457421302795
-0.6453403234481812
-1.4092962741851807
2.23846173286438
0.01172493863850832
0.38381680846214294
-0.20033690333366394
2.6102371215820312
-0.6241676807403564
0.09147600084543228
-0.6374335885047913
0.026357483118772507
-0.6192481517791748
0.589465856552124
2.0185413360595703
0.14405779540538788
-0.7735010385513306
2.8336243629455566
-0.40164706110954285
1.4509965181350708
0.15487876534461975
-1.0280015468597412
4.065911769866943
2.2442634105682373
