1.5965350111250447
1.8663496302834328
1.4982498054574285
1.2676836676014704
1.8422917113461765
2.1515158113665023
2.216342872356224
1.5071311007139956
1.552233445386302
1.6108498568147036
1.8108374964804732
1.7872432006757828
0.9618543024544234
1.431487596272231
1.444321848916032
2.557607600091805
2.440062047138203
2.696177923789251
1.820765119216163
2.1468309147513183
3.0457800165842293
1.057511828020471
1.4373650946962118
2.437766931247527
1.8509892282981435
1.8189056791290392
2.8447591774220284
1.7292785894488336
2.3226843789684812
1.4348927200569768
1.3137406256837612
3.847653966726797
2.7909690817388446
1.5820901971078223
2.330855249932195
1.9539286251990977
2.2189294610314785
1.1907425633658177
1.796392578646327
2.298629729053077
2.071689841625971
1.68867411591917
1.4578021920218953
0.9181187678697527
1.1107484406076733
2.5697342847322595
3.2250063306169694
2.275316140143531
2.294416308175338
1.3601922662251218
1.8430334932178531
1.6871595607252319
1.6901918983984823
1.9008124486680942
1.3379044628903438
2.8034127955867856
2.460743454031244
3.64003144051524
4.030356679424155
1.6856401086794208
1.8634422315236472
3.715178828292965
1.6746615640148452
2.2699700253561996
1.9180245823085385
2.048603888765812
1.5579855210803064
2.538558219904745
1.5763125675377305
1.7708677455774782
1.2424412406060266
2.967894674020886
2.430421592183787
1.3976856366347121
1.1844962230636649
2.2491281888802757
2.642022673949235
3.2283477759510038
2.5130479919125626
1.692669424820754
2.2912431194662037
1.4025900200225894
1.530494449354922
4.421399911329366
1.3894208605872747
2.27922607437435
2.3536397335015375
2.8473795398287614
1.9111334552247259
1.1592392098009177
2.2309638336204842
1.3824592013142158
2.1145503270872776
2.1690440384794027
0.8388003664769949
2.046117412580337
1.7464917510782787
2.46422298511095
2.0923280757886413
1.1029820383603242
1.6375471256842258
1.6837079784470943
2.35204973231176
2.923222452610524
1.580675259202513
3.5975347841448766
1.5875534547231451
1.678634761056139
1.6619779257519172
2.104459916733435
1.7018568797693123
0.9665923305956261
2.0505193229309935
1.7261908846048206
2.4280288924708744
1.6970972821119543
1.940040418262828
2.814793067494906
2.380822137956086
1.7749287593675636
1.6879071559683576
1.1365635616118177
1.3293538683820054
1.7521481479384724
1.7428573418221818
3.3578377796497794
3.508102109512578
1.8575587853516204
1.6701719436529152
2.391534684778487
0.8942948813177504
0.7557680224037329
2.1927352549394548
2.3118712268395325
1.205225787793338
0.5669360460429471
3.084760854098343
1.131883048287503
2.3405081290185588
1.592950156768903
2.649333714628968
1.0332109480851928
3.018727591295176
2.240627493331565
1.8106374249412216
1.3925989524706979
1.3992837916538825
2.310040289787582
1.45588776696117
1.4230384932382942
2.7942662482791385
1.590193524249429
5.8735765864168235
1.726371395806402
1.7635698969730118
1.3809394697946595
2.9296802695223274
1.1518332489444916
1.7154959863956545
2.2594134349376627
2.6389992264908746
2.6075615116518995
1.9969664637195235
3.0976158535453124
2.8067260943242736
1.6325558039195405
2.659521009872478
0.8216822574431115
4.419071516671575
2.3041853175405795
2.9358266692384145
1.512085177071019
1.7603093232001406
0.9098027804736613
5.238568947170383
2.2043871303361953
2.8168433794947263
1.9589910872735203
2.1170745652824374
0.8908192009930408
1.8350213742375567
2.0177409755867495
1.4417139818809928
1.3732042988246231
2.2612393942310622
1.4442692722000763
1.5056127050015744
2.164688312039692
2.247354769994991
1.582175490145202
2.4623429564924915
2.3598447574051846
2.9982809189489075
2.19525962597581
2.121647057853437
1.2778840678737637
3.0047238948877277
4.3506935198188295
3.6946660354688974
2.744564940921476
1.321141568789865
2.002296339672641
1.604622967842291
1.5375358875087102
1.6144945734381186
1.1387242513817006
1.3332218703330525
1.5138518435099622
1.8452520752396262
2.862472370130965
1.3639799413352787
1.6904397932838091
1.8401064224150157
2.3574939987413677
1.3934488068571242
2.1245496106530957
2.115059113093505
1.884639521769126
3.576379418643071
3.6360284268198577
1.1773118918094763
1.7284870247236632
3.087553593097063
1.1359253625864092
1.9542762295633023
1.2475585272443719
1.0591149884834323
2.665762274763862
2.1227100770687133
2.576768752078982
2.3686318755074462
0.8787227936246055
2.662535660195969
1.100308325645028
3.5856105781412757
1.4851661825475002
1.73927270652224
3.0203809760590716
3.0084545809192633
2.028528609121321
1.5657221038004623
2.601120750519468
1.9765044978983484
1.305224079099007
1.8380420912820088
1.7402471371235182
4.755883094781711
1.6056457796159116
2.0954010732933646
2.777771147944698
3.235416348062873
2.3856661511240715
1.1422745577801632
1.5791891535598093
1.5722322868651069
1.4608286692836283
2.123037234230928
2.2223266091095053
2.541127292205499
1.532389026749728
2.154917667701375
1.4872003513140826
0.950976254629045
1.8463296658962225
1.8696555775144479
3.8032573010542503
1.5807617597744326
1.6640474061953006
8.84102653791632
2.443816110638685
2.088925528419156
1.8907119670443802
2.752228627283642
1.4423737463746895
1.7926492712416524
2.165963686926611
1.8967511448653709
2.197626288976303
2.057382668432505
2.5058399799217757
1.1884009611584896
1.4774671985322203
1.7776382573865093
1.5775594399644959
2.332091788728194
5.117846877245894
2.3596572355507717
2.1026219702505426
2.8720659254365506
1.4411573989380182
0.9540089187545056
2.2952978365581016
1.8382141479747938
1.4552561650462612
2.085090396851708
1.7751706635002737
2.450047904344228
1.365518111316609
1.5717870747601848
1.9516607856281822
0.6304369816109054
1.6276921422838195
1.9712788706366438
1.565887388372668
2.1953928816119834
1.8945112595594824
2.3922206716399073
2.243258034158934
2.974587345515111
2.127316295434013
2.577741388807656
2.9679806286161674
2.76537689578888
2.421293142207128
1.1499559190843347
3.4154489283015104
1.8367537159838665
1.3222958540961578
2.6880631102635073
1.2537909532820295
3.4807709089956846
2.6798708796355384
2.359709674466801
2.401497956738307
1.5682938770569925
2.913888974338753
1.0617021823513901
2.25619091178471
1.5416261112274394
2.2259684685927037
1.1610529151936089
3.102230367324955
1.5190024196763696
1.7508625428009958
1.6859585329569835
1.5290187464101868
3.0248946709068343
1.631390426262331
2.430562260103213
1.1193572952344266
1.3176391717705773
2.2609225334721357
2.6526018246477387
1.741413392933246
1.3994781035672537
1.5005016524379826
2.675838644885131
5.210920898411055
1.867414216774063
1.763545292059891
2.28905282934444
1.61317242522732
1.509464075212557
1.832217879494869
1.5921074353153897
1.5587893335294134
1.1082839225329157
1.3391931854182908
0.9628101250539657
1.9285310255289159
1.432356156588513
1.7839851330278798
1.2942808751945414
1.26499836834889
1.3539779603592785
3.108557447138567
1.9757277526491068
1.7172356821091668
1.3222856667378835
1.4960848499959656
2.2183548644769475
1.342489876309376
2.4651742609728204
3.105902580005821
1.2981032843649103
1.7785700198576662
1.168915411927657
1.9121887567113596
2.3215819872958554
1.683811770455167
1.2025324171141958
2.933788564499242
1.181910238885461
1.9487695151985802
1.8320122043294726
1.0036232758332737
1.7136363376178652
1.252028517239872
1.9173934480190093
3.392240721339102
2.358116486445795
2.007227136445379
1.1508801289205162
1.9435773290741962
1.606909061102045
1.9389962789215534
0.9118346171232053
1.543181300258307
1.8813267019863757
1.2588746038926217
3.195511802072566
3.722798757765495
1.7776729943800462
1.8006522443326312
1.4767515115208703
2.0401476492462742
1.2468025610969975
2.0634054048530093
0.752908875728198
1.5312034680828492
1.4233356815440859
1.8576046059111895
1.7213912300894323
2.265815690217303
2.16972268050895
3.1354084742915362
1.5004512031956876
3.0712914807721003
1.86415168082032
1.2174461730400559
2.1929564029032087
2.1508778700515383
1.8923228374689836
1.7444721725444232
1.6601428440405417
1.595229214428689
2.0407058293222553
0.7054804329311359
2.189520328194768
1.1245548961464804
2.2731923133799348
1.8054373568979394
2.864531918779837
1.2171315234415814
1.3166388969068255
3.0235620242949044
1.6526735885791128
1.677069272884718
4.365646453564413
1.4638852091692127
1.6407999802056084
1.2846363074686686
5.795372170320841
2.051751903846799
1.592747189846383
1.126084578852427
2.1075482577662314
1.5766246427267794
1.4256935660377137
2.923898834576262
1.7011285895217854
2.1453743646624432
1.7246863276247304
1.5886445120449806
1.7637514489895865
1.4061037457175798
5.239423231749044
1.0606376711932015
1.2969022820601988
1.7203316990805726
4.007154810192834
1.1441053103346144
4.727416569595422
1.1370612927056507
1.54867543753019
1.0366112963392695
3.768218300734089
1.7206378836241227
1.280353912361601
1.6994133009808587
3.002890239832363
1.17401297323932
2.8093701348352793
1.0429619268415622
2.5023992614591344
5.439898834409817
2.235722398521228
2.760490794288944
1.808337878852909
2.018670453373336
2.355901437572703
2.375158922198825
3.43511000011508
3.1181802073943916
1.944187700354311
1.555227084735607
1.732422859269027
3.4660094253138936
2.0393859082981542
1.239074337915969
2.5820202758371176
2.9687023883414843
1.803952570568742
3.934904857100872
1.5434993018323915
3.8937690717251505
2.0437388559206755
1.740994463460972
1.7760190150213846
1.353009484978901
1.4129603019072865
4.370316159052813
2.92971005460068
1.892845949227275
1.7343268381940866
1.9565299485232481
3.3055558131740552
2.1509859432610643
2.637714940573953
1.7927242139888317
2.0609849106755904
1.736806200222157
