1.4743186235427856
0.7849149107933044
1.0635684728622437
1.0144805908203125
0.5440517067909241
1.5371735095977783
1.5725135803222656
1.2232533693313599
0.6145671606063843
0.7546060085296631
1.125535011291504
1.6149791479110718
1.846590280532837
1.6092350482940674
1.4702659845352173
2.2028067111968994
0.631447434425354
1.4998359680175781
1.5703725814819336
1.1589488983154297
1.4842225313186646
1.0344682931900024
0.8092502355575562
1.38468599319458
1.3786509037017822
1.2256100177764893
0.8812791109085083
1.1781100034713745
1.3819900751113892
0.7747352719306946
1.4700289964675903
1.313680648803711
1.502801775932312
0.6319136619567871
1.2789257764816284
1.0615291595458984
1.1312134265899658
1.325676441192627
1.0533019304275513
1.312679648399353
1.1084085702896118
0.7650574445724487
1.4596598148345947
1.3914570808410645
1.259797215461731
0.66307133436203
1.4596121311187744
0.688230037689209
0.8191295266151428
1.6120989322662354
1.8448745012283325
1.1257927417755127
1.4297748804092407
1.2904788255691528
1.7554000616073608
1.5270028114318848
1.8810901641845703
1.6448110342025757
0.7941279411315918
1.424971103668213
1.259320616722107
1.4234602451324463
1.356935977935791
1.3114222288131714
1.5233407020568848
0.7293796539306641
1.5450162887573242
0.9090805053710938
1.2753205299377441
2.2425625324249268
1.4535905122756958
0.8015793561935425
0.8689488768577576
1.5380288362503052
0.6203755736351013
2.0308754444122314
1.4857673645019531
1.3512835502624512
0.7007831335067749
1.328985333442688
1.5122740268707275
1.2840763330459595
1.6875838041305542
1.4890365600585938
1.5011452436447144
0.457455039024353
0.8367155194282532
2.0586087703704834
1.9369776248931885
1.3983051776885986
1.5422989130020142
1.459141731262207
1.5273598432540894
0.5211246609687805
0.8407277464866638
1.5091198682785034
1.1984916925430298
0.7524890899658203
2.1614890098571777
0.8810592889785767
1.1645840406417847
1.1596039533615112
1.2882863283157349
0.44300466775894165
0.9820641875267029
1.614905595779419
1.3596553802490234
0.626662015914917
0.7748393416404724
0.6312015056610107
0.8736763596534729
1.3574811220169067
1.3092858791351318
1.2934602499008179
1.4185484647750854
1.054391860961914
2.012369155883789
1.4244916439056396
1.3228710889816284
1.2423487901687622
0.634086012840271
1.3972190618515015
1.9790350198745728
1.7097716331481934
0.8644489645957947
1.4182623624801636
1.598425030708313
0.5970733165740967
0.7351403832435608
2.1312923431396484
1.3766863346099854
1.5122101306915283
1.6509902477264404
1.3571404218673706
0.7545453310012817
1.614937424659729
1.2448389530181885
0.5765838623046875
1.4016112089157104
0.718833327293396
0.329801470041275
1.4757184982299805
0.9371713995933533
0.8150983452796936
0.6565139293670654
1.438826084136963
1.414930820465088
1.7541033029556274
1.6777117252349854
1.6560914516448975
1.4224828481674194
1.2377936840057373
0.7803413271903992
0.6420109868049622
3.087542772293091
1.7348564863204956
1.2699748277664185
1.394219160079956
1.417783498764038
1.6495662927627563
1.4521381855010986
1.2620947360992432
1.218763828277588
2.0641446113586426
0.8611545562744141
1.7951053380966187
0.8654945492744446
1.4868117570877075
1.401076078414917
0.7178379893302917
1.4024323225021362
1.3267745971679688
0.5243340134620667
1.1578831672668457
0.5310034155845642
1.2815228700637817
0.965664803981781
1.373167872428894
1.3040884733200073
1.2626444101333618
1.3012806177139282
0.9235275387763977
1.1352345943450928
1.2847323417663574
1.2760801315307617
1.1527057886123657
1.2853453159332275
1.3100274801254272
1.8995280265808105
1.5029326677322388
1.85492742061615
1.330228567123413
1.2249418497085571
1.2827677726745605
1.2780669927597046
1.3588337898254395
1.5578032732009888
0.5456998944282532
1.277978777885437
1.286481261253357
1.4877374172210693
0.8277944922447205
1.5531389713287354
1.5533818006515503
0.5686410069465637
1.2103520631790161
1.8150620460510254
0.33724546432495117
0.3489285409450531
1.2282387018203735
1.6841689348220825
0.769975483417511
1.3431413173675537
1.4536762237548828
1.9167898893356323
1.469299554824829
1.0598973035812378
1.1649954319000244
1.3240180015563965
1.963759422302246
1.031359076499939
1.7780004739761353
2.7245078086853027
1.273034691810608
1.5785778760910034
1.3731991052627563
0.47598132491111755
0.959791362285614
2.8932669162750244
1.4448885917663574
0.5956946015357971
1.0733691453933716
1.36300528049469
1.1894935369491577
1.3194400072097778
2.1309826374053955
1.5402694940567017
1.1914381980895996
1.3677295446395874
1.3798428773880005
1.3860065937042236
1.944715142250061
1.3554022312164307
1.5710586309432983
1.4054092168807983
0.6390740871429443
1.2101434469223022
1.0016138553619385
1.5630691051483154
1.6287224292755127
1.5422871112823486
0.6541072130203247
1.4023293256759644
1.6052813529968262
1.8863297700881958
1.8482921123504639
