0.7747996585068273
0.8627409203227614
0.6880480236270413
1.0643212813453564
0.8769297510783081
1.0195089525144947
0.8232176867693475
0.7080108943898441
0.7519546396215468
0.622334073906376
0.6840437673667483
0.9521006791407973
1.0445708129968345
0.839826830884265
1.3518624654427767
0.7708501682676958
0.8372666751320709
1.1459860351537159
0.9458418133785433
0.7755293720937545
0.9800420255310985
0.7748985061021662
0.981605303152009
1.2306314806673082
1.0234128414998165
0.7911607478638072
0.7665200438096519
0.7313813090009095
1.018642380535592
0.7261947692249865
0.8602332326202249
1.247087165545383
0.9334037688335136
1.186836891145056
1.1529160766728725
0.9706604245041035
0.8821667095333021
0.8747640433283962
0.8687564374836136
1.1066640912929886
0.9845364821451946
0.8275475995989903
0.9792908425558057
0.8115238126714874
0.9660802544532383
0.9810207444154841
0.9127028767529237
0.883807312700034
1.0068310598852814
1.1590199982478735
1.5214811864386117
0.8285616035419169
0.9528626633122858
0.6888019292262769
1.0627806016980086
0.9627171363144669
0.7202112112593777
0.9563508465516103
0.665403189258884
1.2305736973164092
0.7858548151587991
0.901192668779068
1.01432415377044
1.203022920712022
1.0554358537518458
0.7664184046723486
1.090461671070801
0.8688289200318037
1.0826242306896718
1.2500715525175246
0.9557140461542406
0.7703515039438822
0.6328891526880717
0.9980254412773856
0.7510344292181299
0.8089723747685905
0.8693477500742048
0.8902490798251275
0.8173816536333444
0.9760623174631647
0.9327400874621073
1.0460885129972708
0.9434487189086743
1.2624824318749337
1.296598363947156
0.6630470013205394
1.145278353943208
0.9294883199227755
0.8278307559692165
0.9916517723525045
0.9241530579980171
1.0436666836863975
0.9376796301094682
0.7759985557375574
0.8391408850287047
1.1574839429792103
0.9942435705098387
0.9621575283773167
0.9807232899759033
0.6689757499063083
0.8607561704894746
1.043609628432347
0.9294625728576213
0.615083280677657
0.8576017018611768
1.0032729950585884
1.1012001041016009
0.7805266738185027
0.7759214728210005
0.882369148398193
0.8595584748433988
0.6410895368794164
0.8796039851980931
0.9163252452746874
0.735670214343566
0.7896537913052027
0.9653571987701476
0.9563713512837175
0.7754344866667865
0.9223966647115127
0.8142760092352936
0.8025033146204485
0.7975446174959869
0.8482032879740269
0.8983145328127954
0.7926985638718669
0.8917671113764049
0.7784727405732019
1.1993130132053929
1.0799814692426304
0.9550050802245503
0.8547553381071179
0.8400218762659923
1.0601119304436535
0.6216704955336789
0.9643696602001679
0.7437240442186702
0.7620223478509456
0.9648931765850075
0.6699538472278445
0.6860985654150684
0.9331411187324936
1.029683084898124
0.9097186896147987
0.9961091647283068
0.9955919749499375
0.7944580980682251
1.2181114386268
0.9358819099946645
1.1093666510469287
0.8197893278548256
1.116450332401282
0.7316020890661272
0.708103661346128
0.9451785100130863
0.7817569696026044
0.9097441109668214
0.9883716290427187
0.9817282263349888
0.9549920670444485
0.8855736422941959
0.8248852467924396
0.9197712255663978
1.3422710622725418
0.9137573781478812
1.2379601291682285
1.146106955901385
0.8529917845626666
0.9041662996411495
0.7187763381776251
0.9616855784814928
0.7941911498742634
0.9908081804702439
0.69813119354506
0.6251215681101222
1.181589102537645
0.8396248542293702
0.7273722501061316
0.8726346612102316
0.991185116466329
1.0196872523427623
0.9521116033540364
0.8516478265132928
1.0116492646264024
0.896255936649511
0.6423812711238491
0.963470291188429
0.7238308084997097
1.2392229708920863
0.9521072211632078
0.9331333897923137
1.0996879486143774
0.8814957247720734
0.7988409667533467
0.886537549027779
1.1952014750859656
0.9750546591671913
0.7746995288058112
0.8550193413002407
1.5073489176385888
0.8146072430691141
0.9241309676801308
0.9638039616619127
0.9932331137269514
0.7247291822072053
0.8594502924447758
0.9828507631552654
0.7806490385753898
0.5195351057554877
0.8864316506111112
1.0643799143401669
0.7325336509760606
1.1374301641636309
0.8515670921831814
0.9417232190651595
0.9462588031918663
0.8154688739063866
1.1246644477569845
0.9737172361941396
1.4164193511205498
1.006050853570125
1.027468516848981
0.945551415383429
1.055300420500506
1.0063448492804132
0.9019471396226568
0.6482772728464004
0.7882174590266229
1.0976420015652455
0.8478666902540112
0.7650765465480835
0.9301611139858212
1.0231081371747017
0.9057610348927675
0.7830690651027055
0.8349411353189109
0.9019451570881712
0.8755028579443052
0.9991189298661325
1.016160829955783
0.8910995094719205
0.945052472630695
0.8994636717792364
1.1364845799190046
0.8373338753783037
0.7435240993916674
1.0499609603890347
1.0061016262437519
0.8962130072605994
1.1063247228699025
0.8260821648989055
0.7147743823471568
0.9945626617529316
1.0229092236550426
0.8826721625397065
0.7838203952818426
