-2.376451253890991
0.9681713581085205
-1.3748016357421875
1.881019115447998
1.9270185232162476
-0.758243203163147
-0.26849010586738586
-2.1028859615325928
1.2949436902999878
-0.5595327615737915
0.6463073492050171
-0.01593608781695366
1.170645833015442
-0.7251496911048889
0.53617924451828
-0.5495561957359314
1.7333320379257202
0.236771821975708
-0.05061313882470131
-1.0003864765167236
-0.9654198288917542
1.8644322156906128
0.9730173945426941
0.10138870775699615
-0.09616250544786453
-0.20600265264511108
1.2047100067138672
-0.023310881108045578
-0.30532655119895935
1.4987047910690308
-1.1739994287490845
1.0570635795593262
-0.5259407162666321
2.06172251701355
-1.0622824430465698
1.9192582368850708
-1.2540180683135986
-0.37872496247291565
1.2171554565429688
-0.8339589834213257
-0.9472557306289673
2.1462643146514893
0.04998761788010597
-0.5450792908668518
-0.49596843123435974
2.3035731315612793
-0.9503512382507324
1.533191204071045
0.21806269884109497
0.11752519756555557
-0.5259139537811279
0.6371833086013794
0.7944112420082092
-0.35419780015945435
-0.9239081144332886
-0.848832368850708
0.721243679523468
-0.6280331015586853
0.7874484062194824
-0.6014105081558228
1.5976415872573853
-0.8325181007385254
-0.7426859736442566
-1.030311942100525
-0.42836958169937134
0.9237822890281677
0.21443267166614532
0.6629276275634766
-0.8216133713722229
-1.1529147624969482
-0.9203960299491882
1.0231733322143555
1.0111758708953857
-0.455748975276947
2.165022611618042
2.0178945064544678
1.5253602266311646
-1.4593952894210815
1.3991780281066895
0.7027477025985718
-0.8476686477661133
-1.129867434501648
-1.348918080329895
0.009157286956906319
3.459993839263916
2.0293099880218506
1.0126780271530151
1.550722599029541
-0.3565009832382202
-0.4156228005886078
-0.27444806694984436
-0.737738847732544
-0.9964026808738708
1.9703798294067383
2.5128304958343506
0.6606770753860474
1.6788755655288696
1.880180835723877
-0.6538270711898804
1.6832866668701172
0.04544740542769432
1.7344788312911987
-0.3619639575481415
1.2313220500946045
2.0746657848358154
-1.1621347665786743
-0.08822663873434067
1.8660738468170166
1.335967779159546
2.158879518508911
1.7798279523849487
-1.4324185848236084
-1.2629551887512207
-1.3282610177993774
1.052493929862976
-0.6675533056259155
2.46986722946167
-0.6996697783470154
-1.287434697151184
0.09311506897211075
1.0222715139389038
0.18763349950313568
0.7327256202697754
0.9830924272537231
1.867954969406128
-0.8726614117622375
-0.7166990041732788
1.8538079261779785
2.2685112953186035
-1.4263746738433838
-0.5001940131187439
-0.9148740768432617
-0.037843137979507446
-0.6111044883728027
1.1580405235290527
0.5298275947570801
-1.0192283391952515
1.5525785684585571
0.3525717556476593
1.9083967208862305
1.3458410501480103
1.2025456428527832
-0.11238081753253937
2.0149149894714355
2.386011838912964
0.030261658132076263
-1.0530239343643188
-1.019620656967163
-0.37029361724853516
-0.5933058857917786
1.3084567785263062
0.045820001512765884
2.151120901107788
2.1197259426116943
-0.3627820909023285
1.3273338079452515
-0.8934122920036316
-0.4584904611110687
-0.8891950845718384
-1.083964467048645
-1.5736078023910522
-0.6004500985145569
0.4545208811759949
-1.1283334493637085
2.3405165672302246
-0.5021674036979675
2.1156258583068848
0.10469955950975418
0.826059103012085
1.9039356708526611
-0.9691577553749084
1.2312792539596558
1.5567293167114258
-1.4275695085525513
1.8559547662734985
-0.06429842859506607
1.1447477340698242
-1.4959385395050049
-0.589469313621521
0.9005711078643799
-0.33167898654937744
2.1341495513916016
1.2349536418914795
0.240814670920372
1.4334431886672974
1.933098554611206
1.296979546546936
-0.19036106765270233
-0.7458662390708923
-0.4632856547832489
-1.5415174961090088
-0.3681009113788605
0.3112601637840271
0.0981234610080719
0.6529623866081238
0.734088659286499
-0.9483078718185425
1.4854204654693604
-0.501978874206543
0.8929844498634338
0.7541598677635193
1.79318368434906
-0.7379796504974365
1.9396932125091553
2.0983877182006836
0.682766318321228
-0.7447318434715271
1.403395652770996
1.1955543756484985
-0.3814567029476166
-0.27405548095703125
1.5893023014068604
-0.9478616714477539
1.219994306564331
0.5397039651870728
-0.3916153609752655
-1.093765139579773
0.7021725177764893
0.12304167449474335
-0.876354992389679
-0.17133699357509613
1.2421787977218628
0.25329717993736267
-0.1398460417985916
-0.7032750248908997
-1.2676746845245361
1.698176622390747
-1.0673748254776
-0.4959329664707184
-0.2540079951286316
1.6651008129119873
-0.561759352684021
-0.2751694917678833
-0.4961041212081909
-0.8318430185317993
-0.30949461460113525
-0.933243453502655
-0.4139416813850403
-0.9977330565452576
-1.1168975830078125
-0.34119677543640137
1.3432011604309082
-0.9608261585235596
-0.49745282530784607
-0.8163855075836182
1.420371413230896
1.1837968826293945
-0.15810956060886383
-1.3948370218276978
0.10160855948925018
1.8174701929092407
1.796441674232483
-0.9359796643257141
-0.6712610125541687
0.6063867211341858
0.29148751497268677
