-2.720045804977417
1.3308544158935547
-1.1757313013076782
1.0332001447677612
-1.441866397857666
-0.6649943590164185
-0.16987304389476776
-1.6780204772949219
0.6940616369247437
1.1958088874816895
-0.38522133231163025
-0.9970515370368958
0.21193154156208038
-0.8683159947395325
-0.30243009328842163
-0.43928712606430054
-0.5254892110824585
-2.191570997238159
0.2817700207233429
-0.8567631244659424
-1.102285623550415
0.32447347044944763
0.47252005338668823
2.3039708137512207
-2.3219709396362305
-1.0369210243225098
0.021065978333353996
-0.07098547369241714
0.266116738319397
-0.08081850409507751
0.17641986906528473
0.9886831045150757
0.7695487141609192
2.6519691944122314
-0.41311755776405334
1.1003239154815674
0.9602104425430298
0.7345531582832336
0.651423990726471
0.28080040216445923
-0.9921872615814209
1.7233102321624756
-0.9309133291244507
-0.21083927154541016
1.997997760772705
-0.8559060096740723
0.5374482870101929
1.145090937614441
2.584507703781128
0.8008673787117004
-1.0638078451156616
0.6531345248222351
2.2798984050750732
-0.5060141682624817
3.4313769340515137
0.0883592888712883
-1.08341383934021
-2.2189693450927734
1.2473468780517578
0.3623705804347992
0.8375721573829651
-0.0880490094423294
1.6457077264785767
-0.5591198205947876
0.554735004901886
0.9320045113563538
-0.49623122811317444
-0.0628669261932373
0.32738354802131653
-0.8722085952758789
1.217687964439392
0.17894688248634338
0.6217835545539856
0.26221248507499695
1.3992459774017334
-0.5461320877075195
-0.2194783240556717
0.8566191792488098
1.056291937828064
0.9612382650375366
0.6450778841972351
-0.6428576111793518
0.03833744674921036
2.0156090259552
-0.44299277663230896
-0.47501665353775024
-0.3401148021221161
0.963108479976654
0.8761915564537048
0.826015293598175
0.110053651034832
0.019821153953671455
0.7699329257011414
0.11367665231227875
1.8415080308914185
-0.16198556125164032
0.7679334282875061
1.2147142887115479
0.5665774941444397
0.9539859294891357
-1.0892584323883057
-0.29657790064811707
-2.006946086883545
-0.38140416145324707
-0.6474524140357971
0.12591663002967834
0.8811650276184082
-0.24852733314037323
-0.8044188618659973
-0.3500497043132782
-0.13197556138038635
-0.22427313029766083
0.02687847428023815
0.4109841287136078
0.6268808245658875
0.524823784828186
0.45626258850097656
-0.7468757629394531
-0.5093610286712646
0.21529075503349304
0.4430240988731384
2.1292026042938232
0.40022462606430054
-0.37252500653266907
1.9037823677062988
1.9481585025787354
-1.0969246625900269
-0.6094064116477966
2.903188943862915
-2.429051160812378
-0.9248449802398682
0.7735347747802734
1.0293605327606201
0.10293957591056824
0.7491541504859924
1.2497620582580566
-0.4562512934207916
-0.6223135590553284
3.5284273624420166
-0.9660428166389465
-0.14782732725143433
0.6136547327041626
0.9106289744377136
0.9410603642463684
0.78250652551651
1.2314517498016357
2.403367519378662
1.8140430450439453
-0.5068260431289673
0.12374874949455261
-0.7554096579551697
1.4066935777664185
1.6025726795196533
0.10578885674476624
0.8026868104934692
0.2545827031135559
0.09085003286600113
2.0402145385742188
2.3383495807647705
-0.2572633922100067
0.29465925693511963
0.5619716048240662
0.6830180883407593
-1.3013923168182373
-2.3189315795898438
-0.16368210315704346
1.1669710874557495
-0.161044180393219
1.219110131263733
-0.12356216460466385
2.9246208667755127
1.8428417444229126
0.7036589980125427
1.8531880378723145
-0.18179954588413239
1.9883182048797607
0.30197474360466003
-0.9702039361000061
-1.2239470481872559
-0.7044847011566162
-0.2282741814851761
-0.4647032916545868
0.5062255263328552
-0.06764983385801315
-0.35144105553627014
0.9368277192115784
1.5072157382965088
-0.9000259637832642
1.6905200481414795
3.6433584690093994
-0.38545966148376465
1.1181877851486206
1.1171176433563232
0.11488141864538193
2.0956404209136963
0.9734303951263428
-0.24271270632743835
-0.0919884443283081
-0.724278450012207
-1.3356904983520508
-0.6141448020935059
-0.14964556694030762
-0.7663279175758362
0.46490031480789185
0.68877112865448
0.21613912284374237
1.6419059038162231
0.5769409537315369
-0.18719182908535004
1.528674602508545
-1.0184965133666992
-0.03194941207766533
-0.3363993167877197
0.5405669212341309
-0.5620905756950378
0.9653841853141785
-1.9195177555084229
5.417092800140381
1.6773349046707153
-2.4865293502807617
2.6914103031158447
-0.9805101156234741
0.6830288171768188
0.8052062392234802
-1.3594231605529785
-0.8273605108261108
0.887026846408844
-0.6416046619415283
0.7310911417007446
-0.45665809512138367
0.8308649063110352
0.6403743028640747
-0.37997522950172424
0.37352126836776733
-0.06618998944759369
-1.029893398284912
0.9889065623283386
0.06561258435249329
0.10430622845888138
-0.8770482540130615
0.1250758171081543
1.2781449556350708
0.25769081711769104
0.21814748644828796
0.749748170375824
-0.816216230392456
0.21928885579109192
0.0683504194021225
0.10621261596679688
-0.8403706550598145
0.9844932556152344
0.9470546841621399
-0.04138997197151184
-1.4971877336502075
0.2815973162651062
-2.118173599243164
