0.13638561964035034
0.6913890838623047
0.4254278242588043
-0.7146565318107605
-1.0892151594161987
1.0799943208694458
0.29722166061401367
-2.2630186080932617
-0.500057578086853
2.072489023208618
0.08853603154420853
-0.5966946482658386
0.3360518217086792
-0.956785261631012
-2.728086233139038
-1.4757304191589355
0.7361157536506653
0.6339040398597717
-1.550756573677063
-0.1824229657649994
-0.6586511135101318
1.1565090417861938
2.072141170501709
-0.8997467756271362
-1.3543180227279663
1.7987689971923828
-0.8260161876678467
1.4258970022201538
-0.2511734962463379
1.8217084407806396
-0.3611907362937927
-0.14707966148853302
2.0927488803863525
-0.19499477744102478
0.22006410360336304
0.4706099033355713
0.1829780489206314
-0.5842580795288086
-1.7098692655563354
-1.3024096488952637
-0.5137908458709717
-2.593127489089966
-1.0544084310531616
0.9878361225128174
0.7969306111335754
1.2680147886276245
0.7634228467941284
1.0680314302444458
-0.1555483490228653
-0.7934278249740601
0.23260743916034698
-1.323494791984558
-1.3681559562683105
4.469253063201904
-1.0879530906677246
-0.14190568029880524
-0.6981145143508911
-1.076876163482666
-0.5362164974212646
-3.5446667671203613
-0.40602561831474304
-2.1133809089660645
0.9750311970710754
0.2837924063205719
2.697506904602051
1.2376816272735596
-0.7050020098686218
0.7084235548973083
0.5284788012504578
-1.7694720029830933
-1.2575559616088867
1.1325488090515137
1.7724697589874268
2.6077659130096436
-1.3767859935760498
-0.9849402904510498
1.150910496711731
0.010736716911196709
-0.3828037977218628
0.11142680794000626
-1.7296593189239502
-0.10374651104211807
-1.2820721864700317
0.7106677889823914
2.9048423767089844
4.154320240020752
0.2259216010570526
0.33830711245536804
-1.2056478261947632
-1.8142319917678833
0.1107453927397728
1.4071825742721558
1.8392776250839233
-0.030628671869635582
2.1716806888580322
1.4465405941009521
0.5535122156143188
-1.0764431953430176
-0.6336599588394165
3.173933506011963
1.0352729558944702
-0.3559134006500244
-0.7053499817848206
0.9469927549362183
-0.9468562006950378
-0.2375548779964447
0.012850312516093254
0.7259930372238159
0.1749703586101532
0.27522286772727966
1.1566243171691895
-0.6222154498100281
1.0672794580459595
0.4778866767883301
0.6985880732536316
-0.5821269154548645
-2.585144281387329
0.15539605915546417
0.39595749974250793
0.704045832157135
1.5088382959365845
-1.8719099760055542
0.19332021474838257
-0.7118555307388306
0.740057647228241
0.011183436959981918
1.2660059928894043
-1.613600730895996
2.7417232990264893
-0.6475717425346375
-1.7595278024673462
-2.441451072692871
1.1261311769485474
-0.3480559289455414
0.21655866503715515
-0.6381494998931885
-2.488018751144409
0.5450827479362488
-3.3129501342773438
0.8857055902481079
-1.188563346862793
0.9270474910736084
-0.8521731495857239
0.542506754398346
0.6704964637756348
1.2617435455322266
0.14716242253780365
0.7153482437133789
-0.5226522088050842
-0.3518717586994171
-1.7113096714019775
0.16257567703723907
1.3048590421676636
2.4678726196289062
0.9931619167327881
1.6513952016830444
0.1016426607966423
-2.264622926712036
2.1092233657836914
0.7612684369087219
1.6793959140777588
1.5939263105392456
1.1309871673583984
1.1605771780014038
-1.43315589427948
0.2655918300151825
2.7189102172851562
-0.06804829835891724
-2.847773551940918
0.3195383846759796
-0.2825394570827484
1.9533648490905762
0.7475999593734741
-0.37313079833984375
-2.478586196899414
-1.8248168230056763
-2.920409679412842
1.2976576089859009
-0.9977288842201233
-0.3574043810367584
-3.6283719084817534e-12
0.5950124263763428
-2.689155340194702
0.5189467668533325
-0.7646240592002869
1.1235271692276
-0.12317299842834473
0.16103874146938324
-0.5575767755508423
0.1718672662973404
-1.6586174964904785
0.05865779519081116
1.3518719673156738
2.344512462615967
-0.1845889836549759
-0.406074196100235
-4.207545757293701
-1.13655686378479
-0.3970438838005066
0.5191567540168762
1.146811604499817
-2.439488172531128
1.035085678100586
-0.4617006480693817
0.4176218509674072
-0.44122377038002014
-1.6492536067962646
0.5948088765144348
-2.054080009460449
3.901951313018799
-1.0662287473678589
-1.1661252975463867
0.9814755916595459
1.7239172458648682
-1.8075697422027588
0.8718440532684326
0.37060341238975525
-1.8000173568725586
-0.7684308886528015
0.18310558795928955
1.363207459449768
2.1359214782714844
-0.5173575282096863
0.20729096233844757
0.9713498950004578
2.628622055053711
0.2792823910713196
1.0218195915222168
-2.697150707244873
0.10116323828697205
-0.09538019448518753
-2.428725004196167
1.0426257848739624
-1.0301810503005981
0.008292037062346935
-3.84717059135437
-0.08121619373559952
0.7670413851737976
1.7599886655807495
2.3873133659362793
-0.023402104154229164
0.9181709885597229
-0.24157766997814178
-1.2311898469924927
2.379138469696045
0.2775663137435913
2.9352643489837646
-1.2785722017288208
2.204566478729248
1.4889287948608398
0.7208074927330017
1.893810510635376
1.5484309196472168
1.9546047449111938
-0.7139610052108765
-0.34105241298675537
-1.4387255276027133e-11
-0.21984077990055084
1.5564515590667725
-0.7218548655509949
0.5947067737579346
1.7432456016540527
-0.8398420214653015
-0.484078586101532
0.7436585426330566
0.7233874201774597
1.1678712368011475
-0.8685653209686279
2.2175474166870117
-0.31739285588264465
-1.0908135175704956
-1.5283986330032349
0.7535617351531982
3.137315511703491
1.4237885475158691
-2.4479339122772217
0.5363360047340393
-0.40485090017318726
-0.32571157813072205
-1.0721977949142456
1.7746771574020386
0.3352593183517456
0.05464408919215202
1.0342843532562256
-1.8499181270599365
-1.269882321357727
1.511967658996582
-0.8795516490936279
-0.6384099125862122
-0.2740025818347931
0.17131179571151733
-0.7739396691322327
1.7900663614273071
0.7844303846359253
-1.08223295211792
-1.4566662311553955
2.0333681106567383
1.8246564865112305
-1.4452828168869019
0.2561905086040497
-0.40593037009239197
1.4288694858551025
-0.777603268623352
1.2667756080627441
0.001873333123512566
-1.0594695806503296
0.2883701026439667
0.27861547470092773
0.8155730366706848
-0.10529248416423798
0.35644620656967163
1.0178505182266235
-0.37312087416648865
3.6064441204071045
0.2790464460849762
-0.21328113973140717
2.1714529991149902
-1.6718287467956543
1.3948882818222046
1.1970294713974
0.05728023499250412
-1.8995335102081299
-0.677954375743866
-0.0590185672044754
0.635284960269928
-0.27797648310661316
-0.5888972282409668
-1.52595853805542
-0.31952744722366333
0.5833816528320312
-1.642167568206787
-0.550029456615448
-0.7441229224205017
0.5430306792259216
1.7818304300308228
-0.7648090124130249
-0.32755351066589355
-0.6304231286048889
2.004042863845825
-0.08079926669597626
-0.045364368706941605
-0.8294203877449036
1.5321401357650757
0.60014808177948
0.6534939408302307
-1.6439793109893799
-0.24958324432373047
-0.805707573890686
2.728896379470825
-0.0052827768959105015
-0.5568090081214905
-0.10741585493087769
-2.4338862895965576
0.09318883717060089
1.266292929649353
4.321439743041992
0.7319048047065735
-0.5781657695770264
-0.4349539279937744
-0.8984808921813965
-1.1395199298858643
-0.3724934160709381
-1.3762096166610718
0.8445039987564087
-1.34732186794281
-0.8430687785148621
-0.17534694075584412
-0.8083502650260925
-1.8760356903076172
0.7202898263931274
-2.1877853870391846
-1.7504305839538574
-0.301797091960907
0.7726055979728699
-2.342439651489258
-1.0152474641799927
0.5302397608757019
-0.010494881309568882
-0.38609203696250916
1.3376512120188977e-09
-3.1451473236083984
2.3682992458343506
-0.7079828977584839
0.7050961852073669
0.9187548756599426
1.0991218090057373
-0.45565375685691833
-0.9156171679496765
1.6431398391723633
-3.3792123794555664
-2.0096781253814697
-0.5183541774749756
-1.1443499326705933
0.5302289724349976
1.792383074760437
-0.024578697979450226
-1.4951711893081665
-2.7437593936920166
-0.79323810338974
-0.25339964032173157
2.2899062633514404
0.13389495015144348
-3.2161805629730225
-0.6932541728019714
0.07034587115049362
-2.368272304534912
-2.1507537364959717
-0.9325904250144958
0.3533467650413513
-0.3487095534801483
1.025937795639038
0.10532640665769577
2.74473237991333
-0.5526604056358337
-0.09959791600704193
0.15715301036834717
-1.2345746755599976
-1.5083051919937134
-1.4677473306655884
-2.583988666534424
0.5474345684051514
-1.7377156019210815
-2.7447702884674072
0.7827615737915039
0.30438557267189026
-1.2027486562728882
-1.8539149761199951
1.124692678451538
-0.8118981122970581
0.010264419950544834
-2.4796931743621826
-1.2494230270385742
1.6386796236038208
-0.04963447526097298
0.022298378869891167
-1.7373954057693481
-1.9287045001983643
-2.4299733638763428
-2.5475387573242188
-4.021093845367432
0.9385404586791992
-0.5746554136276245
-0.7880676984786987
-1.0517985820770264
1.4551284313201904
1.1198759078979492
0.8961449861526489
-2.5822501182556152
1.2956501245498657
0.7789748311042786
2.081026554107666
-1.2267636060714722
-2.0854668617248535
-1.8445603847503662
0.5596897602081299
0.27578121423721313
-1.0343152284622192
0.3118014335632324
3.1604652404785156
1.6725817918777466
-1.9186265468597412
-0.4168117344379425
-1.8721907138824463
-1.4919651746749878
0.4513787627220154
-0.2928188741207123
-1.123178482055664
0.33551186323165894
1.113580584526062
1.0641310214996338
-2.131866455078125
2.1042943000793457
-1.1301056146621704
-1.3103766441345215
-0.45871809124946594
-0.7702114582061768
-0.8400463461875916
2.1568233966827393
0.08186054974794388
0.9020135402679443
2.0907864570617676
0.3118985593318939
-2.098824977874756
0.4452280104160309
1.2776819467544556
2.4637560844421387
1.1519054174423218
-2.393951177597046
3.4241745471954346
-0.7811600565910339
1.4174038171768188
1.6409856081008911
-1.8045296669006348
-3.4857872339456863e-14
-0.5486834645271301
-0.6190477013587952
0.6223576664924622
0.9849048256874084
-0.9042229652404785
2.880725145339966
3.0752205848693848
0.5205714702606201
0.1311362236738205
0.43544313311576843
2.820539712905884
0.14051595330238342
0.19683732092380524
0.7232646942138672
-1.2080986499786377
0.8316202759742737
-1.253116250038147
-0.3905974328517914
-0.6623135805130005
1.3543599843978882
-0.35068097710609436
-0.7546699643135071
-1.560735821723938
-0.6331616044044495
0.060197483748197556
-0.7374364137649536
1.0110702514648438
-0.623943567276001
0.2590447962284088
-2.554271936416626
-0.07547184824943542
-1.7148151397705078
0.36401158571243286
0.8899808526039124
0.6785979270935059
-2.503199815750122
0.8430082201957703
-2.4448137283325195
-0.524165689945221
0.46897369623184204
0.02679544873535633
0.24950037896633148
-1.565713882446289
-0.7757808566093445
-1.859147071838379
-3.0776748657226562
1.2947009801864624
1.11988365650177
3.232419729232788
1.565598487854004
0.5897293090820312
0.10426532477140427
-1.5903695821762085
-0.09566893428564072
0.6297398805618286
1.5253162384033203
-1.8716493844985962
-0.6757486462593079
1.5180758237838745
1.5908650159835815
-1.2529985904693604
-0.43348193168640137
1.4034584760665894
-1.2164603471755981
-0.18658798933029175
2.144559383392334
-0.7126144766807556
-0.5835527777671814
1.4921958446502686
3.0712156295776367
-0.3439319431781769
-1.846472144126892
0.6398127675056458
-0.3686698377132416
-1.6452332735061646
-1.5405592918395996
-0.17821471393108368
-0.7081134915351868
0.9427897930145264
-2.8427932262420654
-0.6838817000389099
1.0162079334259033
-1.151360273361206
0.013128149323165417
-1.9234483242034912
2.5469424724578857
-0.07193905115127563
1.5771124362945557
-0.048481762409210205
0.6666525602340698
1.3968636989593506
0.595427930355072
0.449133962392807
-0.7604116201400757
0.7767123579978943
-0.8087382316589355
0.6293376684188843
0.20687167346477509
0.5107764005661011
0.2376418262720108
1.702759027481079
0.38849520683288574
0.03138620778918266
-0.5062479376792908
2.1872663497924805
1.7022079229354858
-2.361004590988159
-0.726682186126709
-1.2377604246139526
-2.0811805725097656
0.43648457527160645
-1.3003222942352295
-0.23678725957870483
-0.8490394949913025
1.7515193223953247
-1.2328088283538818
0.6276664137840271
-0.5863552093505859
-2.9184443950653076
-1.6911240816116333
0.6706638932228088
-0.06049909442663193
0.7799501419067383
-3.1973185539245605
4.324354648590088
-0.8469675183296204
1.7327814102172852
-0.1266537755727768
1.3615329265594482
0.9935392737388611
1.3724759817123413
2.2810757160186768
1.9854482412338257
-3.0462236404418945
0.28462210297584534
-1.0123176574707031
-1.7671222686767578
-1.9924023151397705
2.4015231132507324
0.38387614488601685
2.018670082092285
1.543121576309204
-2.0661892890930176
1.915217638015747
-0.24369044601917267
0.31687131524086
-0.7321922183036804
0.5357489585876465
-0.0012905391631647944
2.7311325073242188
0.8812429308891296
-2.204331874847412
-2.5908493995666504
-2.245986223220825
0.9882121682167053
-0.6814563274383545
0.9245025515556335
-0.20825307071208954
0.7136398553848267
-0.482389360666275
1.0587397813796997
-1.2202157974243164
2.1444804668426514
-0.38823390007019043
1.6212782859802246
-1.2716641426086426
-1.0901106595993042
-2.2178807258605957
-0.9483844041824341
0.28261005878448486
-1.1817442178726196
-1.9252475500106812
1.197463035583496
-0.031010635197162628
0.4875834584236145
-0.39795538783073425
-0.4700239300727844
-3.459840774536133
-0.8908892869949341
-0.8885470628738403
0.20896442234516144
-2.086215019226074
-3.460578441619873
-1.6343168020248413
0.45645391941070557
-0.08436975628137589
2.5325160026550293
0.45770490169525146
1.7085797786712646
0.715637743473053
0.8784962892532349
-0.6292707920074463
-1.2662746906280518
-0.5757686495780945
-0.4838752746582031
3.5883562564849854
0.2373379021883011
-0.6703231334686279
-0.4570966064929962
-3.3415703773498535
-3.6505343914031982
3.343618631362915
0.35735175013542175
-0.0778229758143425
-0.2819952666759491
0.13616177439689636
0.00927038211375475
1.7027581930160522
0.25263512134552
0.6927346587181091
-1.3072245121002197
2.4532694816589355
-1.04314386844635
0.971344530582428
1.99390709400177
-0.6015033721923828
-1.63882577419281
-0.9326826930046082
-0.8637067079544067
1.8760777711868286
0.19832436740398407
-0.622879683971405
-0.6510955095291138
-1.0819112062454224
0.9053723812103271
-1.604154348373413
2.119372606277466
-2.9454121589660645
0.6127927303314209
0.40515103936195374
1.9658488035202026
-1.6540350914001465
-1.5282623767852783
0.0991872102022171
-1.0342724323272705
-2.863107681274414
0.062249746173620224
-1.2410153150558472
1.8313156366348267
-0.42694178223609924
0.18856824934482574
-1.8366624116897583
-0.5240885019302368
-0.93555748462677
-0.6833992600440979
0.10537376254796982
-0.4551234245300293
0.14572754502296448
-0.6416290998458862
1.9502061605453491
-1.844482660293579
-0.8004616498947144
-2.873619556427002
2.1187334060668945
0.5612326264381409
2.062623977661133
0.27296391129493713
2.533184051513672
0.728780210018158
0.371631383895874
2.521057605743408
1.665418028831482
-1.877280831336975
-1.3799668550491333
0.3289456367492676
2.3061792850494385
-2.218461275100708
-0.7586183547973633
-0.003650297410786152
-0.5608099699020386
-0.48329922556877136
2.3372738361358643
-0.7188007831573486
-2.9833011627197266
2.482933759689331
0.7259536385536194
2.172564744949341
-0.7592982053756714
0.27715161442756653
-0.8555406332015991
0.6831955313682556
1.565230369567871
1.2637486457824707
1.1279139518737793
1.4305589199066162
0.10929527133703232
0.6799416542053223
-2.6137006282806396
-0.17542031407356262
3.3482422828674316
-0.6681491732597351
2.981616735458374
1.6388334035873413
0.32235783338546753
-2.5361270904541016
2.2862491607666016
-0.8396733403205872
0.24267421662807465
-0.01945972628891468
1.6307792663574219
0.7276899218559265
1.8395907878875732
0.8036568760871887
-0.8257521986961365
-0.792057454586029
-0.027355531230568886
-0.19357728958129883
1.2610015869140625
-1.865496277809143
2.402688503265381
-0.4097607135772705
0.547786295413971
0.7676917910575867
2.410541296005249
0.2278485745191574
-1.3319182395935059
-0.05937361344695091
1.73019278049469
1.2568962574005127
-0.1935129016637802
1.1765300035476685
-1.5310170650482178
-0.8108077049255371
-0.01700497604906559
-0.39208024740219116
1.0097339153289795
0.6055988669395447
-0.6254401206970215
1.6716874837875366
2.9316928386688232
-0.22326664626598358
-3.045990467071533
2.11952543258667
-2.010368824005127
-0.38455379009246826
-1.1267505884170532
-0.2075936645269394
-1.6781517267227173
-0.3412308990955353
0.16498494148254395
0.5062553286552429
-1.8598445653915405
0.929276704788208
-5.014176845550537
-0.5139433741569519
-3.43784761428833
0.6854957342147827
0.3110943138599396
-0.013967443257570267
-2.763859510421753
-0.7918320298194885
-0.96097332239151
-1.861947774887085
0.49620768427848816
-0.9876171350479126
0.595300555229187
0.28951022028923035
-3.4205613136291504
-0.7685472369194031
-2.225534200668335
1.6030242443084717
-0.011446461081504822
0.20444221794605255
-1.2779160737991333
0.6788272857666016
0.641081690788269
-0.515823483467102
1.154982089996338
-0.8563548922538757
0.558612585067749
-0.7250989079475403
-1.3122050762176514
-1.3247252702713013
-2.0776259899139404
-0.49658873677253723
-1.2163615226745605
0.9190477132797241
0.45414644479751587
1.0300371646881104
-0.10684333741664886
-1.1859720945358276
0.6335485577583313
1.4928548336029053
-0.051579512655735016
-1.7575023174285889
1.5965826511383057
0.0484393909573555
-0.6166733503341675
-0.3682262897491455
2.1373043060302734
-0.6220489740371704
1.9480828046798706
-0.24547584354877472
-2.5251030921936035
1.3794224262237549
-2.7924888134002686
0.5244866609573364
1.0479857921600342
1.3142366409301758
0.3656963109970093
1.6491554975509644
-1.9779815673828125
0.35744979977607727
-1.5988740921020508
2.3197832107543945
-0.07514230161905289
-1.866886019706726
-0.509512186050415
-0.6847381591796875
-0.9373356699943542
2.522183656692505
-0.4753308594226837
-1.603581190109253
-0.09547680616378784
-0.7738216519355774
-0.12752161920070648
1.9755680561065674
-0.531035840511322
-0.6382859945297241
1.2524490356445312
0.21866720914840698
1.9190245866775513
0.629122257232666
1.0517300367355347
1.120841145515442
2.0626299381256104
0.3220677375793457
-1.939491868019104
-0.15491525828838348
1.3873627185821533
-0.8340318202972412
1.0189051628112793
2.9386987686157227
-1.3835351467132568
-0.6460397839546204
0.1160099133849144
-1.6266413927078247
-0.2239506095647812
2.9514641761779785
2.98742938041687
-0.5770328044891357
0.7720258235931396
0.5242921113967896
1.3757734298706055
-0.4580267071723938
-0.39978793263435364
0.5175182819366455
-3.036586046218872
-1.3130512237548828
-0.36366355419158936
-3.2115492820739746
1.611406683921814
-0.8084068894386292
-0.46856382489204407
1.083433747291565
-3.862548589706421
0.9832273721694946
-0.0305943563580513
-0.4642641842365265
0.6314659118652344
1.135266661643982
3.168889045715332
0.37006646394729614
1.0097407102584839
-0.30401793122291565
1.6519252061843872
-0.8558945059776306
1.244473934173584
0.8394749760627747
-1.03365957736969
0.6296374797821045
-3.056394100189209
2.664555072784424
2.055359125137329
0.24038082361221313
1.086629033088684
-0.8978772759437561
-0.5835224986076355
-0.09000954031944275
3.103119373321533
-0.578727126121521
-0.9205954670906067
0.8604780435562134
-1.0812361240386963
1.6132962703704834
-0.7239102125167847
-0.291230708360672
0.49980628490448
0.9356269836425781
1.6013274192810059
-0.3108702301979065
1.071211576461792
1.0893135070800781
1.5733925104141235
1.0060079097747803
0.19704461097717285
-3.07710337638855
-1.4433786869049072
-0.003138770814985037
0.2552417516708374
1.4326026439666748
-1.838083028793335
-2.787829875946045
0.2349512279033661
0.3531613349914551
4.193150520324707
-1.0880910158157349
-0.7205739617347717
1.6692603826522827
-1.801605224609375
-0.5213809609413147
2.154162645339966
-0.5021211504936218
0.178559347987175
0.5262728333473206
-0.4159757196903229
-0.7209828495979309
-0.5614001154899597
0.8504934906959534
-0.6540917754173279
1.4564058780670166
0.2673351764678955
0.4607542157173157
-0.7080277800559998
1.2335689067840576
1.4817484617233276
1.859525442123413
-0.0867358073592186
-0.9567772150039673
-0.4762899577617645
