0.6133757702340824
0.6707656358438383
0.6008902777468876
0.7347859071470332
0.6287145958065504
0.7384418622056357
0.7817475914767071
0.6376006082544453
0.33428467225698644
0.5925293831842876
0.6907058321568932
0.6276163279092479
0.638198360444476
0.748636126830629
0.6815739340962131
0.7969392195611172
0.503380003332826
0.49586938100563666
0.7730425670594342
0.713908400320487
0.501853055129786
0.6213754322754196
0.5364949941854882
0.5859325264274593
0.5682842672213908
0.6075807083347686
0.7313694512380553
0.47690005720309786
0.5979689093660093
0.6359816522290921
0.7781642710875649
0.7104722152501289
0.7484992515876203
0.679385752553346
0.6136457351954735
0.7910768919777322
0.6932772398534572
0.5570895190479241
0.7308659097449708
0.7701340155585381
0.5443719374157744
0.5981795178702777
0.42423762678154975
0.6512122118744467
0.9199953545059179
0.6370353012947939
0.522015945223921
0.8040249593594591
0.8736543599777663
0.600505108413757
0.5841445813332656
0.4781297936542034
0.5821102378551092
0.5076814168912896
0.5583570133947632
0.6232374236409861
0.4873851620078715
0.7072691002468267
0.4651765011296018
0.6252420536529256
0.8844976028810994
0.5941193192955015
0.6705646252363355
0.6413021795893977
0.4684474264802008
0.6906700186922715
0.6489907497149408
0.5153927549347372
0.594414751265917
0.9970193553909116
0.5534591622316118
0.7075937769378979
0.5061786021995364
0.6109353514728669
0.943448971618273
0.3450086776879074
0.4404764909933481
0.6401019503930391
0.6527715966177768
0.605286858389244
0.4727954007704443
0.5326168884791286
0.6393149735733588
0.5435591974595622
0.5552369319952972
0.5548163635576614
0.6377416580907748
0.716157517512402
0.693312682220977
0.5038492165159929
0.6050118828623263
0.6995868551867295
0.40700799330095516
0.5519871444639152
0.7466935234973161
0.4424511158067685
0.6233595642097206
0.5453656876210727
0.8718598496409409
0.5724376233031307
0.6289603744815719
0.6029915230061876
0.40238004102271835
0.6163099165799338
0.4628212126504843
0.4729207120910013
0.5913387434413387
0.47172945544290695
0.6897327500550962
0.5768930204228147
0.5991925815005905
0.5377043444300657
0.7943646857839861
0.8888586570214737
0.5635591028539879
0.6528990302618102
0.6038125164528313
0.6679253911451818
0.5959809060734488
0.6254686608792122
0.7146391118544437
0.5078665611247618
0.5534732969867392
0.6193525615134423
0.7059339244763801
0.43564895090624584
0.5957009845632653
0.671593372670226
0.5904121043482832
0.711897452036374
0.48869765057421527
0.5558791840509264
0.47586887511091125
0.6657605716383097
0.568920538350132
0.5423111379407815
0.7324626541382051
0.38677189902930953
0.6643291483763384
0.7051644192033713
0.6013646588670348
0.6075989059106269
0.587561009465512
0.532419136471328
0.6499567373256855
0.5438965597716866
0.5044819236594442
0.5686519284634168
0.6177453388839489
0.686481380818615
0.7888423958660862
0.6135686318171849
0.45485987958021457
0.4700871606420879
0.6588004468244648
0.3981163163488215
0.682145867259047
0.7316178536117401
0.549458082641296
0.6418887543806447
0.45279665040577594
0.6970282491325629
0.37075006459133336
0.6286911313841084
0.4736202413562034
0.3804199004096768
0.5910279325526153
0.7685947515764591
0.6668597698885775
0.5543371203962802
0.698389348497365
0.6951028836207641
0.6562918793167307
0.6414233427755525
0.7362082392793456
0.70180573000179
0.6698432505209546
0.5731268753969548
0.6336276239825078
0.49947001060656604
0.03162277660168379
0.42617317612097116
0.9142010646029399
0.7192281797571145
0.6555755971908976
0.7793353543449784
0.524973464249792
0.6313202873605455
0.5004878623997866
0.7907675353019639
0.8038768283216386
0.632768474789941
0.5601683726255905
0.49645011393468624
0.6051457295782516
0.6422725619298892
1.0065732098033036
0.6626377176698961
0.6492878596387159
0.4965571674135012
0.5236571813744575
0.7040328931615316
0.6430604610182775
0.6411375096573846
0.7212464562895936
0.5247177702832295
0.603358978188372
0.7407145376043421
0.7123990479276058
0.5966488552587293
0.3642220132125981
0.7304860165437157
0.4232011519722863
0.4902888243328011
0.5960490596712303
0.514493377663317
0.6746099703310674
0.6741564060352994
0.7436787216908479
0.5201566110955197
0.545291035401869
0.6637296724888576
0.5398557446882091
0.6513183537011419
0.44771102090877696
0.5564794857823084
0.6042103748515472
0.5365189634955204
0.6938261461138439
0.5749167379965431
0.5552754961177572
0.637488652857603
0.6166522308111919
0.5478703142244703
0.4483115093008061
0.8447738445830746
0.413029477276331
0.573016079710319
0.6941041934059953
0.49017544675670377
0.5477134933702608
0.8111401040594305
0.5447128724203534
0.5082625062513714
0.6117927913751128
0.6144540211258142
0.5418641753913994
0.48614758834974364
0.5660609391569908
0.686975808837952
0.7252839114608627
0.8363155050808853
0.423739443594051
0.561359558924292
0.5727992107558407
0.6243311028232775
0.03162277660168379
0.5739510212298056
0.6789273896783623
0.678825674598074
0.6158359174024631
0.6296955021049222
0.7797606659771569
0.4361274828928986
0.6551477264934302
0.6016540812349905
0.5421389937895896
0.5968553358104256
0.5827007010565501
0.5362502959724089
0.609887920385858
0.5635593672656107
0.5959855815692319
0.5341422626001023
0.5827085006417216
0.8260224197152971
0.75691898863877
0.6602549830533576
0.7662521524694681
0.6070704147292635
0.7360408724937038
0.3567717400792241
0.6788838652156789
0.6773803716877019
0.6786320797123546
0.7238099746363593
0.5939277691995869
0.7729576323792913
0.6148961044182542
0.47066674727431534
0.5987748152064224
0.36983970494832247
0.5933972222197278
0.6184212493303463
0.5778631037767221
0.7576801230047805
0.5831718132878168
0.5421000449145575
0.7191197321735477
0.5413953208095451
0.4778261607121529
0.5860773411006974
0.5055752529101967
0.5791470394193549
0.6747217291753433
0.44095603574079556
0.6125068983351271
0.5331932718673089
0.6939234506441814
0.49555048691517134
0.6788355965498933
0.5697699652751947
0.6087361540580745
0.6278265560052028
0.5831112265314561
0.45643199635164555
0.5371502234999522
0.5898856200458376
0.6514106617478717
0.5595276616803551
0.4449557475525026
0.6173480448456377
0.6680516293512322
0.8448554397262493
0.79751162122911
0.6395798841708576
0.7766080745471771
0.7358893431763659
0.6075836513758955
0.5839247257044365
0.6357788082890605
0.5924891192406909
0.65437952759642
0.5065107954819806
0.6463891372831368
0.656363351024387
0.7080645188767412
0.6518534898363572
0.6278774170188245
0.7253381489726513
0.6475286993640448
0.4594138528651306
0.7654514200055741
0.6281065846111241
0.5342709934231652
0.5991855187383818
0.5885337133854828
0.8764643410513878
0.46424244792261943
0.7544553354591773
0.8990148005131774
0.6462540099574807
0.6655748857070578
0.6267487958174505
0.5352082173530608
0.5043955780047978
0.5892510482202593
0.7468015585188905
0.6984101085710724
0.5056925740018681
0.5405876431209798
0.539917514691239
0.5660306390702063
0.7525768998606438
0.6129608880364645
0.5181380049174316
0.6524915569314568
0.4171663026032108
0.6944045971967102
0.6547807511445316
1.0164874366513017
0.7049423770149038
0.5716575394625638
0.9593996043576014
0.6138051081310304
0.5778324168327919
0.3417137233188248
0.5488248243130841
0.5974072562746662
0.0316227766016838
0.713759771570769
0.4761648999674202
0.6424745385064011
0.5905964686046916
0.4802864607216128
0.6764876016296909
0.5796801150692129
0.8715619327055028
0.5707864342053869
0.6417345912288673
0.7345556165284549
0.5179537703935778
0.6163702378190582
0.7309347783984351
0.7022926369676099
0.5168881818481208
0.6687846511705139
0.7018333743041109
0.6285408672150242
0.7494696178627691
0.4961714775889923
0.6627411527600744
0.6883752070714619
0.4290121122253165
0.5828165589055734
0.6263999383712606
0.717109641708755
0.6765573142824254
0.5487176758754412
0.6946669685600464
0.5004833517287723
0.719270402345153
0.6257337419285359
0.3979555068940981
0.6149394083800869
0.6930529802776118
0.4697423581582329
0.5861143590913463
0.7786476362498833
0.7948425484331939
0.5851693377794656
0.8305457098712917
0.7127707693016899
0.4832575253800095
0.6158292390930739
0.6330909924350349
0.8090642846693009
0.7331260537402555
0.4721277586927305
0.41629622159824353
0.5772379547768951
0.5438110742579874
0.49412206176146706
0.45910314872063257
0.644253443917842
0.6527280174142087
0.5575994814652094
0.6866008000202224
0.5486690910406692
0.8655693220830607
0.5113995679773707
0.6780079760855924
0.5380256586390831
0.5806305546079109
0.5857057095649095
0.5737318824783114
0.46141999843949927
0.6366341290556232
0.6403246252606999
0.3842194037569557
0.5956997838661425
0.5180573294776543
0.6937449590826326
0.6460772712202034
0.604510809147811
0.4469278361689764
0.8408988965890418
0.7560027709889972
0.5422113592521237
0.5186394065718732
0.5629814109680812
0.4832866017451985
0.5869979527289905
0.5930590733427032
0.6006083025481986
0.38539232953876057
1.1040139810810201
0.6388389166440276
0.6052422483027389
0.5926306722498675
0.5075561296495165
0.5364959663104379
0.4912966259336779
0.7649041194294655
0.36663144932305103
0.47036143304995326
0.690447178383028
0.45727745766892997
0.590705101999749
0.5567952374878087
0.6269056933753139
0.4630685273513313
0.5946560630166573
0.5368502857439493
0.6377363774629068
0.5840237564536122
0.6965254893338748
0.7304384037996995
0.6264596210598014
0.6544239531590299
0.5652893216857312
0.644638733010937
0.6274132494594205
0.03162277660168379
0.3357492155234914
0.6649772275166211
0.49536391307293604
0.43017671416546294
0.5707492053092807
0.4489936905706458
0.6061154371542918
0.634801996967261
0.47904317718574735
0.5665499651406483
0.5583099613232333
0.4984464181801752
0.5680549155337649
0.553931390705613
0.6325195819477192
0.5589723552955046
0.5861031471583195
0.6068993294236203
0.5854465826769
0.6380360189901335
0.6966453257589615
0.7764982375759307
0.3804025279854611
0.5996029491763658
0.5873575025583779
0.391384432978399
0.6087417596889855
0.5245634305126019
0.7599635012545903
0.4629366705160743
0.5942650977974306
0.5684308516924664
0.6419191647261075
0.5178088967676212
0.6674072500504407
0.7318063500814066
0.4043867382486103
0.6796651690092264
0.6147659560820871
0.5465222019631196
0.3504729205974811
0.7124008886101486
0.6534297476718649
0.46186489406467895
0.6856024615148448
0.686592965264011
0.5951708916074672
0.49821835522569335
0.6071122642470921
0.6275460937562003
0.3875190827070191
0.4408288887078696
0.7385567939475253
0.5558682469017181
0.6761365944546509
0.5859704944730495
0.6395098687723534
0.638210081430759
0.48166932725116557
0.6081660439341814
0.6378211426137689
0.5520613500668843
0.46994284591749175
0.6113913855438389
0.685639278607446
0.7174145364536606
0.5239755919883359
0.63711847575954
0.47386802046236187
0.5979443381105807
0.3600500207495475
0.7189796004737334
0.5456822448536846
0.6267720238871524
0.617514449618464
0.5587576894209695
0.6388775889553754
0.6064205301476334
0.574296191747926
0.729853619570223
0.6043913683405586
0.6309827189610683
0.5282686227836784
0.6670481809288906
0.4582998627954819
0.5092504955321173
0.5884369610395511
0.5926343181322494
0.6046250262257474
0.8342855732746435
0.5935202312604569
0.4952810924933416
0.639040859201092
0.5972664610892432
0.6594333286610828
0.602917036264232
0.5931843128836167
0.6297559845743373
0.6468828116051234
0.4928192121040177
0.37609843201648935
0.47056628036956505
0.7049217881789561
0.647843707925163
0.6910348623648235
0.5757734681720307
0.6425864600478726
0.5418867247653879
0.6664818489868388
0.5487305749830967
0.6365745575876679
0.6510092152149848
0.5976352920348142
0.7744705628304328
0.590816918532026
0.6959573869471714
0.660405838232788
0.6952446343380518
0.5832141512871551
0.629019316751163
0.6719664008491518
0.6505896102265647
0.5941847522608265
0.6576056880642276
0.5340358514537858
0.6642728457141974
0.7294616781082411
0.6034794381659773
0.5527816976501975
0.6469255177034342
0.5940329337350303
0.6750159683811219
0.5537461212659579
0.6823267160590794
0.8188775442238492
0.494833703139336
0.540859280577556
0.5965757246834646
0.6262848386763067
0.7076836717598568
0.5598855568822468
0.4928597123215318
0.6956819866723797
0.5707704307769251
0.5219431207934565
0.657437622099313
0.5477032093588572
0.6045134713365443
0.7977812687177027
0.5900314343693955
0.6289611563082717
0.7205195915767008
0.6481626096166736
0.6597658036967476
0.5827250456456357
0.5931766259222946
0.6502171060307871
0.5739786445868498
0.5516653454564034
0.5755593210414848
0.48397943070836497
0.6954149199072048
0.6151027098231192
0.35441904630197746
0.6697861432628397
0.6562155858053537
0.5808245145473965
0.6112263855536446
0.5364585521166704
0.48142675497877485
0.5903949418666664
0.5909970719172949
0.5811747305341335
0.5921369131418694
0.360101005140129
0.5212284683793513
0.48561406647342314
0.7206808036510964
0.7941185349498929
0.794843673271114
0.6860342533635073
0.8186538354440737
0.7968959886367368
0.7058049612599483
0.6358159090065282
0.6533909560073017
0.6297757418687915
0.5886063241691457
0.7126534771839171
0.380375517872067
0.7613420470889269
0.5567271230851147
0.6285262157811551
0.6199688214491853
0.5049781172798513
0.6021833666910515
0.4869784234053164
0.645091568856529
0.6275330338008929
0.9291192639380526
0.6195142186097973
0.5965469745196372
0.6382010922473705
0.6964784860923617
0.6027181704030801
0.8545196080979839
0.6608062891659704
0.6768904261711267
0.6110293705151006
0.6544118166953128
0.6457528861199545
0.5364946608850999
0.5387394374334178
0.5882544530918031
0.5752408132901287
0.7445875299083223
0.5467083658571565
0.672914686013093
0.6405668100120309
0.6515214827546122
0.7301592335720644
0.6520056946657885
0.6612399180893043
0.6304985982832426
0.43921676830711853
0.6746624065289484
0.6346039183298804
0.6313638337106482
0.8004260588622281
0.4106129032251829
0.7529855043376228
0.5501779385478746
0.7549534858497319
0.3392072035705817
0.617335638110278
0.857560764473073
0.7213903202035667
0.6136642871292881
0.6916268515521564
0.6339012818286367
0.6288924466152489
0.6923415206842295
0.5581264657303551
0.5003781060849752
0.7280674684904991
0.7180536552427009
0.8402348238962872
0.475084574975077
0.6231200658206854
0.5027721990125948
0.668431025755044
0.6523357192590218
0.7425181491958451
0.6046492767081717
0.4319244567332467
0.439882769708722
0.5745327520986284
0.6154081173636348
0.5270970490019306
0.4803255203259342
0.5780387616145599
0.7986648585233244
0.6644176752231199
0.4491939017679739
0.5976130509066614
0.3823032858466138
0.6158225365140942
0.5955753735245732
0.6917057020784834
0.5681508112752477
0.5909488363404133
0.5987829529010541
0.6605848339144453
0.5620641193635922
0.576773389172542
0.7078324816580184
0.5820713780030309
0.6787388074243598
0.6588476275897298
0.5395789625170019
0.5981412037534997
0.6453436715122896
0.580304173875609
0.3537261160043033
0.5887537967454173
0.6702612955592187
0.4333070006836594
0.4883627993424414
0.619647602060776
0.5992287146822748
0.4970249367258709
0.629287330180927
0.601129857628087
0.5463525301384818
0.5494767135878732
0.6418437165657257
0.6804024987537625
0.9116945884922234
0.672888245312079
0.5103624564466925
0.397272948701131
0.619689203357135
0.6347957998762375
0.6282105343024376
0.5562491511220563
0.5394099796838728
0.5875778743183914
0.6231978286072409
0.5979301830141912
0.4895706222047422
0.5933490813054924
0.6640299493329113
0.715087857950665
0.6063601037945895
0.5672726925009187
0.4300182259933082
0.6575123233873179
0.5682708941930208
0.6547964308619298
0.5837173471977696
0.7057620808901451
0.6117735981133141
0.7480006277265312
0.6788373306814514
0.6570907482373096
0.39135047043060145
0.5341008334077105
0.6511037183767031
0.5069731725219915
0.6320832237498374
0.5773925892739163
0.7501871835456403
0.6263269983571509
0.5757975621804866
0.6534447528832473
0.584199934047067
0.6375892032595231
0.751208532334582
0.5978710419884526
0.6117732083961772
0.5385691674722748
0.5285634785914082
0.6706299541820117
0.8344275917308988
0.6693133029945395
0.7043910481842672
0.5312912148588482
0.43711984439478807
0.5207018015015502
0.5702965206886257
0.7792161489947754
0.5996402752894621
0.7117110106867088
0.575529054977126
0.6543729466184737
0.6391086876927082
0.5448746590890012
0.642522547025671
0.4410404928813746
0.6008515164837648
0.7176825523083004
0.5764001796668525
0.6160871482841771
0.5158722438475196
0.5718194942949303
0.6889937911951166
0.5442378473340024
0.5726713345610888
0.6054425740151953
0.6502693093368709
0.6059534269682165
0.8239116807567289
0.7401051357047287
0.5110433775599326
0.6281161690086443
0.7359578227418052
0.625293458518093
0.5907443776664248
0.5872991997906758
0.6273355578960106
0.5628167011076656
0.5615290747848822
0.5780498464038554
0.4179021811550004
0.800691523888952
0.6824101131410394
0.5330878452980519
0.4080678882625827
0.4557670300985259
0.521068805515041
0.6610118227174052
0.6277992844507952
0.4961843462544814
0.7521432697016581
0.5803979173778026
0.7419438902340566
0.8683388504163012
0.4782411818122587
0.587346212874615
0.6237385998374031
0.7308690087699345
0.6949987331900269
0.5100715693109357
0.57283604629162
0.5932815468571151
0.5527035986214285
0.665517837602058
0.6289091982565065
0.5070765938489916
0.46120621015895324
0.49970339179041573
0.5760341526757805
0.6755091925926627
0.37916703175258176
0.5345428301402363
0.9390301048543244
0.5905078517446715
0.3513915783239349
0.6598308919872854
0.7812902141139338
0.6489619106686015
0.5865320732098321
0.38499631334992
0.4471545329494515
0.5524467672189391
0.5260385944037534
0.4473567996984709
0.4900513852920234
0.5351639749011206
0.5177452661656133
0.5788914376653442
0.582276809198023
0.6665742479479264
0.4476730600499612
0.6818663091131918
0.729822708117294
0.792944967580363
0.7405412673295199
0.5890571814582797
0.47627416649526677
0.5012081698612614
0.683258768719803
0.7339493843577589
0.5107593258376493
0.3694658383630042
0.513858382215929
0.7369613238399954
0.6159887244350615
0.5800572512175136
0.7873126812327729
0.7697716822802565
0.6611856286097859
0.7418385223701988
0.6400638176720362
0.6741379273241607
0.7862456328569432
0.7124376175993531
0.4575866009091823
0.6250343654721426
0.6202135490460428
0.43945147813276486
0.5701416342846399
0.46456442164374295
0.6575604803675954
0.5005509628717224
0.5931531373676829
0.6386536629322923
0.5839575932208064
0.6162958206257876
0.6821029413916243
0.6239682367353
0.6862199187156529
0.5814513942514483
0.7430843843312404
0.7375795053203069
0.7219999154082907
0.7255174736899977
0.5924887419890557
0.5635531535596748
0.6476272537863721
0.6415343792489823
0.625457392028862
0.5776682010948697
0.5234674311948001
0.6126789715150082
0.4454897120376403
0.3818223538921668
0.6926691500449739
0.29894827288581555
0.5757212653416516
0.6979007218280782
0.6383118021457062
0.6213872068008456
0.6238441611410299
0.5829540702548162
0.6409537340002598
0.6580670594071845
0.6174981610660739
0.6185132872419373
0.6708073546037139
0.7103049101048515
0.6070052170050091
0.4804618627783422
0.3928135192542255
0.673198714085233
0.5567941669919053
0.5924228450179129
0.694552068580676
0.5963075524870463
0.8684047786976514
0.6534795280743609
0.5208623779082144
0.6130123261212808
0.6773628388809252
0.6334515731219288
0.7057479135385847
0.6634227236064866
0.5848398336594824
0.567625179348707
0.5586968555394725
0.5225418008848204
0.6594806901015072
0.5210620279107524
0.6956411599049888
0.6347633345812043
0.690706047895029
0.6016258214346158
1.005500839657957
0.6390961438115951
0.40971403104421145
