-1.4405429363250732
-1.1654053926467896
0.9599300026893616
-0.7515518665313721
-1.285942792892456
-0.3134070038795471
1.5143121480941772
-0.9388529062271118
0.6070502996444702
-1.489993929862976
-0.7570478916168213
-1.014125943183899
-1.0865839719772339
-1.3357704877853394
0.668491542339325
-1.3844294548034668
-1.6254550218582153
-1.4478833675384521
0.15544474124908447
0.9645398259162903
1.3814107179641724
-1.2427058219909668
-1.2801079750061035
-1.8046326637268066
-1.2509394884109497
-1.2216758728027344
-0.44213542342185974
-1.5564836263656616
-1.3998265266418457
-1.4813988208770752
-1.3743537664413452
-1.5168472528457642
-0.5003823637962341
-1.1415159702301025
0.17252929508686066
0.2730756402015686
-0.7854199409484863
-1.3200747966766357
-1.3026502132415771
-1.2351332902908325
-0.20825979113578796
0.8175328373908997
0.4415150284767151
-1.3664045333862305
-1.0554566383361816
-1.4263399839401245
-1.0507420301437378
-1.4763543605804443
0.5497313737869263
-1.0844061374664307
-1.852370262145996
1.3767108917236328
0.9122124314308167
-1.247632384300232
1.1359928846359253
-0.7812151908874512
-0.6697790026664734
-0.9546129107475281
-1.1513581275939941
0.5305934548377991
-0.870088517665863
-0.8954753875732422
-1.3658115863800049
-0.6606296300888062
-1.3767859935760498
-0.9678276181221008
1.0143089294433594
1.2162443399429321
-0.6785150170326233
-0.6641631722450256
-1.1571002006530762
-0.3017180562019348
-1.4128249883651733
-1.79334557056427
-0.9820829033851624
1.0274289846420288
1.493358850479126
-0.6262359023094177
-0.8134968876838684
0.7334519028663635
1.14799964427948
0.7085303664207458
0.2063191682100296
-0.36954444646835327
-1.6889903545379639
-1.4803390502929688
-1.2562682628631592
-1.428261399269104
-1.1748849153518677
1.4141201972961426
-1.2969982624053955
-1.26194167137146
0.897517204284668
-1.8761945962905884
-0.4921969175338745
-1.5814749002456665
-1.3589472770690918
-1.3826696872711182
-0.17668448388576508
1.0623042583465576
-0.4985739290714264
-0.4844808876514435
1.3439054489135742
-1.1345832347869873
1.4412124156951904
-0.1344558596611023
0.3902672529220581
-0.3983796238899231
0.4182373881340027
1.0884610414505005
-0.9295557141304016
-1.4177452325820923
-1.1530097723007202
-0.5545088648796082
-1.4811413288116455
-1.6096760034561157
-0.11911512911319733
-0.4124889075756073
-1.499359369277954
-1.103576898574829
-0.3739531636238098
1.242877721786499
-0.8806129097938538
-0.9154693484306335
0.2684207260608673
1.2466835975646973
-1.3110402822494507
-1.1956088542938232
-1.3649299144744873
0.6531798243522644
0.5970913171768188
1.3453786373138428
1.3933252096176147
-0.8142495155334473
0.014899241738021374
-1.5275194644927979
-0.034270018339157104
0.45113590359687805
-0.9953460097312927
-0.18123318254947662
1.8315563201904297
-1.7387837171554565
-1.3216440677642822
0.027045506983995438
-1.546669363975525
1.1966007947921753
0.4761398136615753
-1.2462581396102905
-1.1265751123428345
-1.573167324066162
-0.8904541730880737
-0.8511502146720886
1.0703788995742798
1.0867130756378174
0.3167218863964081
1.3294967412948608
-0.9472883343696594
-0.41386887431144714
-0.31324195861816406
-0.6087671518325806
-0.6740179061889648
0.3740179240703583
1.6257603168487549
-1.2015691995620728
1.338548183441162
1.3163484334945679
-1.4889930486679077
0.4804069995880127
0.9876797795295715
0.12467969208955765
-0.4817366600036621
-0.8434697985649109
-0.5168230533599854
0.054848309606313705
-0.7766110301017761
-1.6173750162124634
-0.7042969465255737
-1.5101442337036133
-1.1080803871154785
1.1018965244293213
-1.0930097103118896
1.0875771045684814
-1.162392258644104
0.37311050295829773
-0.10232282429933548
-0.28892025351524353
1.3528603315353394
-1.313802719116211
0.9042993187904358
-1.043033242225647
0.03656301274895668
-1.464806318283081
-1.0972152948379517
-1.3179771900177002
0.37019577622413635
-0.1733255386352539
-0.8838140964508057
0.5314003825187683
-1.274069905281067
-1.5168112516403198
-1.4247967004776
-0.6842058897018433
-0.07470225542783737
-0.8702942728996277
-0.7239751219749451
0.9754139184951782
-1.3324247598648071
-1.225403070449829
-1.0079081058502197
-0.6902973651885986
1.0844595432281494
0.041367415338754654
1.5443700551986694
-1.885398030281067
-1.3802165985107422
-1.4472657442092896
-1.7253072261810303
-1.4440531730651855
-1.0876513719558716
-1.4447803497314453
-1.427049160003662
-1.0908409357070923
0.4224850833415985
-0.2686212956905365
0.7517001628875732
-0.09268373996019363
-1.568067193031311
-1.7846603393554688
-0.6747745871543884
-1.333949327468872
0.6998803019523621
-0.22181758284568787
-1.1158183813095093
-1.5990407466888428
0.933249294757843
-0.01978733204305172
-1.1920127868652344
-1.3174338340759277
-1.0466978549957275
-1.8272719383239746
0.06015588715672493
-1.2576044797897339
-1.7882014513015747
1.4754455089569092
-1.4037619829177856
-1.3599495887756348
-1.3815715312957764
-1.2347031831741333
-1.4986141920089722
-0.5717772245407104
-0.6517346501350403
-0.4851321280002594
-1.9037092924118042
-1.1567424535751343
-1.4547433853149414
0.40816035866737366
-1.2515318393707275
-1.3932701349258423
-1.2161139249801636
-1.40355384349823
-0.508573055267334
-1.3521407842636108
0.05318114534020424
-1.857264518737793
-1.2655830383300781
-0.7121056914329529
-1.6376327276229858
0.8864845633506775
-1.1834039688110352
-1.1977585554122925
0.5436153411865234
1.2302075624465942
-0.8566329479217529
-1.162954330444336
1.0646827220916748
-0.1283278465270996
-0.9920799732208252
-0.7533333897590637
-0.9073842763900757
-1.2877867221832275
-0.3123464584350586
1.1645684242248535
-0.4654293656349182
-1.4216035604476929
-1.4825177192687988
-1.2467046976089478
0.7015761137008667
-0.7132439017295837
-1.5711796283721924
-0.15541130304336548
-0.09752793610095978
-0.363753080368042
-1.3191431760787964
-1.293058156967163
1.3757017850875854
-0.015583564527332783
-1.4507819414138794
-1.2397438287734985
-0.6721537113189697
-0.07714448124170303
1.2120682001113892
-1.4119141101837158
-0.12603241205215454
-0.0959271788597107
-1.3397600650787354
0.7298271656036377
-1.20255446434021
-1.2323113679885864
-1.2872133255004883
0.15782809257507324
-1.2216801643371582
-1.5863579511642456
-1.4180079698562622
-1.3213798999786377
1.069382905960083
-1.071470022201538
-1.6372010707855225
0.439022034406662
-0.9665201902389526
-1.3918308019638062
1.1843907833099365
-1.5302835702896118
-1.3581286668777466
-1.1719521284103394
-0.9542359113693237
-1.2332321405410767
0.08375398069620132
0.4499620497226715
-1.2818738222122192
0.5198255777359009
0.28002938628196716
-1.4070777893066406
-0.44521376490592957
-1.4728277921676636
-0.6241629719734192
-0.6052621603012085
-0.8605380654335022
-1.3606387376785278
-1.3993120193481445
-0.7257856726646423
-1.0472773313522339
0.7385154366493225
-1.1882812976837158
-1.3283405303955078
1.1736397743225098
-1.4848580360412598
-1.4810142517089844
-0.38096165657043457
-1.5003806352615356
-0.5176703333854675
-0.8308138251304626
-1.5736685991287231
-0.9665986895561218
-1.5624520778656006
1.213676929473877
-1.036756157875061
-1.0338064432144165
0.06789708137512207
-1.0444012880325317
-1.0435879230499268
1.3149374723434448
-0.7749391198158264
0.29072657227516174
-1.33323335647583
0.9530779719352722
-1.7739582061767578
-0.9008856415748596
1.2004493474960327
-0.9922484755516052
-1.0044218301773071
-0.9409988522529602
-1.466484546661377
-0.5035873651504517
-0.4652070105075836
-1.065790057182312
-1.3373295068740845
0.8508446216583252
1.2352299690246582
0.6810245513916016
-1.2526744604110718
-1.2239331007003784
0.14279285073280334
-0.32400763034820557
-1.60775625705719
1.1908365488052368
-0.8439141511917114
0.07908857613801956
-0.6503365635871887
-0.2541378140449524
-1.8858243227005005
-0.766188383102417
-0.7042418718338013
-0.9380413889884949
-1.1153732538223267
-1.246942162513733
-0.49289748072624207
-1.0044704675674438
-1.0832775831222534
0.3070237338542938
0.2605482339859009
-0.6266909241676331
-1.3769221305847168
-1.1435158252716064
1.359157919883728
-1.267235279083252
0.6186721324920654
-1.3224126100540161
-1.2415848970413208
-1.4978046417236328
0.05131641775369644
1.0727510452270508
0.5848096013069153
-1.681952953338623
1.0951324701309204
-1.0747343301773071
-0.03365509584546089
0.9827101230621338
-1.530226707458496
-0.46422553062438965
-0.9831895232200623
-1.088565468788147
-0.41140058636665344
-0.0029383706860244274
-1.1020578145980835
-1.164225697517395
-1.5186465978622437
1.42198646068573
-0.22675108909606934
1.029775857925415
0.28226667642593384
0.686642587184906
-1.7840290069580078
-1.9446569681167603
1.38013756275177
-1.6546553373336792
-0.6979614496231079
0.613325297832489
0.6431140303611755
1.3410614728927612
-1.222795844078064
-1.6572470664978027
0.6448145508766174
-0.35139143466949463
-0.1860242336988449
-0.9541772603988647
-1.2987005710601807
1.3015186786651611
-1.3504741191864014
-1.6852320432662964
-0.8622750043869019
-1.2383760213851929
-1.4416927099227905
-0.32607316970825195
-1.014717698097229
-1.5444856882095337
1.0566428899765015
0.14601561427116394
-0.7678024172782898
-1.3350625038146973
-1.5441030263900757
-1.075287103652954
-0.2987290620803833
-1.3488059043884277
-1.5451812744140625
-1.2473214864730835
1.3845853805541992
-1.052587866783142
-0.11822069436311722
-1.3767461776733398
0.05304315686225891
1.4918608665466309
-1.0507166385650635
1.3538835048675537
-1.0616511106491089
1.279123067855835
0.6463979482650757
-1.073878288269043
-0.8925191760063171
-1.425361156463623
0.1420820653438568
-1.401883840560913
1.3953498601913452
0.4350200593471527
-1.7895872592926025
-1.302917242050171
-1.1121315956115723
1.2869737148284912
-1.3419545888900757
-1.0379616022109985
-1.3939030170440674
-1.2182856798171997
-1.504891037940979
-0.29546961188316345
-1.1748040914535522
1.6432725191116333
-1.5110440254211426
1.189647912979126
-1.4900027513504028
0.8680034875869751
1.6455739736557007
-1.2130908966064453
-1.5558398962020874
-1.3774726390838623
0.3968568444252014
-1.3616756200790405
1.1330485343933105
-1.245879888534546
0.08325768262147903
-1.4427224397659302
-1.69062077999115
-1.3028062582015991
-1.68513822555542
-1.356637716293335
-1.1276401281356812
0.15839871764183044
-0.37931129336357117
1.1654274463653564
-1.5443947315216064
-1.2816561460494995
1.0354783535003662
-1.2480943202972412
0.721365213394165
-0.982159435749054
1.7127406597137451
-0.9091089367866516
0.6748986840248108
-0.34670284390449524
-1.573710322380066
-1.3063385486602783
-0.1649642288684845
-1.3877732753753662
0.697982132434845
-1.231842041015625
-1.142927885055542
1.1842429637908936
-1.2031303644180298
-1.228894591331482
1.4300377368927002
-0.04243401810526848
-1.396780252456665
-1.2603219747543335
-1.0924203395843506
-1.3956547975540161
-1.6903173923492432
1.4525890350341797
-1.953642725944519
0.17421336472034454
1.1331596374511719
0.6461227536201477
-1.4565949440002441
-0.13775332272052765
-0.6796274185180664
-0.5133537650108337
-0.73855060338974
-1.5511080026626587
-1.199065923690796
-1.079158902168274
-1.409653902053833
-0.29390743374824524
0.6468284726142883
-0.10844138264656067
-1.1858097314834595
1.5903403759002686
-1.3044183254241943
1.4880930185317993
-0.7372056841850281
-0.9748570919036865
-1.6290582418441772
1.7666523456573486
-1.6029564142227173
-1.4417325258255005
0.4960419535636902
0.675122857093811
-0.4466947317123413
-1.8308889865875244
-1.7386258840560913
-2.023106813430786
-0.7714607119560242
1.330353856086731
-2.004326343536377
-1.5799773931503296
-0.32034018635749817
0.01835702173411846
-0.17541883885860443
-1.6799845695495605
-0.1929929107427597
-0.9264978170394897
-1.9278641939163208
0.8389662504196167
-1.3263685703277588
-1.0132670402526855
-0.7847852110862732
-1.2730432748794556
-0.15169967710971832
-0.7626324892044067
0.5387972593307495
-1.2259724140167236
0.23040756583213806
-0.8722783923149109
-1.085388422012329
-0.14271053671836853
0.7491653561592102
-1.7075754404067993
-1.8083713054656982
-1.1251881122589111
-0.8578891754150391
-1.4193402528762817
-0.3329707682132721
-0.23428896069526672
-1.5978487730026245
-1.0731499195098877
-0.9507648944854736
-1.4063059091567993
-1.3715661764144897
-0.7459331154823303
-1.4886118173599243
-1.4693655967712402
-0.32323914766311646
-1.4833365678787231
-1.5470954179763794
-0.7006034255027771
-1.082348108291626
1.3860387802124023
0.36264580488204956
-1.4376276731491089
-1.272080421447754
-1.4260958433151245
-1.3024486303329468
-1.282610535621643
1.2058948278427124
0.7338263392448425
-1.9705431461334229
-1.3938120603561401
-1.1470518112182617
-1.6328803300857544
0.14240893721580505
0.4766337275505066
-1.3500051498413086
-0.40200188755989075
-1.043107509613037
-1.7110087871551514
-0.6026318073272705
-0.20787295699119568
-0.011397617869079113
0.6436692476272583
-1.6838784217834473
0.5823582410812378
0.3034960925579071
0.7390483617782593
-1.5922225713729858
-1.38422429561615
-1.3614693880081177
-1.7709627151489258
-1.5406523942947388
-0.44324761629104614
-1.1043072938919067
-1.086024522781372
0.9234596490859985
0.31428062915802
0.3735816776752472
1.3782967329025269
-1.6059455871582031
0.1871725618839264
0.6248857975006104
-0.0883522480726242
-1.6495205163955688
-1.0674324035644531
-1.233099102973938
1.1611865758895874
-1.623172402381897
-1.7039320468902588
0.3472203314304352
-0.24278324842453003
-0.17113575339317322
-1.1149311065673828
-0.5444805026054382
-1.13776695728302
0.442547470331192
-1.4923853874206543
-0.24727553129196167
-1.1942349672317505
-1.5441192388534546
-1.2796134948730469
0.23230420053005219
-0.2702321410179138
1.1973209381103516
-1.6932179927825928
-1.405787467956543
0.936657190322876
-1.1166130304336548
-0.9655712842941284
-1.61481773853302
-1.0320427417755127
-1.0800219774246216
-0.8003613948822021
-1.5200916528701782
-1.268042802810669
-0.026644667610526085
-1.3142566680908203
-0.7587956786155701
0.7972153425216675
-1.288279414176941
-1.4297107458114624
-0.06463860720396042
-1.4714937210083008
-1.576141119003296
0.7004378437995911
-1.3556640148162842
-1.8322590589523315
-0.11751869320869446
0.7427384853363037
-1.1762800216674805
-1.1180912256240845
-1.6129459142684937
-0.26021093130111694
-1.1296201944351196
0.8688209056854248
-0.7651346325874329
-0.2017468512058258
-1.127257227897644
-0.8525056838989258
-1.7487597465515137
-0.7943965196609497
0.9941824078559875
-1.269251823425293
0.9594240188598633
-0.8386338949203491
1.20494544506073
-1.5781972408294678
-1.134015679359436
0.0422622449696064
-0.7668717503547668
0.26224657893180847
-1.479856252670288
-0.9913972020149231
-1.6681065559387207
1.2117502689361572
1.535131573677063
-1.1409380435943604
-0.3655792772769928
-0.8332856297492981
0.6327789425849915
-1.3453601598739624
-1.6358646154403687
-1.5110379457473755
0.7226001620292664
-1.0620274543762207
-1.5018366575241089
1.2573156356811523
-1.524787425994873
0.27260515093803406
-0.8188434839248657
-1.9187780618667603
0.5671523809432983
-1.3981690406799316
-1.2756835222244263
0.6429600715637207
1.4286309480667114
-1.3524643182754517
-1.370263934135437
-1.314619541168213
-1.5179599523544312
-1.1902282238006592
-1.4036865234375
-1.7755143642425537
-1.5596908330917358
-1.5419570207595825
1.321535348892212
-1.516279697418213
-0.746250569820404
1.062504768371582
-1.3540918827056885
-1.1416922807693481
-1.4641655683517456
-0.944603681564331
-1.551633596420288
-1.1687638759613037
1.3056912422180176
-1.3793728351593018
-1.1486964225769043
-1.7488712072372437
1.0656636953353882
-1.4384526014328003
-1.7169893980026245
1.3838659524917603
-1.057715654373169
-1.2197070121765137
-1.6542521715164185
1.2280683517456055
-0.8732753396034241
0.9650157690048218
-0.6091495752334595
-0.7010401487350464
0.06037008762359619
1.2193663120269775
-1.0476866960525513
-1.0020537376403809
-1.1466355323791504
1.1234403848648071
-1.2119141817092896
0.4305450916290283
-1.2007397413253784
-0.13810433447360992
-1.554344892501831
-1.3186328411102295
-1.8050106763839722
-1.2390942573547363
-0.7739297151565552
-0.9101003408432007
1.343500018119812
-0.6654682159423828
-1.3417881727218628
-0.23603340983390808
-1.819146990776062
0.6624734997749329
-1.4562575817108154
-1.176491618156433
-1.76412832736969
-0.8219292759895325
1.5661457777023315
0.04832880571484566
-1.8323326110839844
-1.3498644828796387
1.4713398218154907
1.161295771598816
-0.3187209367752075
-1.2752128839492798
-1.717878818511963
-0.022058604285120964
0.3307318389415741
-1.5828644037246704
0.1463683843612671
-0.9436609148979187
-1.3139597177505493
1.0642527341842651
0.47345829010009766
-0.9709553122520447
-0.005362413823604584
-1.193579077720642
0.7282000780105591
0.2599104940891266
-0.07645400613546371
1.3889182806015015
1.1960011720657349
0.18233467638492584
-1.4063687324523926
-1.4448603391647339
-0.46235138177871704
-0.8702107071876526
0.3557584285736084
1.1460247039794922
1.061643362045288
1.389943242073059
0.36288055777549744
-1.0974587202072144
-0.9789000749588013
-1.290337324142456
0.7383064031600952
-1.1543289422988892
-0.7776574492454529
-1.7473185062408447
-1.3360501527786255
-0.7883222699165344
-1.1084977388381958
-1.4638938903808594
-0.23554745316505432
-0.7700892090797424
1.7030973434448242
-1.0966050624847412
-0.9968474507331848
-1.0077121257781982
-1.3640146255493164
-1.2329109907150269
-0.5192459225654602
-1.515145182609558
-2.008289337158203
-1.794008493423462
0.8130983710289001
-1.1964049339294434
-2.246157646179199
-1.449616551399231
1.4375181198120117
1.4892247915267944
1.3037086725234985
-0.9419852495193481
-1.0079784393310547
0.9197261929512024
-0.4042094945907593
-1.1557421684265137
-1.1550918817520142
-1.3874309062957764
-1.6784828901290894
-1.522597074508667
-0.13088561594486237
-0.9732674956321716
-0.31120598316192627
0.43567126989364624
-1.41531240940094
-1.3135584592819214
-1.111433982849121
-1.3499066829681396
-1.6387211084365845
-1.348597526550293
1.271494746208191
-1.030580759048462
-0.010608283802866936
-0.4316817820072174
1.5954829454421997
-1.358527421951294
-0.8566259741783142
0.11960374563932419
1.21371591091156
-1.8789371252059937
-0.8663915395736694
0.6793210506439209
-0.10042983293533325
1.1571635007858276
0.5956630110740662
-1.4034268856048584
-2.934414863586426
1.5477681159973145
-0.8684733510017395
-0.935161292552948
-1.038153886795044
-1.5227545499801636
-1.3373686075210571
-0.5040385127067566
0.12755471467971802
0.5939681529998779
-1.3401710987091064
-0.6357161402702332
0.4663264751434326
-1.6114675998687744
-1.4700921773910522
-1.2170112133026123
-1.2263319492340088
-0.9028923511505127
-1.30811607837677
1.8159161806106567
1.52445650100708
-0.3960151970386505
-1.5244908332824707
-0.4461069107055664
-0.7733243703842163
-0.4288218915462494
-0.9144788980484009
0.4375380873680115
-1.2110533714294434
-0.5706372857093811
0.29148513078689575
0.33960363268852234
-0.030125001445412636
-1.1244093179702759
-1.6192479133605957
-1.4839165210723877
-1.5242611169815063
1.3113631010055542
-0.14497500658035278
1.349425196647644
-1.7299985885620117
-1.7925175428390503
-0.45578399300575256
-1.2929131984710693
-0.19682423770427704
-0.8636041283607483
1.0379945039749146
-1.2283751964569092
-0.33543798327445984
-1.236432433128357
-1.4517945051193237
0.030093759298324585
-0.009053822606801987
0.41636568307876587
-1.3954522609710693
1.2885754108428955
-1.562416911125183
-1.3746696710586548
1.4242526292800903
-1.7046148777008057
1.4399170875549316
0.16035020351409912
-1.3196569681167603
1.2816778421401978
-1.7367446422576904
0.9309255480766296
0.1107136607170105
-0.4802408516407013
-1.4315294027328491
-0.0013373719993978739
-1.066519856452942
-0.9452664852142334
0.7974810004234314
-0.31145259737968445
-0.6849949955940247
-1.5369995832443237
-1.4661072492599487
1.259928584098816
1.346148133277893
-1.4053999185562134
-1.4047696590423584
-1.3120453357696533
-0.3977634310722351
-0.9192161560058594
-0.437346875667572
0.054137229919433594
-1.4509865045547485
-0.3271775245666504
-1.2249727249145508
-1.0326001644134521
-1.3182870149612427
-1.4497041702270508
-1.405829906463623
-1.27009916305542
-1.6148147583007812
-0.3292771875858307
-1.0697726011276245
1.349334955215454
-1.3291569948196411
-1.416633129119873
-0.6738649606704712
-1.4781392812728882
-0.6182910799980164
-0.8993718028068542
0.9665247797966003
