1.6656146049499512
1.3925942182540894
1.2710130214691162
1.6499122381210327
1.4650710821151733
1.634658694267273
1.0707032680511475
1.3176207542419434
1.3829233646392822
1.3560220003128052
1.5447393655776978
1.5434043407440186
1.371485710144043
1.602713942527771
1.3196468353271484
1.5608315467834473
1.2382696866989136
1.3085311651229858
1.300911545753479
1.5430545806884766
0.790107250213623
2.46553635597229
1.2918241024017334
1.3983923196792603
1.5605627298355103
1.369899034500122
1.679095983505249
1.110460877418518
1.3943452835083008
1.6192831993103027
1.7383228540420532
1.541538119316101
1.3512006998062134
1.3631542921066284
1.417484998703003
1.342367172241211
1.4857139587402344
1.2854915857315063
1.6336220502853394
1.4259899854660034
1.2984637022018433
1.1913909912109375
0.9705544710159302
1.5531470775604248
1.6953376531600952
1.540781855583191
0.9220982789993286
1.8844560384750366
1.9379576444625854
1.3908674716949463
1.5375102758407593
0.7943568229675293
1.0959440469741821
0.747200608253479
0.9107551574707031
1.429009199142456
1.2580363750457764
1.3938817977905273
1.2614625692367554
1.2864691019058228
1.4908475875854492
1.2012975215911865
1.5111465454101562
0.9671912789344788
0.7961711287498474
1.4838495254516602
1.9848371744155884
0.6712238192558289
1.3507474660873413
1.6235888004302979
1.7202261686325073
1.4366817474365234
1.0282889604568481
1.569848656654358
1.5897016525268555
0.650486409664154
0.576434850692749
1.5469069480895996
1.4802004098892212
1.134615421295166
0.9979419708251953
0.8303840160369873
1.1504745483398438
1.0000758171081543
1.4370967149734497
1.4036213159561157
1.509143590927124
1.4421323537826538
1.4167633056640625
0.7818423509597778
1.4057893753051758
1.4607157707214355
0.7960078120231628
1.3666938543319702
1.2925512790679932
1.3466538190841675
1.595719337463379
1.1346632242202759
1.5189470052719116
1.0878316164016724
1.2220391035079956
1.2753369808197021
0.8787777423858643
1.569051742553711
0.954969048500061
1.6188322305679321
1.9460701942443848
1.2384618520736694
1.623063087463379
0.8113676905632019
1.3515856266021729
1.4036500453948975
1.5810723304748535
1.5123852491378784
1.3417391777038574
1.5364704132080078
1.2830896377563477
1.307741641998291
1.4917763471603394
1.6197551488876343
1.4333654642105103
0.9802348017692566
1.2030192613601685
1.4757425785064697
1.465697169303894
0.635398268699646
1.59905207157135
1.8271205425262451
1.462594985961914
1.3900096416473389
1.1195061206817627
0.9160383939743042
0.5876639485359192
1.6400108337402344
1.3251605033874512
1.1551071405410767
1.5941627025604248
1.185007929801941
1.462518334388733
1.7048004865646362
0.3832998275756836
1.4525457620620728
1.4166929721832275
1.251153826713562
1.620615005493164
0.9175990223884583
1.139595866203308
1.1982752084732056
1.335819959640503
1.652910828590393
1.326301097869873
1.2632818222045898
0.7488718032836914
0.9618890881538391
1.3422324657440186
0.7221653461456299
1.397536039352417
1.5464273691177368
1.3290021419525146
1.6928390264511108
0.9801070094108582
1.6721765995025635
0.5106752514839172
1.4274064302444458
0.752846360206604
0.22920073568820953
1.3954628705978394
1.6038930416107178
1.1889630556106567
1.2169889211654663
1.3627938032150269
1.7409387826919556
1.7255609035491943
1.3540321588516235
0.9498214721679688
1.6012396812438965
1.5364612340927124
1.3703744411468506
1.4852573871612549
0.9490466713905334
0.05526162311434746
0.7527589201927185
1.606664776802063
1.5214595794677734
1.2803465127944946
1.4075546264648438
1.003675103187561
1.430659532546997
1.027469277381897
1.3716702461242676
1.397158145904541
1.504565954208374
0.7276960611343384
1.1523652076721191
1.118817925453186
1.4360212087631226
1.4997260570526123
1.4077705144882202
1.3478392362594604
1.5214238166809082
1.5067781209945679
1.4315310716629028
1.5804338455200195
1.1878660917282104
1.4020793437957764
1.046927809715271
1.393900990486145
1.573763370513916
1.4501421451568604
1.2487585544586182
0.663723349571228
1.2362632751464844
0.882235050201416
1.3583362102508545
1.3871115446090698
1.0065891742706299
1.5766661167144775
1.6760070323944092
1.434806227684021
1.3201022148132324
1.363646149635315
1.5359584093093872
1.0997164249420166
1.5278334617614746
0.8759958148002625
1.062516450881958
1.3346844911575317
1.3573265075683594
1.6659495830535889
1.2834725379943848
1.019405484199524
1.2260246276855469
1.5202409029006958
1.3871352672576904
0.7672884464263916
1.4875658750534058
0.8737428188323975
1.35297691822052
1.468460202217102
1.239859938621521
1.3579843044281006
1.4830220937728882
1.4096564054489136
0.7730791568756104
1.4031797647476196
1.2140740156173706
1.3539502620697021
0.9844952821731567
1.2660356760025024
1.2264318466186523
1.0228623151779175
1.5601351261138916
1.344735860824585
1.1955620050430298
1.4717909097671509
1.4303184747695923
0.2986464500427246
1.4678337574005127
1.3755730390548706
1.5174673795700073
1.3795369863510132
1.4649014472961426
1.400312900543213
1.103150486946106
1.2863398790359497
1.4702885150909424
1.4174575805664062
1.0039517879486084
1.3202931880950928
1.0035476684570312
1.230629801750183
1.0517746210098267
1.156245470046997
1.387242317199707
0.9057772159576416
1.2001686096191406
1.5125361680984497
1.4553874731063843
1.6093462705612183
1.3470178842544556
1.5863335132598877
0.6792590022087097
1.4770803451538086
1.5166490077972412
1.5296646356582642
1.5730483531951904
1.2870055437088013
1.0534812211990356
1.4097330570220947
1.232881784439087
1.3448258638381958
1.2017874717712402
1.297823190689087
1.5234184265136719
1.1241769790649414
1.541574478149414
1.572202205657959
1.6420838832855225
1.0112507343292236
1.2012155055999756
1.1040750741958618
1.4169509410858154
1.0584415197372437
1.484521746635437
1.372054934501648
1.0625967979431152
1.6432472467422485
1.3657282590866089
1.5874003171920776
1.0807898044586182
1.758925437927246
1.3692078590393066
1.4987847805023193
1.578338623046875
1.2210994958877563
1.5977681875228882
1.5651103258132935
1.1155755519866943
1.2959893941879272
1.340989351272583
0.6287914514541626
1.415673851966858
1.56074857711792
1.399575114250183
1.5246410369873047
1.0101956129074097
1.477810025215149
1.3755067586898804
1.3852816820144653
1.7340314388275146
1.4479798078536987
1.3216289281845093
1.4328299760818481
1.5398186445236206
1.2550735473632812
1.7109266519546509
1.5474224090576172
1.5039787292480469
1.4141653776168823
1.6172751188278198
1.6008821725845337
1.1514644622802734
1.4571751356124878
1.3891018629074097
0.9260973334312439
1.3324297666549683
1.3491932153701782
1.479954481124878
1.0918294191360474
1.6100298166275024
1.3339765071868896
1.5103720426559448
1.5625067949295044
1.4699187278747559
0.865738034248352
0.9735299348831177
1.3392691612243652
1.573238730430603
1.666245460510254
1.084094762802124
0.9981877207756042
1.0680811405181885
1.359845519065857
1.463198184967041
1.0693063735961914
1.4390507936477661
1.614858865737915
0.828044593334198
1.5583343505859375
1.3516650199890137
1.7411835193634033
1.640937089920044
1.464065432548523
1.2500492334365845
1.5798795223236084
1.5214059352874756
0.9624744653701782
0.8162468075752258
1.2680473327636719
0.1397406905889511
1.5425337553024292
1.2805405855178833
1.1301788091659546
1.5994306802749634
0.9500418305397034
1.7003024816513062
1.5520578622817993
1.6612005233764648
1.1110296249389648
1.7154018878936768
1.5776675939559937
1.0569113492965698
1.152708649635315
1.6355292797088623
1.4908348321914673
1.4469668865203857
1.3684104681015015
1.579312801361084
1.2587016820907593
1.620675802230835
1.0682072639465332
1.6444588899612427
1.5355453491210938
0.5708330273628235
1.5817145109176636
1.3233617544174194
1.639955997467041
1.5835247039794922
1.3779089450836182
1.5419063568115234
0.8671408891677856
1.3888384103775024
1.5237760543823242
0.8590197563171387
1.1359833478927612
1.2560580968856812
1.0712374448776245
1.496022343635559
1.2736650705337524
1.4464988708496094
1.2129459381103516
1.6520847082138062
1.6882703304290771
0.988122820854187
1.4055516719818115
1.4329402446746826
3.0215349197387695
1.2754682302474976
0.8454042673110962
1.205661416053772
1.201051115989685
1.6907166242599487
1.3428150415420532
0.6388823986053467
1.5125867128372192
1.5076433420181274
1.0739885568618774
1.3709471225738525
1.0006318092346191
1.522339105606079
1.2678111791610718
1.2967935800552368
1.325385332107544
1.4822965860366821
1.2454537153244019
1.5093114376068115
1.148989200592041
1.5405782461166382
1.481691837310791
1.210392713546753
1.1860601902008057
1.2206472158432007
1.5075464248657227
1.2003896236419678
1.4241188764572144
0.778914749622345
1.45270836353302
1.7070075273513794
1.3647840023040771
1.2691311836242676
1.4305825233459473
1.216805338859558
1.2661707401275635
1.5390231609344482
1.3684035539627075
0.9367128014564514
1.7503582239151
1.438157558441162
1.2500613927841187
1.077219009399414
1.0172210931777954
0.8573483824729919
0.6271458268165588
1.3598270416259766
0.6607245802879333
0.9592576622962952
1.5699290037155151
0.9180984497070312
1.3627169132232666
1.1383594274520874
1.43126380443573
0.938030481338501
1.3192025423049927
1.4541287422180176
1.4356995820999146
1.2793306112289429
1.1614083051681519
2.2140698432922363
1.3711026906967163
1.6458916664123535
1.2505356073379517
1.3615407943725586
1.3665623664855957
0.13319462537765503
0.478146493434906
1.7114405632019043
0.8186079859733582
3.11811900138855
0.9663642048835754
0.7284289598464966
1.24403977394104
1.5304298400878906
1.1888986825942993
1.486081838607788
1.36243736743927
0.9244881272315979
1.3297579288482666
1.2369320392608643
1.5062997341156006
1.3164745569229126
1.3612290620803833
1.482801914215088
1.2835904359817505
1.2486960887908936
1.7837042808532715
1.9607094526290894
0.88945472240448
1.568076729774475
1.3526703119277954
0.8865636587142944
1.284205436706543
1.1817071437835693
1.49576997756958
1.0880295038223267
1.3706319332122803
1.0980697870254517
1.0736669301986694
1.3444956541061401
1.7395676374435425
1.435021996498108
0.7788950800895691
1.2507822513580322
1.4895268678665161
1.352064847946167
1.3411496877670288
1.5476480722427368
1.5482685565948486
0.623870313167572
1.2691223621368408
1.5311468839645386
1.4826492071151733
1.0786110162734985
1.3992727994918823
1.5845838785171509
1.3808318376541138
1.35508131980896
1.9258906841278076
0.9474582672119141
1.5545309782028198
1.4355499744415283
1.6257476806640625
0.9937587976455688
1.0728468894958496
1.2904164791107178
1.649585485458374
1.2117048501968384
1.1487778425216675
1.2863705158233643
1.4328550100326538
1.5491973161697388
1.3452409505844116
1.3857674598693848
0.6871455907821655
1.2685033082962036
0.4808526635169983
1.176309585571289
1.4482309818267822
1.5685981512069702
1.2345020771026611
1.4891775846481323
1.6619399785995483
1.9803011417388916
1.0483049154281616
1.2605255842208862
1.5011361837387085
1.6062841415405273
1.8761311769485474
1.691676378250122
0.7942134737968445
1.3092565536499023
1.603769302368164
1.4589729309082031
1.460188865661621
1.6642905473709106
1.4559568166732788
1.1769990921020508
1.4937021732330322
1.5834518671035767
1.0059422254562378
1.5112961530685425
1.3231004476547241
1.3213996887207031
1.44899582862854
1.2110686302185059
0.9429677128791809
1.193814754486084
1.502647876739502
1.4180828332901
1.2714264392852783
1.1653993129730225
1.2338576316833496
1.4325419664382935
1.6330907344818115
1.458175778388977
1.5826683044433594
1.5384138822555542
1.4288911819458008
1.3987425565719604
1.252637505531311
1.6426854133605957
1.4541387557983398
1.5360182523727417
1.472700834274292
1.5050852298736572
1.0927798748016357
1.493693232536316
1.362037181854248
1.8173860311508179
1.1868939399719238
1.6775819063186646
1.5086326599121094
1.5871915817260742
0.9367831349372864
1.3063887357711792
1.2376264333724976
1.5626494884490967
1.3473842144012451
1.6000038385391235
1.5606387853622437
0.9087811708450317
1.043972373008728
1.5819851160049438
1.3491705656051636
1.5931025743484497
1.3534091711044312
1.2419228553771973
1.3752151727676392
1.3570722341537476
1.2025738954544067
1.0098215341567993
1.3611280918121338
1.309716820716858
1.640496015548706
1.5901304483413696
1.6141208410263062
1.6335294246673584
1.1787033081054688
1.1716694831848145
1.4404058456420898
1.5115495920181274
1.787909746170044
1.5160744190216064
1.439233660697937
1.5334805250167847
1.0965808629989624
1.3822475671768188
1.4293956756591797
0.5808711647987366
1.137290596961975
1.348678469657898
0.8664260506629944
1.5508962869644165
1.1980485916137695
1.1777262687683105
1.2272839546203613
1.533585786819458
1.471757173538208
1.2679548263549805
0.7490285634994507
1.3585968017578125
1.1951125860214233
1.3438667058944702
1.787716031074524
1.5288070440292358
1.3952819108963013
1.3453750610351562
1.546670913696289
1.6540426015853882
1.3429323434829712
1.2986719608306885
1.3822053670883179
1.360111117362976
1.5369948148727417
0.9554121494293213
1.6236672401428223
1.0454398393630981
1.2881536483764648
1.4833508729934692
0.7429401874542236
1.790747880935669
1.2061150074005127
1.54460608959198
1.4080597162246704
1.5813475847244263
1.3090059757232666
1.430385708808899
2.2618050575256348
1.253003478050232
1.3276118040084839
1.4611150026321411
1.8560675382614136
1.5029851198196411
1.3295087814331055
1.1407002210617065
1.477035403251648
1.364437222480774
0.9726337790489197
1.3352115154266357
1.447991132736206
1.7345901727676392
1.1823281049728394
1.5652419328689575
1.450425386428833
1.4710999727249146
1.095063328742981
1.1612411737442017
1.1467387676239014
1.19722318649292
1.170357346534729
1.3164722919464111
1.3642414808273315
1.5320117473602295
1.5821102857589722
0.9739793539047241
1.5529704093933105
1.1703161001205444
1.3833669424057007
0.7622032165527344
1.778415560722351
1.4547021389007568
1.4731687307357788
1.126918077468872
1.2976895570755005
1.5045268535614014
1.3971891403198242
1.6172455549240112
0.9426715970039368
0.9464830756187439
1.2946914434432983
1.2742326259613037
1.2393443584442139
1.2737998962402344
1.5286805629730225
1.3296421766281128
1.671510934829712
1.2676149606704712
1.459411859512329
1.4942238330841064
0.8661136627197266
0.9227591753005981
0.9609839916229248
1.606345295906067
1.6115355491638184
1.1345371007919312
1.3787497282028198
1.732508659362793
1.2132787704467773
0.7843514084815979
1.4102423191070557
0.915815532207489
1.5645959377288818
1.4873350858688354
1.4774774312973022
1.3626152276992798
1.5493229627609253
1.5467203855514526
1.5623887777328491
1.0111654996871948
1.4857401847839355
1.4660593271255493
0.827261209487915
1.4462677240371704
1.4029626846313477
1.329634666442871
1.3752059936523438
1.5682061910629272
1.3265752792358398
0.6692318320274353
1.4700000286102295
1.3640104532241821
1.0813353061676025
0.7592447996139526
1.3658620119094849
1.4501640796661377
0.9848378300666809
1.139933466911316
1.182176113128662
1.577344298362732
0.8310705423355103
1.3563153743743896
1.502032995223999
1.0307896137237549
1.1628631353378296
1.1287389993667603
1.0218416452407837
1.4564452171325684
1.2857284545898438
1.6383329629898071
0.9751304388046265
1.3560689687728882
1.4846408367156982
1.4568440914154053
1.2053754329681396
1.0213762521743774
1.6317732334136963
1.7821662425994873
1.2953404188156128
1.3176178932189941
1.1066279411315918
0.6214438676834106
1.5445644855499268
1.298279881477356
1.7814356088638306
1.3976762294769287
1.2329810857772827
1.3716248273849487
1.6482176780700684
1.7863045930862427
1.4431968927383423
0.6487926840782166
1.4252548217773438
1.6982433795928955
1.2714638710021973
1.59299635887146
0.895093560218811
1.4513827562332153
1.2975549697875977
1.4070743322372437
2.512110710144043
1.2351981401443481
1.68393075466156
1.549106240272522
1.1818010807037354
1.3493543863296509
0.8517205119132996
0.8936004638671875
1.543868064880371
1.4860808849334717
1.6184241771697998
1.2112480401992798
1.5672607421875
1.0944138765335083
0.9432348608970642
1.0571739673614502
1.5644956827163696
1.5136889219284058
1.4330930709838867
1.1996062994003296
1.2474730014801025
1.3805938959121704
0.7985078692436218
1.487215518951416
0.8082624673843384
1.4037419557571411
1.4320783615112305
1.3655692338943481
1.4174911975860596
1.1012670993804932
1.4344408512115479
1.5381981134414673
1.5821599960327148
1.3501404523849487
1.6023451089859009
1.4550621509552002
1.475326657295227
1.5992586612701416
1.4370396137237549
0.8478952050209045
1.321100115776062
1.9293627738952637
1.040763258934021
1.3870941400527954
1.4567084312438965
0.9029292464256287
1.6209406852722168
2.9855704307556152
1.8898231983184814
1.0683265924453735
1.5815937519073486
2.07647705078125
1.240228295326233
0.7671571373939514
0.8856508135795593
0.7939918041229248
1.375547170639038
1.6581004858016968
1.5999059677124023
1.8380978107452393
1.486230492591858
1.503358244895935
2.0573158264160156
1.5467705726623535
1.479827642440796
1.2365834712982178
1.3464499711990356
1.5004771947860718
1.1679584980010986
1.3108195066452026
1.2691682577133179
1.2390401363372803
1.3672162294387817
1.52455735206604
1.2820756435394287
0.7265445590019226
0.9717196226119995
1.8692172765731812
1.4555094242095947
0.5859717726707458
1.475929617881775
1.7363518476486206
1.0711606740951538
0.4999723732471466
1.5807706117630005
1.7246044874191284
1.259175419807434
1.1884413957595825
0.7493704557418823
0.995800793170929
1.3362232446670532
2.4929330348968506
0.6139676570892334
1.9295570850372314
0.830621600151062
1.259336233139038
1.3366219997406006
1.3824007511138916
1.4399096965789795
1.0198497772216797
1.2332937717437744
1.3885138034820557
0.972952127456665
1.6526175737380981
1.4125564098358154
1.1984643936157227
0.9112398624420166
1.8248469829559326
1.5622913837432861
1.3663591146469116
0.516513466835022
0.8780008554458618
1.5744391679763794
1.5502376556396484
1.482424259185791
1.5471874475479126
1.4227042198181152
1.7697917222976685
1.5338925123214722
1.5646384954452515
1.5004713535308838
1.49704909324646
1.6444611549377441
1.9608368873596191
1.3906899690628052
1.5648845434188843
1.0776549577713013
1.4290522336959839
0.6627910137176514
1.554381012916565
0.8220707178115845
1.453377604484558
1.6412014961242676
1.3029217720031738
1.6937617063522339
1.1119012832641602
1.0160096883773804
1.1266480684280396
1.3704367876052856
1.4552597999572754
1.450544834136963
1.6774590015411377
1.4471490383148193
1.7947689294815063
1.3570975065231323
1.382432222366333
1.6126291751861572
1.6060161590576172
1.5189170837402344
0.9468359351158142
1.4693472385406494
0.7028070092201233
1.3342790603637695
1.4574142694473267
0.5945358276367188
1.5050894021987915
1.3433464765548706
1.2850230932235718
1.519271731376648
1.4524822235107422
1.0913556814193726
1.4358505010604858
1.442740797996521
1.0393731594085693
1.4549087285995483
1.5654826164245605
1.6049184799194336
1.4230157136917114
0.7184722423553467
0.6415900588035583
1.400522232055664
1.1481202840805054
1.3393391370773315
1.167796015739441
1.252292513847351
1.7894281148910522
1.3725476264953613
1.363244891166687
1.6313440799713135
1.5230380296707153
1.1900417804718018
1.6846932172775269
1.5131144523620605
1.4832948446273804
1.2769306898117065
1.4500501155853271
1.1816208362579346
1.7459611892700195
0.8916610479354858
1.582216739654541
1.6101479530334473
1.702911615371704
1.3887391090393066
1.1250054836273193
1.0047608613967896
0.8270664811134338
