6.394181728363037
5.954684257507324
6.217071533203125
6.159592628479004
6.16982889175415
6.248434066772461
6.532999038696289
5.631258010864258
6.321700096130371
5.987972259521484
5.913283824920654
6.2523932456970215
6.130087375640869
6.322615623474121
6.154177188873291
6.183732986450195
6.287082195281982
6.152764320373535
6.236666679382324
6.0716328620910645
6.046587944030762
6.271783351898193
6.397947311401367
6.425539493560791
6.549959659576416
6.083823204040527
6.032655239105225
5.765274524688721
6.0415730476379395
6.420725345611572
6.001092433929443
6.1997785568237305
6.258957862854004
6.344919681549072
5.642523765563965
6.0652079582214355
6.177216529846191
6.10905122756958
6.2197980880737305
6.264543533325195
6.195396423339844
5.9265546798706055
6.181975841522217
6.315110683441162
6.260962009429932
6.45130729675293
6.351266860961914
6.026554107666016
6.7675652503967285
6.416853427886963
6.35453987121582
6.105349540710449
6.154545307159424
6.281167507171631
6.40313720703125
6.953751564025879
6.395683765411377
6.511806011199951
6.378442287445068
6.761494159698486
6.219117641448975
6.063962936401367
6.240866184234619
6.455452919006348
5.898981094360352
6.345080375671387
6.156394958496094
6.1217803955078125
6.398727893829346
6.001034736633301
6.421781539916992
6.238475799560547
6.180079460144043
6.122607231140137
6.238148212432861
6.2220001220703125
6.033132553100586
6.211082935333252
6.249598979949951
6.087332248687744
6.85566520690918
5.872121334075928
5.83606481552124
6.1510910987854
6.277254581451416
6.198607921600342
6.421406269073486
6.204666614532471
6.364173889160156
6.3319783210754395
6.00467586517334
6.181678771972656
6.640141487121582
6.265975475311279
6.214047908782959
6.381779670715332
5.930741310119629
6.143370628356934
5.9906721115112305
6.21052360534668
6.453924655914307
6.269618988037109
5.927298545837402
6.5749101638793945
6.026343822479248
6.187943935394287
6.330793380737305
6.258779048919678
6.344544887542725
6.195265293121338
5.965176582336426
6.190131187438965
5.966839790344238
6.481109619140625
6.1932373046875
6.093345642089844
6.810305118560791
5.969156265258789
6.457746982574463
6.292857646942139
6.147891044616699
6.256982803344727
6.429102420806885
6.249216079711914
5.838665962219238
6.510525226593018
6.066408634185791
6.261616230010986
6.485458850860596
6.014322757720947
6.584530353546143
6.203117847442627
6.288834095001221
5.9673261642456055
6.324491500854492
6.29676628112793
6.5360918045043945
6.3738298416137695
6.256063938140869
6.291604042053223
6.256628513336182
6.315033912658691
6.181018829345703
6.058193206787109
6.44711446762085
6.04817008972168
6.161482334136963
5.9274702072143555
6.133587837219238
7.65738582611084
6.209298610687256
6.007091999053955
6.286520004272461
6.160778045654297
6.2791829109191895
5.881222724914551
6.528258800506592
6.316410064697266
6.466517925262451
6.242743015289307
5.859703540802002
6.138055324554443
5.965766906738281
6.82314920425415
6.126573085784912
6.1851983070373535
6.235715389251709
6.317947864532471
5.989591598510742
6.714282512664795
5.982638359069824
6.136729717254639
6.138907432556152
6.523911952972412
6.329270362854004
6.2187299728393555
6.7292022705078125
5.849402904510498
6.147984027862549
6.276913642883301
6.394137382507324
6.23670768737793
6.1491780281066895
6.344662666320801
6.048802375793457
6.251482963562012
6.374632835388184
6.31160306930542
5.66588020324707
6.099690914154053
5.838109493255615
6.164472579956055
5.897647857666016
6.0983405113220215
5.8020806312561035
6.228000640869141
6.221617221832275
6.141849994659424
6.32839298248291
6.544559478759766
5.9106550216674805
6.314431190490723
6.284580707550049
6.192785263061523
6.360185623168945
6.3300347328186035
6.1829915046691895
6.614912033081055
6.187484264373779
5.8216352462768555
6.216870307922363
6.1587233543396
6.210323333740234
6.17295503616333
6.0956339836120605
6.317205905914307
6.132944583892822
6.444089412689209
6.128173828125
6.400652885437012
6.3216729164123535
5.958542823791504
6.083615303039551
6.047973155975342
6.374637126922607
5.991910934448242
6.25449275970459
6.1927924156188965
6.15032434463501
6.318210124969482
6.1541547775268555
6.41187047958374
6.288982391357422
6.109717845916748
6.442954063415527
6.12852668762207
5.982755184173584
5.9902496337890625
5.617192268371582
6.345649242401123
6.025130271911621
6.279250144958496
6.415278911590576
6.208878517150879
6.152432918548584
6.6787109375
6.048396110534668
6.185713291168213
6.099118709564209
6.16695499420166
6.020435333251953
6.823322772979736
6.235536098480225
5.826366901397705
6.321949481964111
6.097421169281006
5.804526329040527
6.195545196533203
6.0563459396362305
6.261697769165039
6.66224479675293
6.026877403259277
6.3195624351501465
6.29805326461792
6.290318965911865
6.393909454345703
6.355861663818359
5.966975688934326
6.223618984222412
6.466673851013184
6.40341854095459
6.311520099639893
6.187585830688477
6.058899879455566
6.26043701171875
6.0456624031066895
6.527428150177002
6.480724811553955
6.319624423980713
6.4316182136535645
6.335285186767578
6.3254899978637695
6.03088903427124
6.546142578125
5.904811859130859
6.228804588317871
6.320369243621826
6.1774091720581055
6.092550277709961
6.465785503387451
6.172613620758057
6.7661943435668945
6.283563137054443
6.188772678375244
5.786653995513916
6.607258319854736
6.280674457550049
6.193896293640137
6.238553524017334
6.075333595275879
6.227404594421387
6.027195453643799
6.111977577209473
6.166324138641357
6.603245258331299
6.503684043884277
6.431575298309326
5.809817314147949
6.328496932983398
6.168198108673096
6.605714321136475
5.92650032043457
6.203343391418457
6.104116439819336
6.165698528289795
6.057936668395996
6.2369513511657715
6.089704990386963
6.173802375793457
6.179446697235107
6.476362228393555
6.3559722900390625
6.171029090881348
6.302101135253906
6.465429782867432
6.610447883605957
5.691501140594482
6.181588172912598
6.197144985198975
6.284786701202393
6.051095962524414
7.154056072235107
6.1007490158081055
6.398601055145264
6.035425662994385
6.347073078155518
6.156355381011963
6.7196502685546875
5.961688995361328
6.145914077758789
6.527238368988037
5.903791904449463
6.199746131896973
6.219448566436768
6.021504878997803
6.196755409240723
6.831813812255859
6.1017889976501465
6.051941394805908
6.106249809265137
6.484238624572754
5.979243278503418
6.364424228668213
5.719233512878418
6.418149471282959
6.133383274078369
6.247712135314941
6.258900165557861
6.822628498077393
6.212531566619873
6.097568988800049
6.43687629699707
6.4611358642578125
6.130099296569824
6.326813697814941
6.223734378814697
6.3098907470703125
6.230855941772461
6.55694055557251
5.954793930053711
5.936770915985107
6.714381217956543
6.3175458908081055
5.501314163208008
6.017465114593506
6.504496097564697
6.265570163726807
6.208224296569824
6.1741437911987305
6.248410224914551
6.117946147918701
6.4107747077941895
6.0489044189453125
6.44282341003418
6.271891117095947
5.8869404792785645
6.457347869873047
6.640490531921387
6.124917030334473
6.265628814697266
6.326809883117676
5.985918045043945
6.303154945373535
6.1362080574035645
6.058367729187012
6.293553352355957
6.572041988372803
6.358516693115234
6.412240982055664
6.106937885284424
5.9409260749816895
6.117104530334473
6.492599964141846
5.975520133972168
6.207964897155762
6.436995029449463
6.3806843757629395
6.2064528465271
6.23450231552124
6.180581569671631
5.959066390991211
6.902889728546143
6.387093544006348
5.974514484405518
6.303231239318848
6.002395153045654
5.832825183868408
5.976650238037109
6.160952091217041
6.006033897399902
6.431385517120361
5.8289361000061035
6.321130275726318
5.787002086639404
5.8460516929626465
6.514068126678467
6.0767502784729
5.998904228210449
6.23960542678833
6.558887958526611
5.944519519805908
6.004244327545166
5.880039215087891
6.326775550842285
6.159810543060303
6.415983200073242
6.814439296722412
6.131504058837891
6.124001979827881
7.121799468994141
6.285594940185547
6.035154342651367
6.14992618560791
6.502884387969971
5.956826686859131
6.186868667602539
6.12211799621582
6.156527996063232
5.899825572967529
6.696939468383789
6.261998653411865
5.961197376251221
6.225214958190918
6.317453861236572
6.3672075271606445
6.33778715133667
6.3152875900268555
6.086095333099365
6.226644515991211
5.965051174163818
6.348161697387695
6.739082336425781
6.259222984313965
5.865391254425049
5.8231282234191895
6.202672958374023
6.0252299308776855
6.069318771362305
6.296932220458984
6.188965797424316
6.273864269256592
6.032301902770996
6.026073455810547
6.218966960906982
6.015038013458252
6.246413230895996
6.215935230255127
6.153262138366699
6.153388977050781
6.368650913238525
6.281155109405518
6.4384026527404785
6.830888271331787
6.179966926574707
6.025927543640137
6.2490620613098145
8.490377426147461
6.549867153167725
6.234841823577881
6.149643421173096
6.122392654418945
5.842689037322998
6.178799629211426
6.527352809906006
6.056062698364258
6.215505123138428
6.473081588745117
6.905754566192627
6.117459774017334
6.353233814239502
5.7534918785095215
6.299228191375732
6.220949172973633
6.283647537231445
6.410617828369141
5.974377155303955
6.150108814239502
6.561747074127197
6.049651145935059
6.129324436187744
6.828945159912109
6.393657684326172
6.273051738739014
6.20725154876709
5.9760565757751465
5.930613040924072
6.484562873840332
6.351434230804443
6.306036949157715
6.14250373840332
6.050397872924805
6.225746154785156
5.9821648597717285
6.358236789703369
6.334628582000732
6.446791172027588
5.958779811859131
6.042993545532227
6.148602485656738
5.6922149658203125
6.443663597106934
6.753375053405762
5.998681545257568
6.435708999633789
6.256026744842529
6.312264919281006
6.356342315673828
6.090603351593018
6.415792942047119
6.459697723388672
6.662221908569336
6.084231853485107
6.191539287567139
6.236581325531006
6.090282440185547
6.007270812988281
6.435126304626465
5.992527961730957
5.783235549926758
6.16860294342041
6.604251861572266
6.41797399520874
6.498505592346191
6.584384918212891
6.210499286651611
6.222350597381592
5.86301326751709
6.15474271774292
6.1940741539001465
6.510829925537109
6.453185558319092
6.417189121246338
5.963685035705566
6.3064446449279785
6.265345096588135
6.383458614349365
5.894619941711426
6.312992095947266
5.999325275421143
6.357711315155029
6.1911940574646
6.412824630737305
5.852473735809326
6.421955585479736
6.159382343292236
6.278554439544678
5.823227882385254
6.210883617401123
6.007275581359863
6.62859582901001
6.27845573425293
6.425650119781494
6.850542068481445
6.539215087890625
6.0115275382995605
6.703683376312256
5.960519313812256
5.939667701721191
6.141812801361084
6.471200466156006
5.812622547149658
5.89471960067749
6.199909210205078
6.375879287719727
6.206524848937988
6.101092338562012
6.058396339416504
6.292964935302734
6.151691913604736
5.698086738586426
5.952855110168457
6.006655693054199
6.507119178771973
6.234294414520264
6.311323642730713
6.415693283081055
6.577093601226807
6.4749016761779785
6.579620838165283
6.67473030090332
6.5777082443237305
6.9382853507995605
5.827085494995117
5.875365257263184
6.49060583114624
5.938771724700928
5.9373650550842285
6.218106269836426
6.094968318939209
6.290557384490967
6.58488655090332
5.743753910064697
6.398772239685059
5.924448013305664
6.235033988952637
6.470465660095215
6.0249152183532715
6.461101531982422
6.037363529205322
6.299959659576416
6.876189231872559
5.8299689292907715
6.146642208099365
6.283145427703857
6.139327526092529
6.068095684051514
6.250619888305664
6.473744869232178
6.063520431518555
6.169997692108154
6.083571910858154
6.139561176300049
6.099039077758789
5.83059024810791
6.450645446777344
6.2321343421936035
6.002244472503662
6.408679962158203
6.128431797027588
6.0756988525390625
6.352581024169922
6.489067077636719
6.335286617279053
6.105130195617676
6.486269474029541
5.997464656829834
6.1253814697265625
6.166670799255371
6.410919666290283
6.283130168914795
5.954269886016846
6.275669097900391
6.230851650238037
6.463825702667236
6.269829750061035
6.133647918701172
6.716514587402344
6.781530857086182
6.824715614318848
6.090529918670654
5.870830059051514
6.296630859375
6.092219352722168
6.287845611572266
6.2495646476745605
6.186521053314209
6.190594673156738
6.045009136199951
6.3607330322265625
6.400942325592041
6.033687114715576
6.226975440979004
5.816885471343994
6.608367443084717
6.441179275512695
5.9118123054504395
6.398073196411133
6.482510089874268
6.114801406860352
7.070737361907959
6.873568058013916
6.237505912780762
6.341640949249268
6.031957626342773
6.447573184967041
6.699610233306885
6.1738433837890625
6.22320556640625
6.251117706298828
6.216831684112549
6.158864498138428
6.297833442687988
6.376787185668945
6.075851917266846
6.413605213165283
6.293642044067383
6.28570556640625
6.133574962615967
5.894224643707275
6.145651817321777
6.479423522949219
6.002755641937256
5.916067600250244
5.858658790588379
6.124634742736816
6.455604076385498
6.474109649658203
6.498549938201904
5.987920761108398
6.786036491394043
6.65369987487793
6.307232856750488
6.100112438201904
6.232395172119141
6.177188873291016
6.672295570373535
6.342874526977539
6.2123284339904785
6.486201763153076
6.132270336151123
6.249405860900879
6.007656574249268
5.93632173538208
5.973394870758057
6.620432376861572
5.859578609466553
6.3839192390441895
5.931513786315918
6.437817096710205
6.158770561218262
5.999536514282227
6.186501979827881
6.381252288818359
6.47088098526001
6.148332118988037
5.839420795440674
6.192610263824463
5.959423065185547
6.537678241729736
6.927475452423096
6.3173980712890625
6.307460784912109
5.936875343322754
6.200890064239502
6.893179893493652
6.263747692108154
6.2216291427612305
6.319186210632324
5.938465118408203
6.212488651275635
6.280507564544678
6.469159126281738
6.137658596038818
6.296147346496582
6.567319393157959
6.883285045623779
5.985916614532471
6.247090816497803
5.98314094543457
6.093483924865723
6.059980869293213
6.326021671295166
6.414066314697266
6.342691898345947
5.971774101257324
6.151362895965576
6.265072822570801
6.198378086090088
5.852683067321777
6.405520439147949
6.07844877243042
6.449550628662109
6.02571964263916
6.1003241539001465
6.324265003204346
6.045193672180176
6.289154529571533
6.461479663848877
6.168179035186768
6.525276184082031
6.23845911026001
6.848315238952637
6.381972789764404
6.081751823425293
6.333768844604492
6.3657636642456055
6.155825138092041
6.447071075439453
6.0972819328308105
5.687427997589111
6.397617816925049
6.484489917755127
7.950989723205566
5.920356750488281
6.212085247039795
6.3352131843566895
6.128648281097412
6.058295726776123
5.992472171783447
5.965640544891357
6.24468994140625
5.832888126373291
6.4224443435668945
6.619207382202148
6.097711086273193
6.118324279785156
6.385132789611816
6.327641010284424
5.870413303375244
6.372916221618652
6.547478675842285
6.1561198234558105
6.2802276611328125
6.366077423095703
6.280099391937256
6.167300701141357
5.922542572021484
6.053638458251953
6.261937141418457
6.328883171081543
5.968277454376221
6.05950403213501
6.486012935638428
6.261419773101807
6.511667251586914
5.913856029510498
6.058807849884033
5.879570007324219
6.014588832855225
6.340513706207275
6.1441144943237305
6.170334339141846
6.298748016357422
6.138514518737793
6.606794834136963
5.816009521484375
6.331185817718506
6.130954742431641
6.723687648773193
6.198615550994873
6.225135326385498
6.230477809906006
6.346160888671875
6.188284397125244
5.755136966705322
6.039914131164551
6.231318950653076
6.024674892425537
6.437071800231934
6.877106666564941
6.189185619354248
6.396348476409912
6.2679877281188965
6.457769393920898
6.245092391967773
5.971306324005127
6.222825050354004
5.935016632080078
5.982144832611084
6.340569019317627
5.820443630218506
6.0998358726501465
6.590354919433594
6.1566009521484375
6.191524028778076
6.489454746246338
6.355437278747559
6.113999366760254
6.175230026245117
6.548144340515137
5.840693473815918
6.320598125457764
5.8126444816589355
6.376864910125732
6.2431182861328125
6.085139274597168
5.9666361808776855
6.276417255401611
5.926888942718506
5.756770133972168
6.225297451019287
6.302969455718994
6.2927069664001465
6.116589546203613
6.302191734313965
6.042035102844238
6.042247295379639
6.046543121337891
6.284386157989502
6.205209255218506
5.903014183044434
6.115313529968262
6.65080451965332
6.262544631958008
6.204987049102783
6.039318561553955
5.9655375480651855
6.312085151672363
6.280335903167725
6.072558879852295
6.1342597007751465
6.025762557983398
6.161049842834473
6.233999252319336
5.890020847320557
6.323079586029053
6.345647811889648
6.404229164123535
6.372310161590576
6.060623645782471
6.298438549041748
6.246667385101318
6.362519264221191
6.587361812591553
6.144372940063477
5.920233249664307
6.30679988861084
6.15281343460083
6.281126976013184
6.333569049835205
6.609067916870117
5.769978046417236
5.904368877410889
6.252562999725342
6.209834575653076
6.445120334625244
6.289392471313477
6.069000720977783
5.822051525115967
6.601439952850342
6.297612190246582
5.992372035980225
6.086142063140869
5.954419136047363
6.195524215698242
7.053918361663818
6.117763996124268
5.8455305099487305
6.007742881774902
6.188013076782227
6.349774360656738
6.249008655548096
6.437021255493164
6.027162551879883
6.528834819793701
6.003372669219971
6.249326229095459
6.1386566162109375
6.162018299102783
6.281269550323486
6.238481521606445
6.031410217285156
6.349867343902588
6.034188747406006
6.432165622711182
6.012122631072998
6.126873016357422
5.826134204864502
6.075322151184082
6.40673828125
5.913825035095215
6.041862487792969
6.25693416595459
6.247575283050537
6.1095685958862305
5.962947368621826
6.111882209777832
6.0560407638549805
6.194891452789307
6.47895622253418
6.289720058441162
5.933061599731445
6.238968372344971
6.33315896987915
6.000776290893555
6.098467826843262
6.254546642303467
6.591647148132324
6.270285129547119
5.904591083526611
5.897678852081299
6.0775065422058105
5.788385391235352
6.1453142166137695
6.121206760406494
6.561861991882324
6.511420726776123
6.828075408935547
6.238096714019775
6.16530179977417
6.25836706161499
6.275454998016357
6.088800430297852
6.224246501922607
6.447632312774658
8.038348197937012
6.337295055389404
5.952469825744629
6.118412494659424
6.288922309875488
6.824619770050049
5.764042854309082
6.142739295959473
6.566856384277344
5.895518779754639
6.628066062927246
6.08480167388916
6.338956832885742
6.439816474914551
5.979960918426514
5.891258239746094
6.1479716300964355
6.288449287414551
6.240688323974609
