0.6551703798574907
0.6293212145236928
0.6365608167368564
0.644039739570302
0.6287648873055022
0.6436978456054898
0.6660720137276156
0.6118597925729724
0.6405920492862676
0.6366134610795969
0.6967859072676944
0.6675751051993509
0.6316511407376698
0.623793186267516
0.6318290611494298
0.6547366001408237
0.625355033933979
0.6466091630708235
0.6728537423994079
0.667419284162256
0.6329318848070137
0.6679828805600014
0.6479079469991494
0.644963308813673
0.6549939995410755
0.6542662754476039
0.6552114313979255
0.6284731073976282
0.6107701306954554
0.6699461069423414
0.6945564881621278
0.6618981135639858
0.6596519176187822
0.6468331915940356
0.6743439053639979
0.6896371878217161
0.6649559390737283
0.6444574124668436
0.651803173742091
0.638214610997272
0.6511339729688244
0.6650389825537993
0.6475087013175472
0.6707417319133345
0.6408074382499102
0.6610131752934502
0.6646494219893463
0.6388175035853063
0.6588700406621183
0.6444907304453805
0.6310084124274892
0.6373373299041772
0.5946002552223748
0.6382384724097094
0.648973230606301
0.6354589445297
0.7024958324308753
0.6501848607184363
0.6733322183399915
0.7181436724513566
0.6809808206280129
0.6192556432513835
0.6465608587746603
0.646582245854773
0.6229053308312416
0.6606096241730659
0.6469546317875422
0.6566563309261116
0.6286859643532292
0.6152450423027352
0.6433418496668475
0.6819382688713617
0.6180988399574344
0.6463891603360629
0.6487751376329575
0.6494954322260811
0.6474985985022735
0.6441000086908883
0.6492821450617214
0.6005778349539187
0.6534158595627925
0.638083450690854
0.6197955745499024
0.6207915580271993
0.6689167864655119
0.6311845781398614
0.6601976558182593
0.6615024684289044
0.6301961768583082
0.6508957887307302
0.6389734199574538
0.6771593855376348
0.6460495706972931
0.6242389917254735
0.6464395520670899
0.6614779143751747
0.6638547108199697
0.610848685050424
0.6258618237918103
0.6401861928390004
0.6764267816597588
0.652907337806952
0.624090067140458
0.6711450522090289
0.671361004301596
0.6377326623047086
0.6819407599022232
0.6839761467073269
0.6434550098335912
0.6760959759387513
0.6458071115974662
0.6362212275011774
0.6266226549833301
0.6535661273602832
0.6790283214536311
0.6700152102921677
0.6444532736108585
0.6213218325835074
0.6856886547448513
0.6390200825163653
0.6347367601610191
0.6306216954200444
0.6644578863351208
0.6430842584841677
0.5831055022779361
0.6662996739519109
0.6508374539544843
0.6202575148035351
0.6818437777887726
0.6127622663732372
0.6541616142183125
0.6268547535191117
0.6362345775316411
0.666542167979429
0.6318310186321404
0.6561032183755001
0.6334893981946704
0.6577209706180387
0.654985536459307
0.6928016554035756
0.6289619381339994
0.6290094618366139
0.6762236416557502
0.6277107208675841
0.6413180494359276
0.6887097212961529
0.6077453250587518
0.6349010248470041
0.6272870997103542
0.7001106590269267
0.6594819780321038
0.6802559685688837
0.6282710174205418
0.6720569593083567
0.6645449609550642
0.6242969953746678
0.6234795059546658
0.639026495145451
0.6753841276722272
0.6590770824007486
0.6603219864141725
0.6576802116627498
0.6463333698485497
0.6874369989485744
0.6186286766866408
0.6213399155019805
0.6560110254684121
0.6259001075366663
0.6575944260866264
0.710152799390209
0.6287830405531385
0.6429657722116813
0.6477201108658236
0.6540499647081148
0.6498922880499647
0.6280089530215519
0.6587796147401613
0.6602685016248312
0.6412691374482923
0.6159571790333647
0.6473544954056774
0.6551066027225139
0.6246974792752032
0.661475864408365
0.6449931583485257
0.6562887687130712
0.6150633663779584
0.6445566908005782
0.6235440087223986
0.6403456621346741
0.655463620189649
0.651933859511341
0.636407353179897
0.647761979624291
0.6665667590341899
0.6692664815165025
0.6621873169881182
0.6394059382734755
0.6603643423906839
0.6716847800738129
0.6471935987714739
0.6092955325224725
0.6508632794140478
0.6538678127645672
0.6429790980826177
0.6749822806752338
0.6469151293705068
0.6971726861984625
0.6552339915925661
0.6504867627455863
0.643529296559346
0.63919958850056
0.6337109165065846
0.6539661637982078
0.640709067434442
0.6855564265006908
0.6269406809299727
0.6672197890676255
0.6425209699912006
0.6710163980475781
0.6386122236946875
0.6133824995494698
0.6619398509270081
0.6299322403314355
0.6356989980814253
0.6149136250790275
0.6912109278419927
0.6266927072976928
0.6359778096688392
0.6458393909006189
0.6373050408416433
0.6668866507058594
0.613616910593995
0.6154050664598337
0.6705575808848561
0.6558070829809962
0.6403698629932373
0.6072270717477611
0.6523324070475413
0.6684878029605789
0.6684292200404071
0.6488859494673802
0.6861659334801324
0.6482185415085453
0.6260791148718873
0.6254127196412531
0.6308276621875639
0.6164707520439314
0.6365268729890604
0.6468388817328131
0.6683297198531655
0.6508505041818101
0.6457209947978393
0.6211543607107795
0.6518150615841153
0.6680278959802619
0.6241306799491296
0.6768442389278054
0.6360103301163028
0.6369172806411386
0.6751189858151577
0.6497793087075134
0.6443893376262134
0.6330479885912086
0.6694939902764484
0.6703358571000142
0.6383107983252645
0.6351977578051508
0.6283013516625414
0.6775591716052988
0.6449160827339638
0.6138371282604005
0.6521529285679559
0.6474869536039165
0.6659462057947135
0.6472134223657195
0.6492706010037643
0.6425050834721836
0.6070840867072121
0.6640532645985784
0.6710293445168384
0.6431758716656376
0.645010300413581
0.6132683098272184
0.6371235042387566
0.6494444057173436
0.6196894919112871
0.6389566523187061
0.6142033838073919
0.6801658664043716
0.6470854907870839
0.6759010039488426
0.6521588236303618
0.6443208624356037
0.6039521310213006
0.6854067587402081
0.6228119561422206
0.6444900368200803
0.659930612319508
0.634528962417458
0.6226634560506673
0.6375494477785484
0.6227256025989313
0.6760306902808926
0.6658972454748485
0.6358587725222047
0.6479845977530414
0.660887396426145
0.6364787399924701
0.652952479707248
0.6308955706437412
0.6271036848354464
0.5921853790647829
0.6327268620695103
0.6656968465723202
0.6385049965199192
0.6213238951180401
0.6340711916595244
0.6150020689270451
0.6574796652822262
0.6419275679415614
0.6441020908245969
0.6713142812485233
0.6672079746937258
0.648402303452845
0.6391821973481302
0.6783435168857027
0.6544195813256154
0.6264996521363506
0.6629533465356139
0.6237401765802822
0.6561921056005738
0.6756792472636705
0.6362234291044375
0.6497293824113052
0.6530258001164088
0.6823805682864772
0.6583616350424192
0.635655631506015
0.648507894165003
0.6693765502042656
0.6561102816485592
0.6251922891454935
0.6287202366179431
0.6474356767378521
0.6187221528539697
0.6638878409081687
0.618180078766028
0.6593788904373598
0.6326275645220834
0.7056706109523084
0.6236439401820754
0.6314026098564133
0.6568535443548561
0.6605531398266309
0.6663900409618916
0.6161072955382678
0.6458837117470831
0.6524137455284504
0.6465667587294892
0.6491621502787324
0.6134967165954699
0.6835849528591316
0.6586751955835697
0.6371256559479712
0.6435923223995963
0.6371926359574873
0.6246680434814691
0.6675138749955801
0.6573794371518096
0.5964420533920327
0.6774449993696493
0.6276589916759093
0.6798098976160496
0.6415187470334831
0.631922140994786
0.6296937746251234
0.6246658488610586
0.6557572974810816
0.6675326040427526
0.653936951712964
0.6359681563052907
0.6213597725303315
0.6454162863337671
0.6401305833605433
0.6471346078991713
0.6576716472031441
0.6633467784993426
0.6497429135733492
0.6836146636379559
0.647322452792405
0.6394154232145134
0.6621146960199399
0.6228361923220889
0.6577970442236061
0.692678787653019
0.6667815121633509
0.6512933470638219
0.6601957373010839
0.6402291827081485
0.6507615742908939
0.6899659933472867
0.6551719719319317
0.6087172071330723
0.6694763844821358
0.6140128086941
0.646013911156521
0.6553568082209439
0.6644629097497853
0.6367807049711274
0.6365574224435274
0.684374694127402
0.6470486447488635
0.6496993147017517
0.6605019072347014
0.6807402302884662
0.6555154056790119
0.60337443831698
0.6408376906345621
0.6367692852911491
0.6696942542051918
0.6761285282479501
0.6422389200605342
0.6467737761832096
0.6298822312936393
0.6720955826371675
0.6700349146727305
0.6357868942268956
0.6463751901122082
0.6709930138259798
0.6720433896211561
0.6502560641186754
0.6361832369342908
0.6749749071260818
0.6640073513692634
0.6527921867223254
0.6828876539549106
0.6117802963378008
0.6457639161817206
0.7225898595057763
0.6235460878039781
0.6287999846912824
0.7291312479045439
0.6592836748852381
0.6523457471622801
0.6390079333226297
0.6478236966009707
0.6377464480030134
0.6637169428494141
0.6520980196711716
0.6413032484347337
0.6582891353023531
0.6597655100847757
0.6257061648238433
0.6427660132749914
0.6327750685182348
0.6396847647798071
0.614421184313472
0.6703435484268919
0.6148006649989749
0.6657373385484177
0.6379168753703561
0.693632484311787
0.6334355532405016
0.627770302675505
0.6432834089834562
0.6396758429094557
0.6087517224077927
0.6365864255114035
0.6444307290961722
0.6400368114405076
0.6320619118777435
0.6304746802900791
0.6334140516174535
0.6179593108911529
0.6356166459456359
0.6504548286159648
0.669481659591716
0.6947000020043771
0.6654393548825845
0.6878588873729758
0.6494509907484005
0.6887959151012855
0.6255557791556295
0.6606865379810772
0.6373471495698312
0.6550409995052733
0.7003971470169073
0.6213646167815381
0.6345646333308238
0.6217000732531051
0.6415851522869872
0.6426953711869342
0.6400457282791647
0.6441690625355503
0.6228503555759856
0.6579921040481531
0.665964911803836
0.6772931871384406
0.6589985788167931
0.6755087514094421
0.6010045878335198
0.6406947175213786
0.657009648570102
0.6619444657381458
0.6249441940188689
0.6501854336768181
0.7058758105595418
0.6495939864711815
0.6392938095479858
0.6442181244374563
0.6312604268789757
0.6557374822095879
0.6628523949213178
0.6415636915297112
0.614035159562819
0.6313756815744851
0.6661015660836079
0.6129812109714027
0.6104451449741465
0.6127865109532737
0.6637729334775615
0.6548756202145803
0.6582962203932414
0.6642207558941934
0.6427643209232231
0.6325460610561742
0.6241344283232401
0.6286961324607095
0.6415517066385829
0.6403357255557702
0.6498224435896511
0.6126596844048373
0.6642906567137714
0.6422113092097335
0.6669474022771594
0.6347522072650383
0.6225246628314697
0.6380769118180651
0.6940051965189148
0.6517404617867092
0.6633550899817829
0.6256791342714352
0.6700422536279941
0.6462564310163377
0.6466878341949711
0.6367309997878025
0.6448659647800169
0.6576132337079154
0.6560894549947608
0.7288300688451164
0.671588691033839
0.6617639913935326
0.663853880301936
0.6493172579326716
0.6540260649993253
0.614496240770405
0.6261369956541561
0.6263469827674467
0.6459573500729369
0.6498976304064622
0.6619118011877222
0.666957121121358
0.6678138783591955
0.6460707209956091
0.5949277097800375
0.6052886062892727
0.6202394483776584
0.6676561266941177
0.6486028996214863
0.6259004170350116
0.6741580637896505
0.6214270370954604
0.6542290594228434
0.6541815227797826
0.612945766946739
0.6619268617492813
0.6884657715729579
0.6698545512633705
0.638553000116712
0.6361452675227581
0.6635685695382463
0.687726686385499
0.6811089271627423
0.6381070601344898
0.6772612628626874
0.6733086489726023
0.66019878435517
0.6683293854112468
0.6445381032868364
0.6177472686290372
0.6195600618876096
0.5914563104161139
0.6453222664747502
0.6538230531331467
0.6182944458774494
0.6387324274038504
0.6464269660283953
0.6390309256515937
0.6058401736101118
0.6070480528952092
0.607290184538283
0.6501352406072778
0.656862074110505
0.6655541313305099
0.6330216010974494
0.6378410005159305
0.6595113060165047
0.6529195022359141
0.6066257480386413
0.6431770995736239
0.6590172785315782
0.6171144715574498
0.6689005689373041
0.7116339998840377
0.6363577124998018
0.6522815110902341
0.6075354082283017
0.6108615406552702
0.6478320692302101
0.7089418011117601
0.670506757140336
0.6542796216825029
0.6580627797086593
0.6771767695782198
0.6814427661274168
0.6513065711874371
0.6517105554556178
0.6305444228127337
0.6657551998976771
0.638024131320033
0.6571359655732658
0.6530245907273242
0.6626551678519845
0.6482019900334668
0.6205679733030387
0.6363967931519182
0.638233662842589
0.6495872881925756
0.6374835571337671
0.6804696424020725
0.6635370628839994
0.6170145452058567
0.5881827362373507
0.6329297423837985
0.6270713203225794
0.6201572058553291
0.623337236913232
0.6374068358543424
0.6276833968005159
0.673695768144738
0.6202055003321788
0.6530161477599966
0.6452739351216281
0.6641583190004088
0.6250540336140019
0.6718326030040505
0.6377880135844416
0.6551931461541083
0.6192044350266265
0.6272956751814968
0.6285242242977581
0.6330822836275659
0.6664365279015215
0.6471853790543163
0.6296176424867036
0.6509514857789085
0.6533100357045681
0.6169771592210963
0.66601755879141
0.6717999534390006
0.6221949916677881
0.6713494403713193
0.6733546803965036
0.6602062777913256
0.6129091295763898
0.6430048220262324
0.6567869358574412
0.6488288578991595
0.697830856532799
0.6004641632929298
0.6816424707425986
0.614438500251534
0.6597681525878191
0.6931143407113823
0.6396939427620195
0.6646563944422973
0.6377133618264237
0.5897310271014845
0.6461259114795351
0.639985892281908
0.6407100209829173
0.6389753089128234
0.6378055362050244
0.6518188565034156
0.6488487693262874
0.6500236330871189
0.637575741363658
0.6337136441398532
0.6337655609899014
0.6418412556456078
0.6369351547478026
0.6411023904030815
0.6486727835065251
0.6410133866684241
0.6339329450598422
0.6224989303901399
0.6705700028933332
0.6531367577402508
0.6513813350576596
0.6466949081357881
0.6386171937451591
0.6517226964940364
0.6499098970245122
0.6307128034926659
0.6516300210340377
0.6598223328598023
0.6329320966946299
0.6478057778907245
0.6628947465686427
0.6203644611109889
0.6413132164935058
0.6506106816455983
0.6470912247631209
0.6047761569222859
0.6678917920134431
0.6458265393627862
0.667337519376121
0.6550815814660088
0.6406815767193951
0.6277935404214611
0.6634594463827858
0.6389829579589593
0.6381535291879478
0.673156280215816
0.6218477730086291
0.6250143629331094
0.6284892300598748
0.6497572929909459
0.6375309130709494
0.6026774250847142
0.6244151104252159
0.6537445796428211
0.6445630714652921
0.677300667454092
0.6114817035071317
0.6559212504241965
0.6350105970729971
0.6990940565030398
0.6187616248917223
0.6211827635887236
0.6758395579326197
0.6353496607069792
0.6530780527134131
0.6885611501256158
0.6678231606460379
0.6250649998243639
0.6321997662352239
0.632089188116322
0.648843579093897
0.6763522747002954
0.6580781547922624
0.6537007005822867
0.6439570194067663
0.6638246768315493
0.6316690459076587
0.617789287333663
0.6790360898790735
0.625831942749341
0.6269723154143536
0.633906288814567
0.6265387768903822
0.6633952756535811
0.631792551806298
0.6710466430970635
0.654177741566433
0.6158130753488427
0.6814105551622371
0.6407555803404975
0.7018229281980458
0.6131349481909096
0.6567845536164473
0.6762389123257986
0.6451484830115786
0.6326839747893582
0.6680845513156851
0.6610289100580671
0.6666925169184795
0.6584047055688707
0.6423233462141089
0.6361823702919341
0.6501584353292199
0.6384202988259045
0.6378485930798462
0.6749125157283683
0.6491684627222459
0.6543571428924779
0.6569000029591923
0.6011596031993744
0.6329424320155732
0.6447058107676052
0.656403147493298
0.7303820151991514
0.6446994777422896
0.6635180638505515
0.6193649519058145
0.6532623409444259
0.6249685144123095
0.6330956998486523
0.6425884311394495
0.6950872341818389
0.6241375320554662
0.6312194465570286
0.6290920156650438
0.6542920338921301
0.6233379779819426
0.6530141625058817
0.6596058335706755
0.6512844011808838
0.6298339690440512
0.6570641016599993
0.6519787259843682
0.6317858534807151
0.6792048446674573
0.6105622544551235
0.6506340426385523
0.6463724236954318
0.6541328436820252
0.6401446200304345
0.6517432054180845
0.6342109588347487
0.6665854923380082
0.6434345146358205
0.6605784501030438
0.6417179886205265
0.6257882495731547
0.6385235729630683
0.6663393018753238
0.6589416623928883
0.6463423842576284
0.6725935405427266
0.6631428449927985
0.6530847836391903
0.6405464782974163
0.6486910917478721
0.6358378918593932
0.6284787977962373
0.647093251216396
0.6426118055056457
0.6258785136973507
0.6376168273016135
0.6294643800033917
0.6538582184172604
0.653527115779531
0.5802438783515831
0.6553325696208587
0.5904047598767758
0.6251444514237892
0.6682683581075792
0.6777314822440291
0.646431507173178
0.6435756751011563
0.6550108343786241
0.6608853446276376
0.641290631299012
0.6624681391342271
0.6549267923779583
0.647844535966639
0.6601124682834234
0.6573076225274629
0.625856728639247
0.6823840840383661
0.6508252964020126
0.6113512914003595
0.6319435519001378
0.6820307586773023
0.6574500426832959
0.617988246412449
0.60185319966005
0.6514569366711742
0.6539976758405236
0.6381141824954291
0.6435406194373547
0.6225828980013861
0.6874022507968931
0.6878992662206574
0.6097668935993495
0.6397122517443405
0.6262418671420614
0.6288552691723966
0.6050990651338587
0.6296832913241529
0.6341284604496065
0.6308738407330702
0.6418062445524894
0.6377862379320257
0.6585166123944319
0.6297768775986153
0.6501570830904778
0.6127985234590128
0.6254744739065676
0.63445463178719
0.63587625456998
0.6998570141192187
0.6365908027765342
0.6557311193807269
0.6897308272738527
0.6254330668204134
0.6149618467265935
0.6696234932633824
0.6525295342963162
0.6197985557579332
0.6461283791428415
0.6360685956643565
0.6227956625829641
0.6489941708225095
0.6513098428582493
0.6528342323465839
0.6591112665228333
0.5966411130332974
0.6437013874402279
0.6408748937613792
0.6598121249953145
0.6177798804092798
0.6392213617428593
0.653542255559025
0.6557664550246635
0.6423285195362125
0.6782532705121996
0.6550274640433382
0.6989856188963326
0.6376985706287006
0.6236593036419158
0.6537835098708188
0.6635124718328285
0.640326673128354
0.6424876194440168
0.6456423905016295
0.647486309216074
0.6569805037669998
0.6658664084715044
0.6653864158039491
0.6108307550548491
0.6299466934812502
0.6398553978089185
0.6672120617314262
0.6689583532245656
0.6403546212129756
0.6539653207219905
0.6395301635419806
0.6565969420182022
0.6524261932358042
0.6543637695733326
0.6071714622747268
0.6177726442161289
0.6551351712796013
0.6531057745554273
0.6460787011899807
0.652740596100104
0.653637030817061
0.6609809156005888
0.6487825333333749
0.635014398554262
0.6294465541603165
0.674653152079164
0.6544203327365621
0.637192191630065
0.6471757086651787
0.6349223822367179
0.6673228265531934
0.6526448230505646
0.6547453167861832
0.6323279994306619
0.6421731857226654
0.681429099067462
0.6449351445571025
0.6404865960200857
0.6341024939124192
0.6351236227554017
0.6541858734259334
0.6603809275017225
0.6643143441546744
0.6467743291241744
0.6454014407882709
0.6484853986950742
0.636643046740669
0.6205985159855911
0.6601831200904088
0.6571479836998466
0.6068571460112981
0.6394009510490211
0.6411095492159202
0.6372659925053126
0.6214726433644719
0.5958139643377527
0.6730761200522778
0.634776504000825
0.6830827695771244
0.6247784324822495
0.641868580616142
0.6492307116052656
0.6251203524106509
0.6175061968056175
0.6674622390367355
0.6336524811980792
0.7992358378711872
0.6655025448338484
0.6359378831567009
0.6433333722750334
0.64331382289103
0.6256747997482223
0.6532914007201636
0.664832542316001
0.6267003873704268
0.6357470963577163
0.6859251849344186
0.6252911707697215
0.6636161298505723
0.6642764124387509
0.6077814156004793
0.6595283870458652
0.6443068011108903
0.6849330193078639
0.6560881831166208
