-0.5598602890968323
-1.3321528434753418
-1.378656268119812
0.6273164749145508
0.3431926965713501
-0.615404486656189
0.46845242381095886
1.5668169260025024
-1.589448094367981
0.5517051815986633
-0.291533887386322
-1.4338270425796509
-1.8279228210449219
-1.8924849033355713
-1.10868239402771
0.05999727174639702
-0.20554184913635254
0.16472741961479187
-0.9317204356193542
-1.4052066802978516
-1.284490704536438
-0.4918503761291504
-0.2868831753730774
-1.5614317655563354
0.06687223166227341
-1.1625950336456299
-0.13054491579532623
-0.8015971779823303
-0.9723638296127319
0.10639109462499619
0.025944065302610397
-1.0659903287887573
0.715420126914978
-0.14906500279903412
1.6820989847183228
1.0852611064910889
0.40776756405830383
0.048688314855098724
0.30038347840309143
0.010461770929396152
-0.23308944702148438
-1.1242094039916992
1.8718743324279785
-0.5973612070083618
1.1242002248764038
-0.0743023008108139
-3.1111178398132324
-1.431265115737915
0.5288635492324829
-0.17213113605976105
0.3219754099845886
-1.0204291343688965
-2.6285789012908936
-1.777138590812683
0.42763662338256836
0.08911474049091339
-1.175153136253357
-0.0218588225543499
-1.5371981859207153
-0.6966186761856079
-1.007144570350647
0.9909636974334717
0.44289788603782654
0.7152125835418701
0.23992085456848145
-0.5489922761917114
-1.3098341226577759
0.7825726866722107
-1.6511554718017578
-0.07813922315835953
0.4138663411140442
0.8735424280166626
0.5002215504646301
-0.45567065477371216
0.3798470199108124
-0.17347656190395355
0.37330225110054016
-1.739367961883545
-1.1703147888183594
-1.3099955320358276
-1.2072631120681763
3.0199687480926514
-1.1090753078460693
-0.8834014534950256
-0.14231035113334656
-0.9109464883804321
-1.4618141651153564
-0.22382120788097382
-2.3815839290618896
1.0582152605056763
0.00017783656949177384
-0.6298847794532776
-1.306862711906433
1.7362252473831177
-0.2876546084880829
-0.7142001390457153
-0.814207136631012
0.33984512090682983
-0.4521469175815582
1.0236279964447021
-0.966532826423645
-1.1709529161453247
-0.705593466758728
-1.4360586404800415
0.7382953763008118
-0.40809816122055054
-2.5747616291046143
0.8379608988761902
-0.5630749464035034
-1.7878942489624023
2.3011138439178467
0.8103244304656982
0.2606791853904724
0.12509535253047943
-1.300034999847412
-1.6555230617523193
-3.1741244792938232
1.4722627401351929
-2.6889429092407227
-1.4621436595916748
0.0528021976351738
1.1909619569778442
0.2216135412454605
-0.9899313449859619
0.08721482753753662
-0.8762398362159729
-1.654761791229248
-1.0685392618179321
0.8726626038551331
0.01646631583571434
-0.31727516651153564
-1.1420106887817383
-1.6093881130218506
-0.7847330570220947
-0.7494351267814636
-0.06998791545629501
-1.996019721031189
0.9411079287528992
0.3444657027721405
1.6764198541641235
-0.5051491856575012
-0.6885358691215515
0.8483606576919556
-0.9279950857162476
0.4623328745365143
-0.47853195667266846
-0.6315671801567078
-0.6923716068267822
-0.6714255213737488
-3.2716338634490967
0.9821900129318237
0.2540171444416046
-0.3733125329017639
-0.14238643646240234
0.04413200542330742
-0.5319532155990601
-0.8723849058151245
-1.2665594816207886
-0.6136690974235535
-0.8408895134925842
2.234292984008789
0.0038745468482375145
0.15005454421043396
-0.5683408975601196
-0.032420720905065536
-1.5241533517837524
0.4766024649143219
0.6106761693954468
-3.465329170227051
-0.6722738146781921
-2.3682546615600586
-0.08476586639881134
-1.107723593711853
0.2938293218612671
-0.8884557485580444
0.7400259971618652
-2.1518070697784424
0.7816711664199829
-0.07905111461877823
-0.5647029280662537
1.6904046535491943
0.7715877890586853
-3.0095338821411133
0.43707793951034546
-0.6531087160110474
-0.7415152788162231
-3.017199754714966
-1.4578136205673218
1.2670639753341675
0.7214306592941284
-1.129348635673523
-0.02971860207617283
0.10330452769994736
1.1376973390579224
1.1509757041931152
-0.3980347514152527
1.059722900390625
-1.2871339321136475
-1.0609956979751587
0.19004420936107635
-0.9556057453155518
0.684165894985199
-2.2535529136657715
-0.8534476161003113
-0.4328047037124634
0.3105449974536896
-0.5674551725387573
-0.9420818090438843
0.9729743599891663
-0.8023380041122437
-0.9560508728027344
-0.6060003638267517
-1.3795310258865356
-1.749118447303772
-2.217890501022339
-1.789781928062439
-1.5060787200927734
2.297581434249878
-0.23127442598342896
0.32080578804016113
-2.443358898162842
-2.75980544090271
1.2583645582199097
0.043496571481227875
-1.3905953168869019
0.28530821204185486
0.7021318078041077
0.0921178087592125
-0.17007462680339813
-1.1985714435577393
-1.9245959520339966
-1.0559148788452148
-1.4473761320114136
-0.44256237149238586
-1.3554280996322632
-0.7022093534469604
-1.4965962171554565
-0.8435608148574829
1.0131521224975586
-0.5294936299324036
1.1367807388305664
-1.229570984840393
-0.28410404920578003
-0.7401960492134094
1.2907975912094116
-1.941487193107605
-0.5925800800323486
-0.43954601883888245
0.7688895463943481
-0.1627425253391266
1.1134819984436035
-0.8623390793800354
-0.2883644700050354
-1.1891666650772095
-1.5807924270629883
-0.5352476835250854
1.8745883703231812
-1.6086859703063965
-1.4524972438812256
-0.1380879133939743
-1.742197036743164
1.4674017429351807
0.7106319069862366
-0.957923173904419
-1.293527603149414
-0.8192989230155945
-0.35461729764938354
0.2852762043476105
-0.05421910062432289
1.7958626747131348
-0.9764371514320374
1.4913618564605713
-0.9517184495925903
0.8231850862503052
-0.49100035429000854
0.3783125579357147
-1.8392049074172974
0.43739306926727295
0.8579334616661072
-0.727940022945404
-2.625511884689331
-0.5834610462188721
-0.3277879059314728
-0.9085283279418945
0.09521909058094025
0.5854576826095581
-0.32835501432418823
-0.44056352972984314
0.07209958136081696
0.7388108968734741
-0.011387723498046398
-1.2737433910369873
0.08433327823877335
0.7892932891845703
0.11525925248861313
-0.24309413135051727
-0.6154332160949707
-0.4876859784126282
-0.4748539626598358
-1.1052045822143555
0.8191257119178772
-0.9832759499549866
-0.4751391112804413
-0.9511975646018982
0.5716810822486877
-0.4416811466217041
-1.0877752304077148
2.2771217823028564
-2.0262880325317383
-1.1039613485336304
0.47342225909233093
-0.7218352556228638
0.010864785872399807
-0.07462569326162338
-1.228143572807312
-0.16181084513664246
0.035475198179483414
0.06603063642978668
-0.6509791612625122
-2.6538503170013428
-0.9012289643287659
-1.288335919380188
2.544222354888916
-1.1441259384155273
-0.05426395311951637
-0.29258668422698975
0.42282527685165405
0.6216952204704285
-0.32288360595703125
-0.40610721707344055
-0.7148466110229492
-0.45174360275268555
-1.430181622505188
0.2463403344154358
1.0841814279556274
-0.3165091276168823
-0.22099590301513672
0.28144288063049316
0.2721959352493286
0.20866142213344574
-0.7970342636108398
1.208852767944336
-1.0115385055541992
1.5188040733337402
-0.27030929923057556
-1.7544409036636353
0.0841195359826088
-0.20730508863925934
-0.8074679970741272
-0.7413711547851562
-1.2825312614440918
-1.1184147596359253
-0.5842746496200562
-1.306043028831482
0.06749241054058075
-0.6242131590843201
2.0714728832244873
-0.34843572974205017
-2.5436182022094727
0.902570366859436
1.3971651792526245
-0.6922215819358826
-0.8762387633323669
2.6438663005828857
-1.1995147466659546
-1.3830711841583252
-1.446032166481018
0.5643341541290283
-0.4892311096191406
0.06603436172008514
-2.125718116760254
0.22566625475883484
-1.638300895690918
0.9442622661590576
1.4857134819030762
0.26969966292381287
0.6763263940811157
1.6670746803283691
0.37525850534439087
-1.1535884141921997
-0.9812862277030945
1.1057099103927612
-0.36158591508865356
-0.5329084992408752
-0.8352335691452026
0.22561785578727722
-1.0268088579177856
-0.24482311308383942
0.29361826181411743
-1.1673847436904907
-0.08037193864583969
2.0007472038269043
-3.25754714012146
0.567877471446991
-1.7957152128219604
1.7425774335861206
-1.3137198686599731
-0.4306017756462097
-0.1861000508069992
-0.4053606688976288
-0.7178316712379456
1.2516753673553467
-0.1532459259033203
1.462141513824463
-0.6227061748504639
-1.0017826557159424
-0.988560140132904
-0.3464311361312866
-1.173073649406433
-0.5862844586372375
1.258351445198059
-0.8447664976119995
-1.364666223526001
-1.2083795070648193
-0.6071136593818665
-0.6911472082138062
-0.956683874130249
-0.3383866846561432
-0.6048179268836975
-1.8417904376983643
-0.5314320921897888
1.9940117597579956
0.2920357882976532
-0.9577016830444336
0.5348608493804932
-2.3831276893615723
0.7914646863937378
-0.6136422157287598
-0.8420621752738953
-1.9192825555801392
-0.9960131645202637
0.4418458640575409
-0.5591655969619751
-1.497159719467163
-1.436454176902771
-0.0007348970393650234
-0.09670878946781158
0.42931869626045227
1.9158128499984741
-1.3702192306518555
-0.3730177879333496
-2.025968551635742
-0.31780770421028137
0.8863670825958252
0.16513951122760773
-0.8307242393493652
0.41226980090141296
-0.5147227048873901
1.1721209287643433
-1.3778367042541504
0.6740731000900269
-1.222585916519165
-0.3734299838542938
-0.4644286334514618
-0.3606163561344147
1.7965848445892334
0.8428561091423035
-0.470992773771286
-0.38437381386756897
-2.012354850769043
0.7630665302276611
1.0144321918487549
0.010851830244064331
-0.4825914800167084
-0.4287621080875397
1.2312514781951904
1.3673101663589478
-1.3205596208572388
0.5578723549842834
0.009032799862325191
-0.6014677286148071
-0.4480528235435486
-2.53055739402771
-1.0795611143112183
-1.2748661041259766
-0.8675807118415833
-0.8388829827308655
-1.9150131940841675
-1.5333452224731445
-0.11901508271694183
0.7380071878433228
-0.7964478135108948
-0.3333134949207306
-0.897502064704895
-1.4507668018341064
-1.8333014249801636
1.4727013111114502
-0.9185189008712769
-0.9450212121009827
-0.6451955437660217
-0.4970380663871765
1.8078340291976929
-0.42052045464515686
-0.42928725481033325
1.6863393783569336
-0.35408225655555725
-0.028892194852232933
0.8003508448600769
0.03341871127486229
-0.015750350430607796
-1.0615334510803223
0.5671645402908325
-2.2912964820861816
0.49633273482322693
-0.0324493944644928
0.4672364294528961
0.33202454447746277
-1.5160925388336182
-1.1570709943771362
-0.9868159294128418
-2.192582130432129
-1.2775335311889648
-1.2676199674606323
1.442162036895752
0.05665500462055206
0.6134470701217651
-1.1297099590301514
3.0658164024353027
-1.036469578742981
-1.2445026636123657
-1.5900599956512451
-2.8577823638916016
0.22520992159843445
-1.9074110984802246
-2.2343385219573975
-1.0974266529083252
-2.671663761138916
-0.6763710379600525
-0.9406142234802246
-0.7454221844673157
0.48237743973731995
-1.978235125541687
-1.0957574844360352
-1.1839491128921509
1.792492389678955
-1.121082067489624
0.5654832124710083
-0.9627479910850525
-2.1228578090667725
0.7684471607208252
-0.8630802631378174
0.3969290256500244
-0.3024298846721649
0.12075619399547577
-1.679127812385559
-1.126153826713562
-1.2946456670761108
0.5831233859062195
0.8151811361312866
-0.3626946806907654
0.4914473295211792
0.5864291787147522
-0.6637644171714783
-0.37804797291755676
-0.9621055126190186
-1.0472636222839355
0.7710330486297607
-0.14420507848262787
0.9432969689369202
-1.6204742193222046
-0.13363341987133026
-1.1250364780426025
0.8793612718582153
-0.5382814407348633
-0.6125589609146118
-0.7818700671195984
0.22117477655410767
-0.45028412342071533
0.307684063911438
-0.298038512468338
0.3626260757446289
0.8504701256752014
0.33173272013664246
-1.551594853401184
-0.39659690856933594
-0.5601579546928406
-1.2498507499694824
0.18671345710754395
0.39999938011169434
0.5423607230186462
-1.413642168045044
-0.1431635320186615
-1.294224739074707
0.34433868527412415
0.4914235770702362
-0.21863529086112976
-0.48069751262664795
-1.1902662515640259
-0.03209291398525238
-0.5483654737472534
-0.3493933379650116
-2.232027530670166
-0.4032471477985382
-1.2660377025604248
-1.6809560060501099
0.6691608428955078
0.3001176714897156
-0.39529991149902344
0.6986585259437561
1.5665339231491089
-0.5456634163856506
0.1111421287059784
-1.4768460988998413
0.6798406839370728
0.3875558078289032
0.599742591381073
0.552833080291748
-1.3800630569458008
-1.229748010635376
1.8040165901184082
-1.4942578077316284
-0.4205622375011444
-1.3084431886672974
0.5600976347923279
-0.28317397832870483
-0.9729577302932739
-0.1119132786989212
-2.0995469093322754
-0.10690060257911682
-0.1741536259651184
-2.171116590499878
-2.668325424194336
-0.04153095930814743
0.17857249081134796
-0.599182665348053
-0.2585929334163666
-0.4280993640422821
-0.7719368934631348
-1.2670023441314697
-2.0266942977905273
0.08449581265449524
-1.19685959815979
-0.15442298352718353
-0.4330008327960968
-0.5585036277770996
0.330469012260437
0.29127809405326843
-0.9393947720527649
-0.9611961245536804
-0.1936478167772293
-0.9763421416282654
-0.11958931386470795
-0.6484667062759399
-0.39544540643692017
-1.908927321434021
-1.4461246728897095
-1.332539439201355
-0.08159065991640091
0.7107321619987488
-2.3596999645233154
-0.8711317777633667
-0.25879207253456116
-0.5947121977806091
-0.9440550208091736
-0.5005484819412231
0.5766155123710632
-1.2513177394866943
0.6098794937133789
0.8733156323432922
1.0281479358673096
-0.8066226840019226
-1.318671464920044
0.6398245096206665
-0.8509815335273743
-1.150486707687378
0.3535100221633911
-0.9630244970321655
-0.10831280052661896
-0.8017069697380066
0.2834842801094055
-1.161476492881775
0.6759024262428284
0.8873414397239685
-0.6864356994628906
0.5517295002937317
-1.3772393465042114
-0.009433195926249027
1.2919952869415283
-0.3353075683116913
0.5006495118141174
-0.6284606456756592
-1.4556987285614014
-0.5231497287750244
-0.22230768203735352
-0.5011981129646301
-1.8489882946014404
0.4689737856388092
-1.68071711063385
0.36452046036720276
0.2003975510597229
-0.7093519568443298
1.837333083152771
0.5569136738777161
0.19405418634414673
-2.4076764583587646
-1.373211145401001
0.6350240707397461
0.585410475730896
-0.2333821952342987
0.7374394536018372
0.15366041660308838
0.14405199885368347
-0.370548814535141
1.4725788831710815
2.338454008102417
1.0929063558578491
0.49939393997192383
0.13726624846458435
-0.9220725297927856
-0.3248007297515869
-2.3811872005462646
-1.0318334102630615
0.28094637393951416
-0.2892957031726837
0.6424962878227234
1.3663647174835205
-3.1012566089630127
1.1220706701278687
-3.240859270095825
0.13718535006046295
-0.398807168006897
-0.29722875356674194
1.2565867900848389
-1.134432315826416
-0.1796802431344986
0.38318246603012085
-1.6857062578201294
-3.152768611907959
-0.5019848346710205
-0.22031453251838684
-0.4951680600643158
-1.407995581626892
-2.5730338096618652
-1.3282077312469482
-0.24650974571704865
0.22867272794246674
-0.4433687627315521
0.8777934908866882
-2.0531325340270996
-0.6135133504867554
-0.07883946597576141
-2.61328387260437
-0.714579164981842
2.248534917831421
0.2822630703449249
-0.43478095531463623
-1.9403899908065796
0.5897090435028076
-0.31976068019866943
-0.9757402539253235
1.2246277332305908
0.9711632132530212
-1.2446035146713257
-0.736652135848999
-1.4314416646957397
0.8530851006507874
-1.36225163936615
-0.3927016854286194
-1.2472747564315796
-0.7355816960334778
-1.2937276363372803
-1.5228670835494995
0.10008905082941055
0.6918022036552429
0.20105375349521637
-0.41587701439857483
1.1572433710098267
-0.9083831310272217
1.5507276058197021
-1.8309783935546875
-0.4317103624343872
-1.208947777748108
0.7094988822937012
-2.8457589149475098
0.6079176068305969
0.23937411606311798
-1.6458784341812134
1.54994535446167
-1.8251097202301025
0.6328080296516418
-2.61755108833313
-1.0708199739456177
1.2344210147857666
-0.5540120005607605
-2.4420759677886963
0.5903633832931519
-1.3362641334533691
-0.32785072922706604
1.1407779455184937
-1.200466275215149
-0.4192514419555664
0.25762617588043213
1.3495787382125854
-0.5207859873771667
-0.5212327241897583
-0.8102574348449707
-0.8312163949012756
0.33107465505599976
-0.8744261860847473
-2.7909417152404785
-0.44167909026145935
-0.34660789370536804
-1.7402172088623047
1.204166054725647
-0.6550369262695312
0.10635609924793243
0.7132271528244019
-0.8602785468101501
-0.7886998057365417
-3.3660688400268555
-0.5537009835243225
-0.8788877725601196
2.3252267837524414
-0.4685561954975128
0.19451285898685455
0.032391663640737534
0.08852537721395493
2.4557089805603027
0.8027271032333374
-2.4103777408599854
0.4028589725494385
-0.015586284920573235
-1.2121843099594116
-0.861996054649353
-1.2568765878677368
-1.4462180137634277
0.851772129535675
-1.0375113487243652
0.8690752387046814
0.3228154182434082
-1.4401737451553345
-0.008389088325202465
-1.2881568670272827
0.3912146985530853
-1.9393212795257568
-0.08297895640134811
-0.5513155460357666
0.3717425763607025
1.3368250131607056
-0.4861772358417511
-0.6364505887031555
0.5521538853645325
-0.7362911105155945
-0.5190427303314209
-1.5056103467941284
-0.44140878319740295
-0.5276734828948975
0.8480700850486755
-0.4405134618282318
0.29217708110809326
-2.3433964252471924
-1.8480947017669678
0.704552948474884
0.9600176215171814
-1.4399008750915527
-1.0728497505187988
0.19657325744628906
-0.4929426610469818
-1.1840386390686035
0.06850943714380264
-1.237069845199585
-1.476986289024353
-0.145632803440094
-2.4231181144714355
0.9118729829788208
-1.2385375499725342
-0.7520132660865784
2.1304993629455566
0.8331860899925232
-0.6019195318222046
-0.8497480750083923
-1.0576797723770142
-1.2846794128417969
-0.6688552498817444
0.7025529146194458
-1.040454626083374
-1.0903735160827637
-0.5213543176651001
0.09506355971097946
-1.1312769651412964
1.1829839944839478
-1.8131312131881714
2.002108573913574
-2.8009228706359863
0.27923864126205444
1.909085988998413
-0.4060267508029938
0.06347803771495819
-0.31777772307395935
0.1543881744146347
-0.2882876992225647
-1.0341503620147705
0.0860716924071312
-0.9052178263664246
-2.688394784927368
-0.8206512331962585
1.436690330505371
0.13702309131622314
0.5025746822357178
-0.9330568313598633
-1.8182569742202759
-0.24261343479156494
-0.9477216005325317
-2.0195586681365967
-1.124361515045166
-0.7585304379463196
-1.3900190591812134
0.3600826561450958
-0.31390705704689026
0.43685418367385864
-0.7289732098579407
0.5683806538581848
-0.3026333451271057
-1.297643780708313
1.1161476373672485
-0.5173160433769226
-0.6753939390182495
-0.5681090950965881
-2.1063077449798584
-0.30198970437049866
-0.5920059680938721
-1.7139495611190796
-3.553422689437866
-2.23644757270813
-0.5119672417640686
-0.38387778401374817
-0.4156836271286011
0.28283825516700745
-1.286502480506897
1.489449381828308
0.6884064078330994
-0.6646298766136169
-0.046257033944129944
-0.3634249269962311
-1.3960798978805542
-0.42079779505729675
-2.352544069290161
-1.1400723457336426
0.7371209859848022
-0.8702694773674011
0.8436751961708069
-1.726824164390564
-0.5600916147232056
0.23450380563735962
-0.4229781925678253
-1.029994010925293
-1.0593273639678955
0.09953229129314423
-1.0837939977645874
-0.3748435974121094
-1.188825011253357
-1.5937803983688354
-1.9649547338485718
-0.22829435765743256
0.580220103263855
-0.9775040745735168
-0.5465734004974365
0.40784209966659546
-0.6052664518356323
-0.996791422367096
-0.24523048102855682
0.26114794611930847
-0.2583019435405731
0.2514055669307709
-0.569450318813324
-1.7178075313568115
-1.1656923294067383
0.653806746006012
0.7525090575218201
-1.228989839553833
-0.10618293285369873
-0.02711542695760727
-0.6039025187492371
-0.24725398421287537
0.6783201694488525
0.5576706528663635
-2.912677526473999
1.6278547048568726
-0.7989665865898132
-0.9848430156707764
-1.4443492889404297
-1.8182708024978638
1.436251163482666
-0.8681774139404297
0.07325022667646408
-0.0278430487960577
-1.2900797128677368
0.44803473353385925
1.7957977056503296
-0.20693376660346985
-0.1393420249223709
0.671460747718811
0.8172340989112854
-0.785457968711853
0.2497275322675705
-0.008993938565254211
-0.7396309971809387
-0.6262203454971313
-1.8968442678451538
0.03602219372987747
-2.210739850997925
0.30430835485458374
1.1372578144073486
-1.5035853385925293
-0.5297712683677673
0.09559475630521774
0.16283714771270752
0.27623122930526733
0.4002757966518402
-1.936732530593872
-0.21707814931869507
1.1685181856155396
-1.6002076864242554
0.3548026382923126
-1.1333099603652954
-1.1224092245101929
0.645902693271637
1.2079910039901733
0.4813126027584076
-0.6900491714477539
1.422175407409668
0.5405717492103577
-2.010206937789917
0.6239334344863892
