-5.456665515899658
-5.103854179382324
-5.1413493156433105
-4.875887393951416
-5.575034141540527
-5.310422420501709
-5.579003810882568
-4.097404956817627
-5.458764553070068
-4.9935503005981445
-4.34152364730835
-5.313135147094727
-4.961816787719727
-5.702741622924805
-5.480678081512451
-4.836860656738281
-5.377712249755859
-5.034886837005615
-5.29698371887207
-5.064634799957275
-5.021498203277588
-5.1926398277282715
-5.520013332366943
-5.87197208404541
-5.870326519012451
-5.014307022094727
-4.903829097747803
-4.691995620727539
-5.279136657714844
-5.34360408782959
-3.4911484718322754
-5.284575462341309
-4.8469343185424805
-5.067604064941406
-3.7419373989105225
-4.906836032867432
-5.052840232849121
-5.184340000152588
-5.0474748611450195
-4.823389053344727
-5.665826797485352
-4.795042037963867
-5.242997646331787
-4.794287204742432
-5.16391658782959
-5.873077392578125
-5.210992813110352
-4.941961765289307
-5.417491436004639
-5.848161697387695
-5.411242961883545
-4.8721418380737305
-5.254395008087158
-5.0577168464660645
-5.29173469543457
-6.181606769561768
-4.741130352020264
-5.143450736999512
-4.995826721191406
-5.278276443481445
-5.067487716674805
-4.9683837890625
-5.529172420501709
-5.354135990142822
-4.598153114318848
-4.971440315246582
-5.224342346191406
-4.9187331199646
-5.585512638092041
-4.927295684814453
-5.011917591094971
-4.695613384246826
-5.357980251312256
-4.991611480712891
-5.103090763092041
-5.212646961212158
-4.678472995758057
-5.488980293273926
-5.265005111694336
-5.6635589599609375
-5.484731197357178
-5.026668548583984
-4.622824192047119
-5.296819686889648
-4.883772373199463
-5.338686943054199
-5.368167400360107
-4.960172176361084
-5.120824813842773
-5.251972198486328
-4.639048099517822
-4.623062610626221
-5.849155426025391
-5.0273919105529785
-5.398386001586914
-5.652581691741943
-4.4057512283325195
-6.085782527923584
-5.2275848388671875
-5.139370918273926
-5.5486650466918945
-4.602142333984375
-4.47166109085083
-5.715340614318848
-4.609926223754883
-5.073957920074463
-4.882147789001465
-4.4382853507995605
-5.467574119567871
-5.052043437957764
-4.557891845703125
-4.95564079284668
-5.333254814147949
-5.572635650634766
-5.083978652954102
-4.6259236335754395
-6.117462158203125
-5.065401077270508
-5.6635637283325195
-5.019174575805664
-4.8042120933532715
-5.719142436981201
-5.127248764038086
-5.286134719848633
-5.309521198272705
-5.402740478515625
-4.634938716888428
-5.3345417976379395
-5.267933368682861
-5.082835674285889
-4.792393684387207
-5.315341472625732
-5.195121765136719
-4.686258792877197
-5.4087605476379395
-5.273502349853516
-5.663273811340332
-4.843683242797852
-5.280040264129639
-4.794095993041992
-4.6799750328063965
-5.267991542816162
-5.077023983001709
-5.329047679901123
-5.310234069824219
-4.784149169921875
-5.201932430267334
-4.564732074737549
-4.859787940979004
-5.798357963562012
-5.285661220550537
-4.876070976257324
-5.701739311218262
-4.758151054382324
-5.09571647644043
-4.986823081970215
-5.68539571762085
-5.743471622467041
-4.723453044891357
-5.056567192077637
-4.659519672393799
-5.238959789276123
-4.89118766784668
-5.529813766479492
-4.875327110290527
-5.6988525390625
-5.125226020812988
-5.353636264801025
-4.96176815032959
-5.038574695587158
-4.635166645050049
-5.22796630859375
-5.037378787994385
-5.387619972229004
-4.835203647613525
-5.413103103637695
-5.511379241943359
-4.94438362121582
-5.179511547088623
-5.3123626708984375
-5.1778364181518555
-5.281440258026123
-5.506454944610596
-5.042966365814209
-4.5761003494262695
-5.320803165435791
-5.821620941162109
-5.636601448059082
-4.180399417877197
-4.918652057647705
-4.196171760559082
-5.131801128387451
-4.358554840087891
-4.87291145324707
-4.248024940490723
-5.344167232513428
-4.863053798675537
-5.3210015296936035
-4.878358840942383
-5.181405544281006
-4.787026882171631
-5.789813041687012
-5.202157974243164
-4.867074012756348
-5.462063789367676
-5.060371398925781
-5.241584777832031
-5.244602203369141
-4.995311737060547
-4.603051662445068
-5.453493595123291
-5.18787145614624
-5.4449663162231445
-4.965555667877197
-5.24770975112915
-4.8367767333984375
-5.185909271240234
-5.457861423492432
-4.844391822814941
-4.94222354888916
-5.410438060760498
-5.423209190368652
-4.4028472900390625
-5.33885383605957
-5.461099147796631
-4.525547504425049
-5.322813987731934
-5.184859752655029
-5.205604076385498
-5.500158309936523
-5.118519306182861
-5.256540775299072
-5.685476303100586
-5.275224208831787
-5.244792461395264
-4.701968193054199
-4.713977813720703
-5.218842506408691
-4.36184024810791
-5.217487812042236
-4.875732898712158
-5.336726665496826
-5.172534942626953
-5.210704803466797
-5.162573337554932
-5.921144962310791
-5.208028793334961
-5.312593460083008
-5.116958141326904
-5.154229164123535
-4.769426345825195
-5.759211540222168
-4.636180400848389
-4.878018379211426
-5.372799873352051
-4.8721160888671875
-4.489376544952393
-4.946075439453125
-4.6383538246154785
-5.672845840454102
-6.1080169677734375
-4.466116428375244
-4.996386528015137
-5.455414295196533
-5.348257064819336
-5.300544261932373
-5.119986534118652
-4.753678321838379
-5.406792163848877
-5.281160831451416
-5.247000694274902
-5.002100467681885
-5.021448135375977
-4.676987171173096
-5.269611835479736
-5.123000144958496
-5.0773420333862305
-5.223445892333984
-5.483536243438721
-5.228683948516846
-5.45138692855835
-5.7378764152526855
-4.608635902404785
-5.882977485656738
-4.869012355804443
-5.014750003814697
-5.409609317779541
-5.28361177444458
-5.319403171539307
-5.146406173706055
-4.886935710906982
-5.60798454284668
-4.769407749176025
-4.885401248931885
-5.18773889541626
-6.150567054748535
-5.205696105957031
-5.127830505371094
-5.0450639724731445
-5.560092926025391
-5.921146392822266
-5.134346961975098
-5.495284080505371
-4.761354923248291
-5.348995208740234
-5.259505271911621
-5.5052103996276855
-4.538784503936768
-5.544800281524658
-4.757643222808838
-5.376270294189453
-4.954509735107422
-6.029552459716797
-5.2579216957092285
-4.932513236999512
-4.332983493804932
-5.397556781768799
-5.4762492179870605
-5.748743534088135
-5.253291606903076
-5.325796127319336
-4.992402076721191
-4.809279918670654
-5.086948871612549
-5.159369945526123
-5.582035064697266
-4.703611373901367
-5.10415506362915
-5.775197982788086
-5.459046840667725
-5.024227619171143
-6.199992656707764
-4.800134658813477
-5.198312282562256
-4.932825565338135
-5.078649520874023
-4.5618438720703125
-6.0828142166137695
-5.28910493850708
-5.082518100738525
-5.272575378417969
-4.999218463897705
-5.031678676605225
-5.699627876281738
-4.698776721954346
-5.785477638244629
-4.860052585601807
-5.525955677032471
-4.818772315979004
-4.985759258270264
-4.322706699371338
-5.21417760848999
-5.828619003295898
-3.8930883407592773
-5.472070693969727
-5.116711616516113
-5.400710582733154
-5.069327354431152
-5.398443222045898
-5.252297878265381
-4.821962356567383
-5.793301105499268
-4.5053510665893555
-4.9869065284729
-5.283180236816406
-5.3458662033081055
-5.656637191772461
-5.453688621520996
-5.329017639160156
-4.5336737632751465
-5.435690879821777
-3.967723846435547
-5.287744522094727
-4.397424221038818
-4.890161037445068
-5.647892475128174
-4.872804641723633
-5.360950946807861
-5.239072799682617
-4.886573314666748
-5.243878364562988
-5.602912425994873
-4.910208225250244
-5.4659953117370605
-5.251804351806641
-5.064595699310303
-5.31211519241333
-5.681204319000244
-5.428659915924072
-4.755539894104004
-5.139585494995117
-4.867598533630371
-5.361315727233887
-5.177781581878662
-4.710150241851807
-4.95270299911499
-6.039310932159424
-5.132228374481201
-5.488362789154053
-5.466993808746338
-4.7727179527282715
-4.33292293548584
-5.700717926025391
-4.976953029632568
-4.995251655578613
-6.002280235290527
-5.438404083251953
-5.292543888092041
-5.253782749176025
-4.836982727050781
-4.572502613067627
-5.3937153816223145
-5.174849510192871
-4.665109634399414
-5.329132080078125
-5.201769828796387
-4.59132194519043
-5.26059103012085
-4.963998794555664
-5.231287479400635
-5.072941780090332
-4.0237603187561035
-5.442637920379639
-4.559964656829834
-4.993812561035156
-5.734962463378906
-4.585124492645264
-4.907517433166504
-4.905391693115234
-5.181717872619629
-4.782242298126221
-4.973076343536377
-4.550393581390381
-4.9757161140441895
-4.82835578918457
-5.420279026031494
-5.579726696014404
-5.067444801330566
-4.942489147186279
-4.653549671173096
-5.172721862792969
-4.8318562507629395
-3.528198719024658
-4.875022888183594
-4.270980358123779
-5.189620018005371
-5.011159896850586
-5.21887731552124
-4.520618438720703
-5.62583589553833
-5.143881797790527
-4.74718713760376
-5.069671154022217
-5.536839485168457
-5.2949018478393555
-5.542510032653809
-5.362125396728516
-4.901200771331787
-3.9367220401763916
-4.898921489715576
-5.049200534820557
-5.593527793884277
-4.624715805053711
-4.6025710105896
-5.105538845062256
-5.130040645599365
-4.957276344299316
-5.345625877380371
-5.317892074584961
-5.117866516113281
-5.443459987640381
-4.446624755859375
-5.170862674713135
-5.280509948730469
-5.231876850128174
-4.91407585144043
-5.172718048095703
-4.547415256500244
-4.5284504890441895
-5.305217266082764
-4.883302211761475
-5.692559242248535
-5.684540271759033
-5.017423152923584
-4.726877212524414
-5.255195140838623
-6.886866569519043
-4.94706392288208
-5.3255791664123535
-5.1024556159973145
-5.538253307342529
-4.517053127288818
-4.91866397857666
-5.610128402709961
-5.086723804473877
-5.215804576873779
-5.763291835784912
-5.412769317626953
-4.978214740753174
-5.495664596557617
-4.093817710876465
-5.51508903503418
-5.232359886169434
-5.244207859039307
-5.220592498779297
-4.925795555114746
-5.162087917327881
-5.396827697753906
-5.009442329406738
-5.065154552459717
-5.591179370880127
-5.451650619506836
-5.317600250244141
-4.967761039733887
-4.564536094665527
-4.938103199005127
-5.74287223815918
-4.525723457336426
-5.3811354637146
-5.450844764709473
-5.253981113433838
-4.923740386962891
-4.52677059173584
-5.579071044921875
-5.08859920501709
-5.445018291473389
-5.014225959777832
-5.057742118835449
-5.3826470375061035
-4.441649913787842
-4.499565601348877
-6.063898086547852
-4.891209602355957
-5.319930553436279
-5.323137283325195
-4.802273273468018
-5.255406856536865
-4.925646781921387
-4.7022705078125
-4.880856037139893
-7.357346057891846
-4.988230228424072
-5.0776238441467285
-5.290527820587158
-5.135631561279297
-5.156742095947266
-5.429215908050537
-4.758501052856445
-4.3461174964904785
-4.75880241394043
-3.4093775749206543
-5.042161464691162
-5.547351360321045
-5.565819263458252
-5.203469276428223
-5.031434059143066
-4.589892387390137
-5.147402763366699
-5.398204326629639
-5.455387115478516
-5.342642307281494
-5.4916181564331055
-4.532095909118652
-5.1521477699279785
-5.245257377624512
-5.867734909057617
-5.0715012550354
-5.898517608642578
-4.903719425201416
-5.233762741088867
-5.27213716506958
-5.360350131988525
-4.875080108642578
-5.4447126388549805
-5.027802467346191
-5.742249965667725
-4.546037673950195
-4.702386856079102
-4.824550628662109
-6.391510009765625
-5.096470355987549
-5.293495178222656
-5.2074875831604
-4.684966564178467
-4.658522129058838
-5.42467737197876
-4.527153015136719
-4.581333160400391
-5.185190677642822
-5.301811695098877
-4.7929487228393555
-5.495583534240723
-5.451269149780273
-4.727027416229248
-4.949889183044434
-5.009968280792236
-4.725362300872803
-5.7154974937438965
-5.435827255249023
-4.490097522735596
-5.331509113311768
-5.427495956420898
-5.621190071105957
-5.291966438293457
-5.420406341552734
-6.177953720092773
-5.826801776885986
-6.03692626953125
-5.532756805419922
-5.089016437530518
-6.042698383331299
-5.840603351593018
-4.810348987579346
-4.571742534637451
-4.8211517333984375
-5.1436357498168945
-4.640371322631836
-5.775528907775879
-4.950296401977539
-5.631612300872803
-5.639721870422363
-4.419869899749756
-4.9869842529296875
-4.522819519042969
-4.96284294128418
-5.006494522094727
-4.501413345336914
-5.6140971183776855
-4.9043169021606445
-4.023372650146484
-5.944814682006836
-4.3538289070129395
-4.958436965942383
-5.085853576660156
-4.954292297363281
-5.057809352874756
-5.062662601470947
-5.375112056732178
-5.109893321990967
-5.389657497406006
-4.7159624099731445
-4.72274112701416
-4.4127421379089355
-4.838311195373535
-5.427273273468018
-5.168835639953613
-5.502414226531982
-5.598972320556641
-4.973897933959961
-5.062464237213135
-5.107400417327881
-5.630197048187256
-5.459048748016357
-5.080492973327637
-5.220245838165283
-5.28315544128418
-4.787551403045654
-4.890387535095215
-5.056641578674316
-5.367936134338379
-4.710619926452637
-5.394277572631836
-5.23583459854126
-5.759649276733398
-5.475085258483887
-4.9995198249816895
-5.470028400421143
-6.542998790740967
-5.738824844360352
-4.474157810211182
-4.521327018737793
-5.510079860687256
-5.021109104156494
-4.625408172607422
-5.295085906982422
-5.546871662139893
-5.427249908447266
-4.750580787658691
-5.116549015045166
-5.0153117179870605
-5.444486618041992
-4.553488254547119
-4.701908111572266
-6.063041687011719
-4.844606876373291
-4.657588481903076
-4.685219764709473
-5.324463367462158
-5.283003330230713
-6.262119770050049
-4.965905666351318
-4.884927272796631
-5.335361957550049
-4.549952507019043
-5.607279300689697
-5.452923774719238
-4.942246913909912
-5.12246561050415
-5.574489116668701
-5.4508843421936035
-5.1225810050964355
-5.028578281402588
-5.571937561035156
-4.969913959503174
-4.8536906242370605
-4.842639923095703
-5.40993595123291
-4.906329154968262
-4.598191261291504
-4.5378570556640625
-5.736237525939941
-4.633987903594971
-4.0470194816589355
-4.884644508361816
-5.044829845428467
-5.097572326660156
-5.395621299743652
-5.284162998199463
-5.275024890899658
-5.783187389373779
-5.520339488983154
-5.343057632446289
-5.198575973510742
-4.315140724182129
-5.454270362854004
-5.4833903312683105
-4.826651096343994
-4.932758331298828
-5.629812240600586
-5.323335647583008
-5.556800842285156
-5.048360347747803
-4.382108688354492
-4.591176509857178
-4.483694076538086
-4.739531517028809
-5.724824905395508
-4.554269790649414
-4.9979753494262695
-5.343109607696533
-5.665718078613281
-5.065648555755615
-5.721410274505615
-5.482537746429443
-4.719540596008301
-5.0665788650512695
-5.142027378082275
-4.470482349395752
-4.976020336151123
-5.934377670288086
-5.588778972625732
-4.839506149291992
-5.009575366973877
-5.52924108505249
-5.610348224639893
-5.0747480392456055
-5.17744255065918
-5.453295707702637
-4.514469146728516
-4.62709379196167
-5.40041971206665
-5.907285690307617
-5.078100204467773
-5.537576675415039
-5.751163005828857
-5.639440059661865
-4.986328125
-4.994114398956299
-5.2491655349731445
-5.0688652992248535
-5.414281845092773
-5.578081130981445
-5.085622787475586
-5.247796535491943
-4.540283679962158
-4.884429931640625
-5.769607067108154
-3.742640256881714
-4.686756134033203
-4.9489665031433105
-5.289850234985352
-5.337782382965088
-4.401066780090332
-5.033164024353027
-5.636602878570557
-4.501368999481201
-4.969813823699951
-5.50995397567749
-4.919066905975342
-5.576507568359375
-5.234884738922119
-5.5262627601623535
-5.020135879516602
-4.650146961212158
-5.416148662567139
-5.648836135864258
-4.583734035491943
-5.391623497009277
-5.613957405090332
-4.371427059173584
-5.214293956756592
-5.68159294128418
-4.989282131195068
-4.799032211303711
-5.319368839263916
-5.463334560394287
-5.18445348739624
-5.2229461669921875
-5.039384841918945
-4.711702823638916
-4.798637866973877
-4.48446798324585
-5.382317066192627
-6.062675476074219
-4.851751327514648
-5.459967613220215
-4.780832290649414
-5.068575382232666
-4.381957530975342
-5.573863506317139
-5.283339977264404
-5.08781623840332
-5.223442077636719
-5.057682991027832
-5.695793628692627
-5.021048545837402
-4.669521331787109
-4.989849090576172
-5.42866849899292
-5.462096691131592
-4.80681848526001
-4.937723159790039
-5.825080871582031
-4.878255844116211
-5.521561622619629
-4.541600227355957
-4.769802570343018
-4.7824835777282715
-4.919349193572998
-5.526801109313965
-4.8255391120910645
-5.060550689697266
-5.107214450836182
-5.0148138999938965
-5.412165641784668
-4.9922895431518555
-5.237241268157959
-5.341689109802246
-5.721782207489014
-5.322665214538574
-5.18767786026001
-4.8907294273376465
-4.800404071807861
-5.336360454559326
-5.06972074508667
-4.591740131378174
-5.3868021965026855
-5.172458648681641
-5.064419269561768
-5.499353885650635
-5.614077091217041
-5.200225830078125
-4.735869884490967
-5.439584255218506
-5.789370536804199
-4.762378215789795
-5.002935886383057
-4.570372581481934
-4.701008319854736
-5.0050129890441895
-4.513515949249268
-5.007341384887695
-5.4469895362854
-5.192500114440918
-5.002588272094727
-4.650664329528809
-5.529290676116943
-5.126172065734863
-6.007997035980225
-5.985694885253906
-4.303614616394043
-5.628853797912598
-4.875789165496826
-5.185458660125732
-4.945862293243408
-3.694368600845337
-5.0799241065979
-5.478559970855713
-4.273919582366943
-4.7949724197387695
-5.3873820304870605
-4.928678512573242
-5.384799957275391
-5.459679126739502
-5.252291202545166
-4.991839408874512
-4.571468353271484
-4.982004165649414
-4.772363185882568
-5.057696342468262
-4.354434490203857
-5.284560203552246
-6.41504430770874
-4.942351341247559
-5.404685020446777
-4.675251483917236
-4.616275310516357
-5.377784729003906
-6.039173603057861
-4.6127214431762695
-4.96570348739624
-4.8062005043029785
-5.108882427215576
-5.030831813812256
-4.501610279083252
-5.216908931732178
-5.368913173675537
-5.262933731079102
-5.270007610321045
-5.167093276977539
-4.949892997741699
-4.57311487197876
-4.966966152191162
-6.345418453216553
-5.330650806427002
-4.6198954582214355
-5.2105393409729
-5.084634780883789
-4.735465049743652
-5.451465129852295
-5.555243015289307
-4.544842720031738
-5.101589202880859
-5.5990681648254395
-5.113193988800049
-5.188258171081543
-5.464254856109619
-4.994611740112305
-4.50042200088501
-5.659078121185303
-4.856815814971924
-4.889742851257324
-4.95166015625
-4.599236965179443
-5.899001121520996
-5.670108318328857
-4.9693145751953125
-4.457488536834717
-5.135152816772461
-5.081346035003662
-4.893817901611328
-5.235376834869385
-5.171520233154297
-5.303590297698975
-5.5402350425720215
-4.9644775390625
-4.974313735961914
-4.5729169845581055
-5.190494060516357
-5.407619476318359
-5.303277492523193
-4.858009338378906
-4.943866729736328
-5.100741386413574
-5.26707649230957
-4.414435863494873
-5.05487060546875
-4.3625335693359375
-4.310758113861084
-4.997248649597168
-4.205672740936279
-4.690773963928223
-5.645683765411377
-4.995689392089844
-4.9049506187438965
-4.974754333496094
-5.007302761077881
-4.879629135131836
-4.9834771156311035
-5.017400741577148
-5.147655487060547
-4.491858959197998
-5.251530647277832
-4.788479804992676
-4.710688591003418
-5.44216775894165
-5.589509010314941
-5.542425632476807
-4.910762310028076
-4.920765399932861
-4.539555072784424
-5.85980749130249
-4.300184726715088
-5.5635552406311035
-5.40482234954834
-5.64629602432251
-5.360074043273926
-4.644432544708252
-5.360535144805908
-5.217824935913086
-5.300935745239258
-5.218678951263428
-4.932162284851074
-5.156655311584473
-5.390480995178223
-4.521948337554932
-5.305142402648926
-5.025845050811768
-5.367264270782471
-5.292200088500977
-5.8697028160095215
-4.378383159637451
-5.200560569763184
-5.781070232391357
-4.631561279296875
-4.8028244972229
-5.353234767913818
-5.306406021118164
-6.25108528137207
-5.0697922706604
-4.075818061828613
-5.361995697021484
-5.228817939758301
-5.564032077789307
