1.618126881385791
0.9571678598489376
0.9464008345125442
1.1404302042969585
0.6674780003712018
0.6422402657691433
0.7733765863649245
0.61650630762535
1.3086384601299779
1.2470649884258902
0.7052750549044322
1.7007667456075444
1.2342590377999048
1.00128393051433
1.125992898840728
1.2421939589614408
1.460651333285459
0.8855256516345299
0.7653513522895723
0.747281640415092
1.6352030437278786
0.9339129557758926
0.9977491264157831
0.571262650673185
0.03162277660168379
1.289251861905271
1.23075004186481
0.47791665193889743
1.761751926828681
0.031656981921756
0.828874041105017
1.0030644435964755
0.40490718725858077
0.8603800087078705
0.5401671171764193
0.7025165984205398
0.7602289043963143
0.5585594281943085
0.8738346246606381
1.1942235740275702
1.4777903868839208
1.3517267913632083
1.0009523629887274
0.5991562969184069
0.7512297171522082
1.3962227789155754
0.6862012219768641
0.8257731822909066
1.264782312231146
1.2224686260137025
1.3482374450874284
1.4309209540319205
0.6657503876765545
1.068497984324202
1.1670143850856973
0.5952970135293949
1.1079968560274047
0.03162277660168379
1.6697507753400378
0.6700724981711519
0.6086132823076998
0.6809994856416549
1.3845149452998133
1.2360260271276404
