1.915351390838623
-0.05534280091524124
4.731218338012695
1.8789976835250854
1.7944246530532837
0.5012722611427307
1.9466056823730469
-1.203559398651123
-2.556715726852417
3.3531806468963623
-1.7527127265930176
6.601119518280029
-2.4489898681640625
2.6053102016448975
3.384883165359497
3.1821837425231934
5.5973076820373535
1.631657361984253
2.8233044147491455
2.07197904586792
-1.665717363357544
0.7087415456771851
-3.218405246734619
1.7073951959609985
-3.4393473312410716e-13
-2.469395160675049
0.8325008153915405
2.0386030673980713
7.689794063568115
-0.00451272539794445
-3.138221263885498
-6.932547569274902
-3.5095162391662598
-2.8627712726593018
1.1513549089431763
-0.0419345423579216
-2.585047960281372
-0.047099191695451736
-1.28985595703125
6.2376227378845215
-2.7153775691986084
-1.9707995653152466
2.3402886390686035
-2.1155617237091064
-1.1027159690856934
-1.868566870689392
-2.0118000507354736
-0.6713830232620239
2.308806896209717
-0.07450474053621292
-1.701466679573059
-4.9520087242126465
1.2211694717407227
5.763753414154053
2.7470767498016357
-0.5020882487297058
-4.5762248039245605
-4.648794370287757e-13
-2.9341156482696533
-0.9708717465400696
0.944010853767395
2.0173816680908203
4.828850269317627
-5.042294979095459
