5.554788589477539
0.8060352802276611
4.444965839385986
0.553821861743927
1.6409294605255127
0.5194790959358215
6.4640116691589355
0.5886569619178772
0.628779411315918
1.2785595655441284
6.3942718505859375
2.507457971572876
0.766867995262146
0.8209609985351562
0.6361263394355774
1.3644129037857056
0.6766027212142944
0.6110966801643372
4.090731143951416
2.4264254570007324
8.091072082519531
0.6966243982315063
0.7940118908882141
1.0564193725585938
0.35251274704933167
1.007568120956421
0.6497734189033508
0.586915910243988
8.569609642028809
0.9598672986030579
1.931795358657837
0.7700420022010803
0.7616274952888489
2.8751168251037598
1.603332281112671
0.8993770480155945
0.8826361894607544
0.5314124226570129
0.7013475894927979
1.0110130310058594
0.940769374370575
1.2244688272476196
3.758589744567871
0.3887155055999756
0.8817171454429626
0.9766620993614197
1.1259926557540894
1.2794216871261597
0.6628286242485046
1.6927409172058105
1.140227198600769
4.210481643676758
0.48742833733558655
0.647828996181488
0.991793155670166
1.6396293640136719
0.8139958381652832
1.0127440690994263
4.93946647644043
0.8023782968521118
0.7003031373023987
0.4199443459510803
2.287684440612793
0.6441705822944641
