-0.027933625504374504
2.145580768585205
0.988861083984375
2.9144599437713623
0.24405284225940704
3.240743637084961
3.558185577392578
3.1886146068573
2.7545571327209473
-0.08657509833574295
2.1418278217315674
-0.2857050597667694
0.0809502974152565
2.5562708377838135
2.785444498062134
-0.03284101188182831
2.384533166885376
2.062655448913574
3.1489083766937256
-3.444450616836548
-0.21069559454917908
2.126631736755371
1.456611156463623
1.198891043663025
-2.028982639312744
-0.06220191717147827
2.236388921737671
2.8302536010742188
2.023507595062256
0.39703577756881714
-1.1210278272628784
-0.04090454801917076
-0.08677104860544205
0.9283109903335571
1.4400124549865723
2.7527875900268555
1.5391725301742554
2.160712718963623
3.2520763874053955
0.039319638162851334
0.034948550164699554
-0.08322124183177948
0.5380321741104126
2.585099697113037
1.8838136196136475
-0.01954885944724083
0.8696498274803162
2.481046676635742
2.213456392288208
0.16828005015850067
0.17178840935230255
0.49071982502937317
2.616873264312744
0.11631042510271072
0.10643471777439117
-1.0838359594345093
2.8828864097595215
-0.056849155575037
0.33174848556518555
3.0683236122131348
2.4958207607269287
2.1815590858459473
0.09838496148586273
2.2231407165527344
