1.94169e-14
-0.0114722
-0.00702463
0.000164682
3.10642e-14
0.0186278
-0.149472
0.0834482
-1.59833e-13
0.00485366
-0.0954645
-3.08044e-14
-0.0767182
-0.716377
0.141163
-2.34183e-05
-3.76106e-05
-0.00778848
0.0300845
0.680907
-4.73243e-14
-2.5699e-14
-0.00327344
0.341861
-0.000958038
-0.076356
-0.0119265
0.107444
0.198145
-0.00668236
-0.108355
-0.00383643
-1.81673e-14
-0.452663
0.00128105
5.56671e-06
3.37764e-14
-0.163868
-0.0233193
0.215464
-3.41651e-14
-0.0154145
0.0141781
-9.0598e-15
0.0209475
-0.00208914
0.0115243
9.02546e-06
-1.18102e-06
0.0200977
-0.00872696
0.00437363
-3.58002e-14
-4.93835e-15
-0.470225
-0.00348398
-0.0270642
0.0118045
0.410095
0.00324996
-0.00183042
0.804434
-0.0375067
-0.0133637
-5.25966e-15
0.194796
0.0178915
-1.40745e-05
-1.277e-14
0.447887
-0.016378
0.127515
-1.45962e-14
0.240906
0.0128387
-5.4997e-15
0.00974605
0.00983978
0.00496154
4.51532e-06
1.15544e-05
0.588189
-0.0145118
0.00824328
2.12457e-14
2.65769e-14
-0.0332506
-0.0113854
-0.00226686
0.0220873
0.556328
-0.00490866
-0.0319224
-0.154856
0.0238477
-0.00883696
-4.8724e-14
0.398704
0.00134499
7.66295e-07
2.5917e-14
0.283559
0.131478
0.0395247
-5.85309e-14
-0.464163
-0.0240961
9.34565e-14
-0.0106408
-0.0112497
0.00421561
1.03626e-05
2.18613e-06
0.223751
-0.0103994
-0.00174799
-3.93251e-14
9.76854e-14
0.590475
0.00247672
0.000494687
0.00140662
0.0505748
0.015741
-0.00274505
-0.766587
-0.0100853
0.00170153
3.606e-15
-0.0307656
-0.018238
-1.51314e-05
1.85036e-14
0.015596
0.00322612
1.07812
1.02778e-14
0.0114515
0.075447
-9.24424e-14
0.0352187
0.0041519
0.00981659
-2.06378e-06
-0.000416047
-0.242898
-0.00587459
0.00282335
2.58906e-14
3.0313e-14
-0.0250156
0.00379514
0.0010629
0.0290928
-0.00541459
0.0123117
0.0279906
-0.00494364
-0.0189944
-0.00266202
2.57706e-14
0.297381
0.104978
4.76904e-08
1.99558e-14
-0.304222
0.515201
0.272996
-4.40559e-14
-0.371099
-0.0613632
6.85951e-14
-0.0260074
-0.0181898
-0.0347165
3.32064e-06
-3.48552e-08
0.102054
0.0028261
0.0423188
-5.3094e-14
1.5957e-14
-0.215022
0.0218679
0.00126897
-0.041683
0.245757
0.0527834
-0.0282627
0.210272
-0.0717605
-0.00283598
-7.15354e-14
-0.00829336
0.0902999
-4.97165e-08
3.07425e-14
0.0605273
0.0991804
-0.2274
-2.09161e-14
-0.0342695
-0.130566
8.12261e-14
0.352895
-0.0270559
-0.0576995
5.43094e-06
-2.40403e-05
-0.0543048
0.0598294
-0.0346797
-5.00956e-14
1.22326e-13
-0.0309642
0.0174191
-0.00351615
0.249632
0.0689935
0.0364347
0.228823
0.0522208
0.13605
-0.00234777
-1.13714e-14
-0.315807
-0.0252138
2.18333e-07
3.64292e-14
0.252007
-0.5165
-0.128014
4.70951e-14
0.358081
0.0286955
-3.62923e-14
-0.0523718
0.0357775
0.0156219
-1.24169e-06
8.55287e-07
-0.0523686
-0.0614559
-0.0856689
-3.09094e-14
-1.47527e-14
0.198622
0.0161971
-0.00242333
-0.0764591
-0.23958
0.00975496
-0.038204
-0.33428
0.0291042
0.000517375
1.48934e-14
0.564826
-0.00389227
-2.53844e-08
7.24898e-14
-0.0272614
-0.0152882
-0.156432
-1.06914e-14
-0.363474
0.00113754
9.21349e-15
0.00327652
0.00199488
-0.00166724
3.26378e-08
5.35942e-07
-0.541824
0.0146117
0.00782407
-3.12102e-14
6.09647e-14
0.236831
0.00462074
0.00594687
-0.00900387
-0.420387
-0.0131234
-0.00980185
-0.55336
0.00989782
0.0048699
-8.83575e-14
0.0172695
0.209038
-1.49581e-05
4.74189e-14
0.0617865
0.15084
-0.209278
-2.2141e-14
0.00606736
0.128549
5.05148e-14
-0.276996
0.00600691
0.186218
-8.04394e-06
0.000226936
-0.00365924
0.106707
-0.154671
-3.51988e-14
6.82049e-14
-0.0177438
0.204745
-0.00155546
-0.241727
0.0149869
-0.434276
0.97054
-0.0011532
0.0365137
0.00242252
-1.78793e-14
0.0674356
-0.00159398
7.59615e-08
2.64564e-14
-0.0809757
0.102429
0.0653719
-3.89593e-14
-0.0610331
-0.131902
1.14066e-14
-0.0139196
0.17244
-0.0573122
2.5003e-06
-2.97864e-05
-0.0241232
-0.00621125
-0.081543
-2.28703e-14
-2.23145e-14
-0.0354928
-0.0828121
0.00414635
0.00263203
0.0889291
-0.344552
-0.0277131
0.0310598
-0.341162
5.31639e-05
1.48503e-14
-0.00683934
0.0353472
-7.66506e-05
5.28698e-15
0.0108622
-0.0263955
0.0359777
-9.2116e-14
-0.00498199
-0.00763283
-2.99514e-14
0.0736852
0.00195455
0.0552393
1.29494e-05
0.000361759
-0.00644827
1.17526
0.0369214
-2.88399e-14
3.20463e-14
-0.0172351
-0.000918168
0.00704262
0.137835
0.0121613
-0.0192879
0.055079
-0.022952
-0.158127
0.0192579
-7.8953e-14
0.0371028
0.249525
1.16607e-05
8.765e-14
0.0337027
0.316896
-0.137206
7.49641e-15
0.000188972
0.423133
1.03032e-13
0.0279996
0.207812
-1.02723
2.23796e-06
-0.000262768
0.0116198
-0.077636
0.00335928
2.10825e-14
5.05442e-14
-0.0375829
0.0107719
-0.00574503
0.132981
0.03174
-0.176332
-0.312563
0.00372917
0.237853
-4.62538e-06
2.24024e-14
-0.0361865
-0.0400655
4.04288e-07
-1.54559e-14
-0.160108
1.13684
0.205534
9.3335e-14
-0.0801651
-0.0783412
-5.73064e-15
-0.0145121
-0.00477317
0.0079748
-2.63713e-06
-5.04816e-06
0.131549
-0.0121346
0.0113841
-1.14746e-14
1.19273e-14
-0.128587
-0.00950877
-0.00939113
-0.0284594
0.167656
0.0161159
-0.0280777
-0.0286337
0.01225
-0.0179343
7.81838e-14
0.161825
0.0061639
-1.32e-07
9.79976e-15
0.371991
-0.165634
0.178654
-1.50171e-14
-0.344596
0.00396766
-4.78518e-14
0.0165363
0.00597487
0.00826315
3.27015e-06
-3.9004e-07
0.581732
-0.00662249
0.00499808
1.06988e-14
-9.3996e-14
0.547253
-0.00407246
-0.000230807
0.00646665
0.240672
-0.00520544
0.00370034
-0.0647327
0.0116917
0.00164607
2.13118e-14
-0.0243522
-0.0505227
0.000187483
-3.33828e-14
0.0861833
0.181123
-0.16139
-7.40742e-14
-0.0174642
0.459906
-4.18895e-14
0.027678
0.470014
0.188761
-9.99334e-06
-0.000323358
-0.0157937
0.00140621
0.222196
-9.35984e-14
-1.46417e-13
-0.0357811
-0.531336
-0.000544012
0.0377158
0.014143
0.0654719
-0.100095
0.0117506
-0.122898
0.00055097
7.55918e-15
-0.170812
-0.00101719
-3.5002e-07
-4.88865e-15
0.378178
0.00358754
0.262497
7.25296e-14
0.0142244
0.0233348
-1.05972e-14
0.00984321
0.00167665
-0.00263248
1.99696e-06
-1.28382e-08
1.15024
0.00474955
-0.00117148
3.04544e-14
-4.40679e-14
0.326309
0.00409559
-1.41082e-05
0.00109087
0.412777
-0.00595821
-0.0072432
-0.40443
0.00716448
-0.00421023
-4.70034e-14
-0.0160951
-0.243049
-2.84346e-08
5.19634e-15
0.0753574
0.198959
-0.159009
9.3618e-15
-0.0201727
0.0305994
4.43361e-15
-0.0185974
-0.0711319
0.0228112
-8.04398e-06
-4.31298e-06
-0.0412933
-0.00429365
-0.0182761
3.61855e-14
-5.07609e-14
-0.0326274
-0.0624794
0.00406501
0.570214
0.0242292
-0.007095
0.229777
0.0446859
0.137932
0.00162381
4.73391e-14
-0.0537119
0.0194797
5.14399e-06
-6.68033e-15
0.0254746
0.133311
-0.102614
8.33343e-14
-0.0188163
0.33657
-6.57963e-15
0.0814208
0.158401
0.0297069
4.79977e-06
2.6047e-06
-0.0250967
-0.00793893
0.328334
2.64889e-14
5.36357e-15
0.00506276
-0.249368
0.00145354
0.0890338
-0.0257247
0.0499235
0.0542984
0.0392578
-0.0285389
-3.66404e-05
-1.14501e-14
0.1295
-0.0427961
-2.32668e-07
6.81613e-14
-0.0853576
0.889472
-0.068332
-2.58092e-13
0.0271385
-0.0220897
1.42183e-13
-0.0237569
-0.0274658
0.0478134
8.18046e-07
-3.32309e-05
-0.140795
0.0464774
0.0182958
-7.53424e-14
1.87106e-13
0.0682496
0.00606828
-0.0208839
-0.0282019
0.046022
0.0316071
-0.0397695
0.174628
0.0883741
-0.00739488
-5.19741e-14
-0.0102177
-1.11416
-0.000279633
4.68944e-14
0.013164
0.00453212
-0.0594267
-1.05936e-13
-0.00350633
-0.0120924
7.87042e-14
-0.00789505
-0.00970628
0.0428998
1.69672e-05
-6.13962e-05
0.00965603
0.0756906
0.00682917
-6.32923e-14
-4.26059e-14
0.00151709
0.00502676
0.00742995
0.0270868
-0.00790671
-0.0198268
0.184734
-0.00070254
0.278784
0.00810286
-3.31596e-14
0.324689
-0.0296317
1.70591e-06
-1.00362e-13
-0.457683
0.982988
0.1116
-2.15256e-14
-0.17818
-0.0324022
-2.21043e-14
0.00113881
-0.0138191
0.0129033
-4.0289e-06
4.36332e-06
0.00577103
-0.00728067
-0.000862634
-3.18852e-14
-8.09387e-14
0.0275741
-0.0031385
-0.000406911
-0.0154114
0.169412
0.0111677
-0.0315492
0.334043
-0.0442687
-0.00847455
-5.94011e-14
0.528986
-0.00549862
2.91786e-06
-1.96739e-14
-0.342902
0.0909563
-0.224408
-4.67477e-14
0.0808634
-0.00798417
-7.54435e-15
-0.0128249
-0.00118297
0.0144147
-7.10308e-06
-7.41615e-06
-0.692072
-0.0094586
0.0161801
-3.58664e-14
-8.26993e-15
0.129809
-0.00498451
0.00659208
-0.00375929
-0.357703
0.0119045
0.00292131
0.400753
-0.0010603
0.00583625
6.5045e-14
-0.308493
0.000429452
-5.14519e-07
-1.20637e-14
-0.053365
0.406328
0.412605
3.57459e-14
0.0310482
-0.0123323
2.13257e-14
0.0313716
-0.00269521
-0.029227
3.28604e-06
-1.89393e-05
0.282568
-0.0132463
-0.0123118
-4.69943e-14
4.45601e-14
-0.00514134
0.015891
-0.0070046
0.0107508
0.0173124
-0.0169064
-0.0201464
-0.581799
0.0947057
-0.0154319
-5.26223e-14
3.12324e-14
1.682e-13
-4.40206e-14
3.06629e-14
-2.97006e-14
-3.53807e-13
-9.27483e-14
9.28692e-15
-5.93979e-14
4.66457e-13
5.51861e-15
1.91535e-13
1.21453e-13
2.45529e-14
4.36176e-14
-6.92302e-14
-2.34429e-13
-8.35075e-14
-2.39617e-13
-4.12011e-15
-1.94682e-14
-5.82808e-14
-2.82104e-13
4.65207e-14
-1.3047e-13
1.33695e-13
1.42695e-13
3.89792e-13
-1.29208e-13
-4.41308e-14
3.60817e-14
1.67424e-14
0.0130147
-0.00497546
2.95445e-05
-1.07843e-14
-0.00154535
-0.382187
-0.0484499
-2.53339e-14
0.00889694
-0.999331
3.0387e-14
0.0325379
-0.107062
0.739866
1.96025e-05
-0.000305264
0.0260875
-0.047186
-0.0474095
2.5047e-14
-9.28143e-16
-0.00916912
0.249738
-0.00388725
0.136224
-0.0101664
-0.184239
-0.541004
-0.0220147
-0.147577
-0.0030601
-3.61334e-14
0.493604
-0.00284898
-1.24094e-07
3.46898e-14
0.122224
0.149813
0.195892
3.5273e-14
-0.702415
0.00194263
-2.99482e-14
0.00235739
-0.00232541
-0.000856877
8.24711e-06
-7.0274e-07
0.0871333
0.000717411
-0.00143436
4.30525e-14
1.57322e-13
0.516499
0.00204583
0.00871409
0.00268318
-0.0381048
0.0132019
0.000921141
-0.688395
0.00816109
0.00525693
2.21195e-14
-0.270862
0.0381835
-2.49556e-07
-6.28189e-14
0.190667
-0.0322105
-0.216493
-1.52381e-14
0.141584
0.0685888
2.97006e-14
0.064275
-0.0453233
0.0534193
1.93229e-06
-6.98739e-07
-0.113052
0.0686156
0.191307
4.87214e-14
2.34067e-14
0.143099
-0.0322308
-0.00030629
0.0160946
-0.257295
0.129296
0.0621266
-0.0968364
0.00718068
0.000167514
-4.42307e-14
0.0399059
-0.0284186
-4.26226e-05
7.74956e-16
-0.027582
0.0637772
0.057538
-2.98299e-14
0.0113156
0.0103967
6.01921e-14
0.592369
0.0647663
0.182928
-1.06577e-05
2.00528e-05
-0.000724318
1.09865
-0.0498296
-3.21522e-14
-6.82135e-14
-0.00179757
0.0381685
-0.0045037
-0.014848
-0.0165911
-0.0132015
0.0901058
0.0034536
-0.0261359
-0.00193266
1.3319e-14
-1.32845e-05
-0.000227445
4.98403e-09
-1.29585e-14
-0.000212741
5.54278e-05
-6.3027e-05
-9.73301e-15
-5.89792e-05
-0.000935446
-3.45683e-14
0.000447889
5.9588e-05
0.000292444
-6.74581e-11
1.72274e-07
-2.10045e-05
-0.000237213
0.000160301
2.97006e-14
-1.94553e-14
2.71205e-05
-0.000141926
-1.40133e-05
0.00018612
5.44171e-05
-0.000745803
-6.48054e-05
7.277e-05
6.53356e-05
-0.00018717
-1.60841e-14
0.178664
0.0302472
7.05304e-05
-1.57446e-14
-0.0691102
-0.960375
-0.270454
-5.07636e-16
0.0718693
0.068864
-3.72406e-14
0.00787553
-0.00583708
-0.0260559
1.42789e-05
-4.37423e-05
-0.0172238
-0.0133247
-0.038274
-1.97796e-14
-4.42026e-14
0.187293
0.0193515
0.0140608
0.0272011
-0.0876132
0.00397022
0.0159141
0.173949
0.119797
0.0484194
4.98245e-15
0.0261393
-0.140142
-0.000160352
-2.39068e-14
-0.0385308
-0.574299
0.190207
3.09958e-14
0.0177577
-1.05961
1.33461e-14
0.0786642
-0.101532
-0.628398
-2.85873e-05
6.85938e-05
0.0175015
0.0200909
0.0702423
6.40295e-15
-1.48503e-14
-0.00971556
0.0614085
-0.00333448
-0.0388295
-0.0145797
0.0742263
0.0332746
-0.0339957
-0.320002
0.00423502
-2.02347e-14
-0.410165
0.00194348
-5.16474e-05
3.35155e-14
-0.712318
-0.0918672
-0.0613978
-3.57587e-14
-0.198673
0.020398
4.04693e-14
-0.000321036
0.00457408
0.00948635
-1.47502e-06
-0.000235961
0.417683
-0.00417713
-0.00340585
-1.07312e-14
4.91903e-15
-0.349048
-0.000440137
0.00535466
0.0138024
0.103614
-0.00701103
-0.00112326
-0.256732
0.0220572
0.00177693
-4.8724e-14
-0.145359
-0.0154922
1.193e-05
2.97313e-14
-0.561591
-0.0949745
-0.0667323
-3.36409e-14
0.327841
0.0410331
-5.69549e-14
-0.00638337
0.0137675
0.00874785
-1.32301e-06
9.01368e-05
0.00230561
0.00627908
-0.0013611
-7.68697e-14
-8.26619e-14
-0.558554
0.00154288
0.00590746
0.00327255
-0.092977
0.00513908
0.0320296
0.203201
0.0465767
0.00677288
1.98348e-14
0.0908942
0.163543
-7.94647e-07
-2.46039e-14
-0.150952
-0.0120598
0.292692
1.06684e-14
-0.0437784
-0.0166025
-3.21414e-14
0.248937
0.0156637
-0.0738234
2.3996e-06
1.03126e-05
0.00063858
0.0151551
-0.0289315
4.36671e-14
-5.08019e-14
-0.0539294
0.0437905
0.00186776
0.103281
0.164869
0.0183125
0.112271
-0.0651598
0.125185
0.00312815
8.19528e-14
-0.29751
0.0377287
-8.8385e-08
9.59109e-17
0.386511
-0.576335
-0.354421
-9.95122e-15
0.254337
0.0463383
-5.69319e-14
0.0389731
-0.04277
0.0362278
-1.4087e-05
5.52916e-09
-0.205536
-0.0173303
0.0548268
-2.20271e-14
7.97063e-14
0.12949
0.0182119
-0.000894677
-0.00125123
-0.229339
0.0824233
0.0293174
-0.135636
0.0175937
-0.00173687
9.81481e-15
-0.0448833
0.00373931
6.33857e-07
-4.73376e-14
0.0168517
-0.169184
-0.00454693
-7.85938e-14
0.0321181
-0.13621
-2.13825e-14
-0.21727
0.0942075
0.103495
-7.63975e-08
-2.76738e-06
0.0225016
-0.12399
-0.251438
-4.41747e-14
-5.33708e-14
0.0188637
0.0815293
-0.000196516
-0.274224
-0.0683425
0.093752
-0.159567
-0.0924582
0.00434071
-0.00120318
1.79577e-14
-0.218255
0.046679
-1.93088e-07
-4.9384e-15
0.158284
-0.296154
-0.0877439
-4.96116e-15
0.239598
0.0013933
-2.24531e-14
0.0204971
-0.175766
-0.0470368
1.40696e-06
-1.46755e-06
-0.0371147
-0.0140302
0.0861931
-4.58006e-14
1.79486e-14
0.144288
0.12725
-0.00185074
-0.00169469
-0.16958
0.0574995
-0.00376124
-0.163116
0.0737628
0.0023024
6.9361e-14
-0.269235
0.0200942
-6.38148e-07
3.74417e-15
0.287134
-0.880017
-0.209664
4.30525e-14
0.392311
0.0656544
2.16136e-14
0.0304962
-0.00152081
-0.0169967
-1.40892e-05
-1.82664e-06
-0.146694
-0.00702983
0.0782961
2.56712e-14
-1.06307e-14
0.18516
-0.00875849
-3.40053e-05
0.012854
-0.260283
-0.017749
-0.0203079
-0.228434
0.0200877
0.000873629
-8.88435e-15
-0.0779143
-0.049948
0.000460405
2.17712e-14
0.0343926
0.396555
-0.115012
-1.25416e-13
0.00122076
1.18636
-6.67941e-16
0.0212396
0.0123035
0.123676
-2.4e-06
-0.000273141
0.0306738
0.0181085
-0.038606
1.54708e-14
2.52422e-14
0.0216909
-0.0867065
0.00228978
-0.0350461
-0.0477567
0.481477
0.160322
-0.0109359
0.0106862
0.00675208
-1.19594e-14
0.0307742
0.378179
-0.000100342
5.2363e-14
-0.0692389
-0.0315436
0.204755
-1.05041e-15
0.00135364
0.266812
6.72263e-14
0.112529
-0.46013
0.299285
-9.5893e-06
0.000274473
0.0122562
0.0720969
-0.012519
3.92947e-14
-4.26467e-15
-0.0223997
-0.562718
1.44458e-05
-0.387252
0.00152439
-0.011272
-0.758304
-0.02452
0.467951
0.0055976
1.67821e-14
-0.0646673
-0.456292
2.97179e-05
2.02347e-14
0.0856118
0.0511904
-0.235725
-8.93967e-15
4.03645e-05
0.0518965
3.84491e-14
-0.933827
0.0656512
-0.223769
-4.33551e-06
-0.000280981
0.007403
0.14701
0.0325154
2.62718e-14
5.72507e-15
0.0018491
0.0577365
-0.00056423
0.556912
-0.0248384
0.060465
-0.277446
-0.000575173
-0.0948677
0.0024729
-1.2181e-14
0.0766758
0.00416484
-1.62528e-05
8.40329e-15
0.352599
-0.017304
0.144211
3.14987e-15
-0.705275
0.00988824
6.72263e-14
0.014252
-0.0122689
0.00017294
1.77258e-06
6.52541e-05
0.266699
-0.00922533
0.0077545
2.50866e-14
-1.07631e-14
0.16287
-0.00935946
-0.00129925
0.00836795
0.614035
-0.00352466
-0.016165
-0.0196987
0.00837532
0.00405572
-7.63609e-15
0.12021
-0.0046994
4.75053e-07
3.60953e-14
-0.184405
-0.216957
0.262906
1.29097e-15
0.107587
-0.409926
3.26164e-14
0.0647457
-0.102383
-0.0116052
-1.76115e-07
1.03587e-07
0.0504142
0.0730961
-0.149686
-8.02994e-15
4.45277e-14
-0.0124214
0.160885
-0.00205335
0.0134877
0.0404568
-0.109268
-0.00915555
-0.0886518
0.0196847
0.00186097
1.15634e-14
-0.361741
-0.0448296
5.26968e-07
-5.21969e-14
0.331187
-0.700187
-0.239993
-1.50866e-14
0.335535
0.0277991
-1.16724e-14
-0.0214892
0.00154901
-0.0065563
1.35549e-05
2.67923e-06
-0.0508894
-0.0362021
-0.028329
6.26289e-14
-1.52609e-14
0.206719
-0.00902418
-0.00133646
0.0556655
-0.267789
-0.0256755
0.0204464
-0.272413
0.151403
0.00203859
-6.1322e-14
-0.0674603
-0.37693
-0.000251902
8.93967e-15
0.106319
-0.092654
-0.353807
6.72259e-14
-0.0121833
-0.0729748
4.23954e-14
-0.294787
-0.513866
0.170948
1.20013e-05
-0.000725964
0.0329326
0.1127
-0.10242
2.58039e-14
5.22893e-14
-0.0167721
-0.549838
-0.00497131
-0.0121582
-0.022115
0.0429485
0.751781
-0.00803899
0.437729
0.00132482
-6.15535e-14
-0.0451917
-0.0166016
-1.76164e-06
7.45079e-14
0.016557
-0.293403
0.0278343
-5.71596e-14
0.0562264
-0.288537
4.40117e-14
0.026198
-0.215316
-0.0434771
4.11643e-07
8.07264e-06
0.0209382
0.00479968
-0.148345
-5.04419e-14
4.12814e-14
0.025224
0.248369
0.00222628
-0.0289755
-0.043752
0.0363641
-0.000524766
-0.0795171
0.0786176
0.00933811
-1.88669e-15
0.694682
-0.00832728
-7.13217e-06
6.5933e-15
-0.0631146
-0.00224851
-0.105454
3.39905e-14
-0.238324
-0.00157728
-3.22421e-14
-0.0192514
0.00928951
0.0301826
6.76297e-07
-1.40112e-05
0.152733
0.0103565
0.0103287
4.92247e-15
3.94846e-14
-0.068746
-0.00901935
-0.0131909
-0.000287049
-0.395931
-0.0063315
0.0115806
-0.4018
0.0114203
-0.00648897
2.44873e-15
-0.353665
0.000453293
1.00748e-07
-4.21358e-14
-0.096171
0.0760477
0.154124
6.44538e-14
0.344434
-0.00392499
-2.99663e-14
-0.00650319
0.000787796
0.0111495
7.73707e-06
2.98554e-07
0.47282
0.00256349
0.00288344
4.59399e-15
-5.80038e-14
-0.0861096
-0.00452834
2.12324e-05
0.00596163
0.372899
0.00383495
0.00820391
0.802565
0.0100753
-0.0029861
-5.96158e-14
-0.0117075
-0.0326228
-5.66933e-06
7.1615e-14
-0.0196727
-0.0117714
0.0896439
-5.19536e-14
0.0029935
-0.163757
1.55194e-14
0.247166
0.125675
0.0374082
-1.16615e-05
8.0947e-05
0.0188375
0.233076
-0.811989
-7.07919e-14
4.90473e-14
-0.0030809
0.0686606
-0.00233038
0.129599
-0.0141613
0.0667323
0.123378
-0.0267055
-0.0205534
0.00277889
-2.97006e-14
0.0314347
0.0323575
-0.000121556
3.69662e-14
0.0233561
0.0300537
0.062186
-8.60087e-14
0.0253988
0.322424
-6.31927e-14
-0.415643
-0.0779687
-0.112298
7.10101e-06
0.000226535
0.00796048
-0.38868
0.643291
-1.08409e-14
5.948e-14
-0.00940234
-0.0676644
0.00421469
-0.239859
-0.0163708
-0.107357
-0.241712
-0.00781448
-0.161746
0.00279353
1.10258e-14
0.00260615
-0.0130282
-0.000110284
-5.30197e-14
0.0594185
-0.207751
0.0129632
-2.08125e-14
0.00737119
-0.183677
-6.15846e-14
-0.543124
0.102472
0.221149
-1.02052e-06
0.000156833
-0.00385938
-0.269438
-0.719679
1.61491e-14
-3.28395e-14
-0.0115978
0.0947258
0.00343134
-0.257309
-0.0115961
0.0844241
-0.135765
0.00470539
-0.137621
0.0059987
-2.58662e-14
-0.0736823
-0.288728
-1.65322e-06
7.15907e-14
0.181227
0.159313
-0.294803
-7.04171e-14
0.0237824
0.045837
6.12787e-14
-0.0257024
-0.016874
0.101343
-1.7712e-07
5.14812e-06
-0.111113
0.0153117
-0.0416481
2.96217e-14
9.3452e-14
0.0723655
-0.0643955
0.00218965
0.324711
-0.0143537
-0.0795921
0.172658
0.0562399
0.1661
0.00224672
3.75202e-14
-0.00208137
-0.0256162
9.67139e-05
2.36781e-16
0.0269745
0.0598729
-0.120731
1.59374e-13
0.00668318
0.0954986
-4.34006e-14
0.0140764
0.56692
0.256152
5.9561e-06
0.000179772
0.0182725
0.0468624
0.119935
6.31927e-14
-2.10748e-14
-0.000973387
0.581566
-0.00627661
-0.188973
-0.00454761
0.0384943
0.102865
0.00098734
1.15813
0.00201606
2.26097e-14
-0.0245463
0.113193
-8.68506e-05
-7.89103e-14
0.145469
0.150023
-0.400846
-4.75515e-15
-0.000416323
-0.17226
-5.41323e-15
0.853295
0.0514122
-0.0377014
9.4608e-06
-0.000714759
0.000983758
-0.1912
-0.0337991
-6.08553e-16
-8.45765e-14
-0.0260641
0.0908685
-0.00692
0.270561
-0.000412241
0.0423148
0.261788
0.0289538
0.0552328
0.00231755
-1.30567e-14
-0.0136805
0.00986042
1.83741e-05
4.72197e-14
0.146003
-0.536148
-0.0860656
1.78959e-14
0.0484538
0.0167884
-4.5492e-15
0.0200715
-0.0458671
-0.0350408
1.34298e-05
5.73499e-05
0.137067
-0.04333
-0.0540305
-1.5815e-15
4.8724e-14
0.131487
0.0153002
-0.000595234
0.00873004
0.282398
0.034324
0.064505
-0.200963
0.00050609
0.00661479
-5.17912e-14
-0.0642592
0.00302696
-1.28427e-05
-1.18175e-14
-0.525036
0.0020509
-0.147929
-4.84776e-14
0.153032
0.00306679
5.06639e-14
-0.00490467
-0.00933548
0.0166063
8.63682e-07
-6.47113e-06
-0.53226
-0.0072945
-0.0121894
-1.51518e-14
4.88048e-14
-0.208916
0.00723166
-0.00431705
0.0107351
-0.483845
0.00690502
0.0123697
-0.0872672
-0.012152
0.00242671
7.45653e-15
-9.50811e-14
1.84092e-14
2.3932e-14
-3.03394e-14
-4.90821e-15
-4.34625e-14
-7.04708e-14
7.42514e-15
6.13669e-14
5.11161e-14
-6.09864e-14
5.94011e-14
-3.87271e-14
2.23379e-14
4.28584e-14
-5.11706e-14
-9.0241e-14
-6.9158e-14
4.46161e-14
3.88982e-14
-3.80412e-14
-2.32036e-16
-3.47005e-14
2.4362e-14
-4.30525e-14
2.49736e-14
-4.89757e-15
4.22815e-14
2.53236e-14
6.72263e-14
6.04097e-16
-2.37686e-14
0.000545848
0.0256791
-0.000274931
9.59207e-16
-0.00445185
0.0974021
-0.06085
-1.20382e-13
0.000943761
-0.00794983
-4.98094e-15
-0.0450245
0.549182
-0.0798633
-3.53546e-05
0.000188214
0.0131951
0.0126992
-1.04584
1.09413e-14
4.55948e-14
-0.00596351
-0.188832
-0.000154799
0.024229
0.00188383
-0.0501873
-0.0736084
-0.00272995
-0.128158
-0.00110637
3.18124e-14
-0.281166
0.0370919
-3.25699e-08
-1.03525e-14
0.18245
-0.66987
-0.0694269
3.93689e-14
0.242046
-0.0176357
2.05841e-14
0.0171058
-0.0590912
-0.00339612
-1.85977e-07
1.81639e-07
-0.0817649
0.00467147
0.0492934
4.58574e-14
4.10256e-14
0.153835
0.040987
-0.00070168
-0.00216143
-0.168568
0.0297257
0.0273174
-0.287763
0.0211884
0.00302072
-2.3697e-14
0.302926
0.00236803
-1.88773e-08
5.94011e-14
-0.22518
0.410741
0.0249176
-3.60898e-14
-0.280279
-0.087771
-1.01579e-14
0.0769324
0.0270051
0.0428846
-3.38502e-06
-4.37855e-07
0.151682
0.103776
-0.0864928
-1.89512e-14
1.19727e-13
-0.19262
-0.0197459
-0.000198293
0.00899837
0.224957
-0.0107367
0.0520471
0.337603
-0.0443918
0.000415907
-3.53239e-14
0.126967
0.0447645
-1.39627e-07
3.03954e-14
-0.117462
0.395857
0.0788473
2.9376e-15
-0.187128
0.0410119
4.58006e-14
0.145538
-0.0576994
-0.122483
-2.93426e-06
1.48009e-06
-0.0799979
0.111405
0.270477
7.61041e-15
2.60321e-14
-0.119766
-0.0381649
0.000819736
0.160418
0.19656
-0.0639791
0.0520368
0.197827
-0.0423597
-0.00269692
-2.25634e-14
0.00598348
0.0163444
-2.1101e-05
-1.82817e-14
-2.52627e-05
0.0845787
0.124319
-1.16516e-13
-0.000187859
0.131031
1.13633e-14
0.323842
-0.215094
-0.133959
-8.88303e-06
0.000179112
-0.0142714
0.158563
0.908189
1.99521e-14
4.1887e-14
-0.0233457
-0.0371754
0.000488607
0.188583
-0.00277877
-0.0366501
0.181194
-0.0151817
-0.1594
-0.000719528
-2.50506e-14
0.573968
0.00652435
5.51785e-07
-6.07078e-14
-0.492895
-0.0232853
-0.387938
5.94011e-14
-0.0967587
-0.0201377
-7.19371e-14
-0.0146217
-0.00532478
0.00522134
8.2514e-06
1.84639e-06
-0.729753
0.0153705
0.00429587
1.78793e-14
-1.03508e-13
-0.220488
-0.00215194
-0.000186858
0.00847819
-0.288732
-0.00694179
0.00687302
0.424005
-0.0106052
-0.000225372