1.907943844795227
-0.7705432176589966
1.7827215194702148
0.6372653245925903
2.7308595180511475
1.750016450881958
0.745075523853302
-2.7987561225891113
-0.840018630027771
1.5039409399032593
1.2760305404663086
1.6072051525115967
-0.5224495530128479
1.9687350988388062
1.21122145652771
1.5515269041061401
1.5349328517913818
-1.3631850481033325
2.237745523452759
1.4979127645492554
1.9597762823104858
0.5370101928710938
1.769544005393982
2.3530831336975098
2.0856094360351562
2.3491806983947754
2.9769139289855957
-0.47982513904571533
1.8618476390838623
-0.34333497285842896
1.194293737411499
1.648512601852417
3.076392412185669
2.1757044792175293
2.1265363693237305
1.4559683799743652
2.149634599685669
1.8291523456573486
0.6865677237510681
1.7029969692230225
1.524725317955017
0.6970447301864624
1.7164735794067383
2.189350128173828
1.5045291185379028
1.8013321161270142
1.4207903146743774
0.031078048050403595
1.4471269845962524
1.4261499643325806
0.6542438864707947
2.6063239574432373
1.505235195159912
1.741768479347229
-0.11475961655378342
1.0803672075271606
0.13040955364704132
1.125525712966919
1.0554617643356323
2.177705764770508
0.7216662168502808
-0.27058082818984985
1.9586496353149414
1.4241759777069092
0.5285284519195557
1.6268341541290283
2.47833514213562
-0.08060693740844727
2.470778703689575
1.9993549585342407
1.80894935131073
2.6681318283081055
1.418546438217163
2.395048141479492
1.4863967895507812
0.1980583220720291
1.5495078563690186
3.146244764328003
1.5770100355148315
0.5189545750617981
1.3139078617095947
1.9110205173492432
2.1962733268737793
0.028017714619636536
0.9377840161323547
2.2370567321777344
1.6363993883132935
2.8978271484375
2.206982374191284
1.8691551685333252
1.7053014039993286
2.008646249771118
1.6223680973052979
1.8731658458709717
1.9601072072982788
2.0813441276550293
1.5227938890457153
1.9376791715621948
-1.2328081130981445
0.97330242395401
0.2355497032403946
1.6149219274520874
1.9606895446777344
1.5875862836837769
1.4835302829742432
2.164675712585449
1.889625906944275
3.1143181324005127
1.7052148580551147
2.3655152320861816
1.675605297088623
1.0333915948867798
2.662553071975708
1.874399185180664
1.909874677658081
1.5964399576187134
-0.18147850036621094
-0.018463648855686188
2.0030038356781006
1.3737777471542358
1.1136683225631714
1.632757306098938
1.2466669082641602
-0.2315976619720459
-0.9544594883918762
0.18519386649131775
1.9721113443374634
1.7985295057296753
1.6276761293411255
1.2833340167999268
1.617539644241333
2.165304183959961
1.5506478548049927
0.09065317362546921
0.257931113243103
1.4726964235305786
1.5507526397705078
0.41532835364341736
0.17654511332511902
2.303475856781006
0.04076584801077843
1.9284931421279907
0.7868759632110596
1.0567479133605957
2.7128593921661377
2.055014133453369
2.4655399322509766
1.6604928970336914
0.6009336709976196
1.3593846559524536
1.4067249298095703
1.6147456169128418
-0.029407652094960213
-1.5731984376907349
-0.342006117105484
1.1913504600524902
1.4678192138671875
1.0580873489379883
0.08609674870967865
2.236290693283081
1.762107491493225
1.4027025699615479
0.30176132917404175
0.8930336236953735
2.205254077911377
0.9147571921348572
2.0089166164398193
1.488564372062683
1.6633762121200562
2.0964088439941406
2.309743881225586
0.7986776828765869
0.2861691415309906
1.4398078918457031
2.1762731075286865
0.28432220220565796
0.3635452091693878
1.3336327075958252
2.2267680168151855
1.1006540060043335
1.4220231771469116
2.9026591777801514
0.05906683951616287
0.3091495633125305
2.1995067596435547
2.807915449142456
1.6771963834762573
0.12594355642795563
2.436288595199585
2.8971517086029053
1.159456491470337
1.9537540674209595
2.111724853515625
1.9667483568191528
2.5129053592681885
1.384804129600525
-0.3922208249568939
1.9270858764648438
2.8618409633636475
1.4744220972061157
1.6268506050109863
0.6531811356544495
1.4964367151260376
1.0122895240783691
0.3784407377243042
2.2480127811431885
1.8690217733383179
1.1801351308822632
2.530914068222046
0.7543288469314575
-0.06081376597285271
1.2324062585830688
1.6769598722457886
2.117464780807495
0.38025718927383423
2.883584976196289
2.620992422103882
0.28127357363700867
2.1308906078338623
0.5599329471588135
1.870021104812622
2.410245418548584
1.9275903701782227
0.5053791403770447
0.9995288848876953
0.9551268815994263
2.22371768951416
1.7446343898773193
3.009211540222168
2.0089869499206543
1.867614984512329
1.5732096433639526
1.5245792865753174
1.8197141885757446
0.73244708776474
2.124825954437256
0.6754477024078369
1.153980016708374
2.5087504386901855
1.110938549041748
-1.6571108102798462
1.311212182044983
1.3360964059829712
1.7196930646896362
2.2737114429473877
0.5467867255210876
0.961526095867157
1.5325939655303955
2.1853888034820557
0.850121796131134
1.630736231803894
2.725947618484497
1.3555282354354858
2.863330125808716
1.9327152967453003
0.12093896418809891
