0.7005505251542093
0.8061967497990777
0.48523050351211433
0.9366157881119439
1.2210710679850163
0.6517143281188958
0.8292218345870803
0.672574132676383
0.5877047636439128
0.5888667176404505
0.7582261919131915
0.6075102918247592
0.8854884284764184
1.0683745281253698
1.0496574892260881
0.7866043938084147
0.6605335586622287
0.8114333199272389
0.8135327677091472
1.188559240845926
0.8459887021439905
0.7567177648417779
1.0082659984731523
0.756892962506418
1.515954861011699
1.2751720577905985
0.6485846578153265
0.9307505585543022
0.9536627273827103
0.7607897924921775
0.5503740207179098
1.258572348111384
1.2576262819802881
0.6543450735075044
0.6451291734146155
0.9877739072536
0.784100338390381
1.0408083715772154
1.1556422006287341
0.7023401846280689
0.9928065558745786
0.7537599418073051
0.6288323076269967
0.9480112257244525
1.0989363517310475
1.3584530480800177
0.7070629140602639
0.5455256144578943
1.0301154055338952
0.5578854860913938
0.821381561332043
0.7820902774877131
0.7211521978858304
0.8495664113373622
0.9469295956826397
0.6660452118955142
0.6645354534906888
0.9217286467679656
1.0251386995213017
0.9560091817466786
0.7875421518821776
0.8665430308760748
0.9667564064880971
0.8964100797696727
0.9111337027100755
1.1399769762290803
0.7105109314637975
0.7760091554799678
0.9380204731998603
1.0191791618082346
0.5967476721959125
0.6615711473594459
0.985043350756797
0.9773766813516211
0.7690857974185283
1.3519995366693864
1.016185524128014
0.7405589744657157
0.8865574161785823
0.9470069206673732
1.677298567456092
0.9358423587797521
1.2375067859039748
0.7031842616220867
0.6963055501861024
1.1545794821300632
0.601585745226109
0.7431828787347747
1.6841153218204956
0.6639823737778036
0.7931473710652915
0.8699342071933505
0.7342624259861023
0.6503439862366012
0.7859650129655821
0.744426170531294
0.5431933708747111
0.6631026440230737
0.5265811190157407
0.793492157275377
0.9441250117900559
0.9042635296797368
0.7194835492122997
0.7808720710642064
1.0482844988956956
0.8173654284525713
0.900563956633388
1.3020202238530891
0.7274451776540669
0.742198229902907
0.826179169462571
0.7067916934693202
0.8279064975594599
0.6724843086127952
1.2166586126208994
0.6205055866435674
0.9178356387761301
1.0575445181131324
1.6021819840885552
0.7910222640900978
0.9835280821727429
0.7752183089878397
1.2599738184918414
0.9959404087891965
0.7878739958461225
0.9920053154395346
0.7539429024597105
0.6520413236116404
0.9388192817428311
0.5143275679623458
0.8565587181945841
0.7785448242469176
0.6056349601753289
0.797237247184417
0.7167728520247462
0.8529839233457616
0.6101969880438268
1.0841214814227411
0.6694606924547468
0.7220431316151817
1.0415469194374825
0.6846734470055224
0.7314911166060415
0.7532468379068583
0.7675338311458526
0.6718186738999881
1.2054781311026137
1.3260740087520084
0.8513500829222438
1.0496575460109383
0.7636887420586753
0.7539523102125419
0.7009395848318483
0.47595865835046086
0.6668773777283857
0.7344314559987786
0.9277124732714911
0.8262695981931778
0.9660935501525366
0.81015634770333
0.6550632243545963
0.6143266656127053
0.9247419169955223
0.8890257150988005
1.6990123617475812
0.7489194324207891
0.5956969572154445
0.8397672828106456
0.6028078102969586
1.0384374248769792
0.7295188323316486
0.8447711634156707
0.8073381346752219
1.0175834323503028
1.4494952987484127
0.8203056776943797
0.5160484722809326
0.8041947797364396
1.043230780100166
1.1033016899753567
0.9440450515321592
0.7521227049802863
0.8204996609753937
0.7751814789713897
1.3201249845172631
0.9002514718320976
1.4439134830540956
0.8607092198515072
1.2449650263182803
0.6542854520341487
0.7582157759320987
0.848500765976029
0.6275763205738927
0.931042564125906
1.0808406632723135
1.0613780890853255
0.7372448308432983
0.7049882241205747
0.6467235487404827
1.2606811323326106
1.062201604342663
0.8385954416853941
0.8639431385009998
1.3747427269659453
0.7984939740359067
0.8216859206935033
0.8644451120645592
0.7809611822707025
0.8172210283859227
0.5440116152119403
0.7507597419444597
0.9051687504257335
0.7841060016069138
0.8806354793360958
0.7177683809478563
0.7929757861497025
0.7174452348071662
0.7875732953915217
1.2850011764699099
0.9282894430680237
0.8435280902235113
0.9885687192398181
0.8422015858110995
0.689214096174698
0.9250674885538698
0.8175279209490154
1.2713883937347346
1.203073109486202
0.9375606585905973
1.2166950609647584
1.0420892333410614
0.6375871699705583
0.5949092748939482
0.6866263871469728
0.5421386914449497
0.7852285253557197
0.7014509072367175
0.6799657061989214
0.8094624894035571
1.1829834227734655
0.7860845597332162
0.6867171605843648
1.1466799207871345
0.9210498872493789
0.8798314363339089
0.6273438239186625
0.8122266975857335
1.2871776143856941
1.0162737378377988
0.6162537726311952
0.8588541781716763
0.6599546368860676
0.7010450419948844
1.2778362110202226
0.8950371861857495
0.8333333609263097
