0.6624001264572144
1.4128355979919434
0.3931131958961487
0.9789905548095703
0.9765219688415527
0.5957128405570984
1.045583963394165
1.429756999015808
1.4747692346572876
0.6182594895362854
1.4398244619369507
1.430477261543274
1.3425413370132446
0.8089967370033264
0.8228944540023804
0.8527294993400574
1.0137184858322144
1.5707952976226807
0.45839884877204895
0.9601479172706604
1.0608421564102173
0.7386122941970825
1.2786258459091187
0.5972292423248291
1.072117567062378
0.9367339611053467
1.2854607105255127
1.7171719074249268
0.6446271538734436
1.7726155519485474
1.034055233001709
1.0178300142288208
0.9391990900039673
0.6875795722007751
0.9512406587600708
0.6274599432945251
0.6011625528335571
1.7720999717712402
1.3917149305343628
0.9612410068511963
1.1083120107650757
1.7806456089019775
0.6841142177581787
1.723991870880127
0.8680475950241089
0.76053386926651
1.5031609535217285
1.0474085807800293
1.394249677658081
0.7471370100975037
1.7077646255493164
0.7402945756912231
1.2958940267562866
0.7547155022621155
2.174466609954834
0.5144436955451965
1.2886549234390259
1.2127776145935059
0.8755062222480774
0.7530184388160706
1.6367849111557007
2.2833635807037354
0.8834574222564697
0.9722179174423218
1.4264063835144043
0.7308777570724487
1.6915103197097778
1.1107510328292847
0.7072836756706238
0.6806773543357849
1.0035792589187622
1.1164579391479492
0.8017863035202026
0.6092131733894348
1.3019113540649414
2.099652051925659
0.9287541508674622
1.500691294670105
0.9399193525314331
1.1251078844070435
1.0374996662139893
0.4623768627643585
1.0903867483139038
1.7422230243682861
0.8561142683029175
0.8102473616600037
0.8050653338432312
1.4628607034683228
0.8163612484931946
0.4680459499359131
0.8601405620574951
0.5839415788650513
0.5982537269592285
1.5813614130020142
1.7650501728057861
0.398170530796051
0.7851521372795105
0.6405156254768372
1.017188310623169
1.1741117238998413
1.2707394361495972
1.0168182849884033
0.7282956838607788
0.9718821048736572
0.9689666032791138
0.7629305124282837
0.8573178648948669
1.0340996980667114
1.0189461708068848
1.4855509996414185
0.4578695595264435
0.8062976598739624
1.768413782119751
0.4977486729621887
0.6065316796302795
1.1805832386016846
1.4900004863739014
1.858033299446106
0.7912885546684265
0.865024745464325
0.5564040541648865
0.9223321080207825
1.1199709177017212
1.639893889427185
1.4860199689865112
1.4341849088668823
0.5956604480743408
0.8203330039978027
0.6328850388526917
1.2112855911254883
0.9325498938560486
1.1971354484558105
1.565411925315857
1.560347557067871
1.6624219417572021
0.8921104073524475
0.7371066808700562
1.3486313819885254
1.2061043977737427
1.5601519346237183
1.4257853031158447
0.7900201082229614
0.9572329521179199
0.8335387706756592
1.1034661531448364
0.5386615991592407
0.8355428576469421
1.1785730123519897
1.8651043176651
1.0507904291152954
1.7839040756225586
1.323229432106018
1.5116416215896606
1.4834734201431274
2.2336580753326416
0.9799599051475525
0.8870682120323181
1.4578607082366943
2.173583507537842
1.3172098398208618
0.8398796916007996
1.2156651020050049
2.3191099166870117
0.8925842046737671
0.747114896774292
1.3517571687698364
1.0303285121917725
1.4048700332641602
0.9225766062736511
1.0343973636627197
0.6291595697402954
0.899756133556366
1.1414672136306763
0.80903160572052
1.5260728597640991
1.6695747375488281
1.0175480842590332
0.5866228938102722
1.0830312967300415
1.3312898874282837
0.8501424193382263
3.1339707374572754
1.1875522136688232
0.8035418391227722
0.7978960275650024
1.1083873510360718
0.8965833187103271
1.3505425453186035
1.460859775543213
1.4456255435943604
0.9073774218559265
1.064521312713623
0.6733143329620361
1.5396605730056763
0.6838503479957581
1.3912602663040161
1.361265778541565
0.3533115088939667
0.5929782390594482
0.9577987790107727
0.832302451133728
2.1576926708221436
0.6621549725532532
1.0208319425582886
1.2373968362808228
0.5046369433403015
0.9238383173942566
1.1590572595596313
0.7818760275840759
2.843777894973755
1.5473655462265015
0.7252727150917053
0.905947208404541
0.991658091545105
0.7912153601646423
1.5706017017364502
1.2457209825515747
1.2346864938735962
0.7795228958129883
1.272443413734436
0.84431391954422
1.1418418884277344
1.505652904510498
2.016957998275757
1.2758326530456543
1.2765637636184692
0.7300077676773071
1.304072618484497
1.6042957305908203
0.5938645005226135
0.8431167602539062
1.0992549657821655
0.7700368762016296
0.6688508987426758
1.666481375694275
0.4258194863796234
0.8230155110359192
1.5769851207733154
1.1569384336471558
1.12726891040802
1.6865018606185913
0.8551984429359436
1.0126651525497437
0.5034617781639099
1.3233646154403687
1.2724807262420654
0.9631253480911255
0.8021618723869324
0.6119104027748108
1.7749751806259155
1.2736141681671143
2.201597213745117
0.9498670101165771
1.0989766120910645
1.7104556560516357
1.7773982286453247
