-1.5952107906341553
-0.9572811126708984
-1.735455870628357
0.09626393020153046
-0.42446863651275635
0.6018727421760559
-0.4107091724872589
1.7109119892120361
-2.490903377532959
-2.3879170417785645
-3.468973159790039
1.1465632915496826
0.17273513972759247
-1.952168583869934
1.5773013830184937
0.8749203681945801
-0.43459761142730713
1.2196539640426636
-0.7859823107719421
1.3702651262283325
2.2347605228424072
-3.1272027492523193
1.422300100326538
-0.4187355637550354
-0.9278645515441895
-1.0606251955032349
0.2879387140274048
0.09082330763339996
-1.4427770376205444
-1.0589957237243652
-0.24686942994594574
-1.0719330310821533
-1.127345323562622
0.2788930833339691
-0.34873589873313904
0.48994529247283936
1.000562310218811
-1.2887756824493408
-0.6999584436416626
0.32245922088623047
-0.6826525926589966
-1.8252480030059814
-1.478270173072815
0.03144275024533272
0.10767511278390884
5.071915626525879
-2.029510259628296
0.9190305471420288
-1.292478322982788
0.34570005536079407
2.648712158203125
-1.9305658340454102
-1.794988751411438
1.4697093963623047
2.6877455711364746
1.3252568244934082
-0.6751903295516968
0.06497737765312195
-0.016049722209572792
-2.889636754989624
-0.6856406927108765
-1.3773419857025146
-0.4996125400066376
1.4294538497924805
1.90268874168396
-0.41487735509872437
-0.6499736905097961
-1.8076587915420532
0.37390175461769104
-3.9380972385406494
-1.2790496349334717
-2.58431077003479
0.42370304465293884
-0.38324740529060364
1.107720136642456
3.0941641330718994
-0.8986589908599854
-0.09732711315155029
0.6050903797149658
0.08024349808692932
3.123154640197754
-1.7710732221603394
2.823709726333618
-0.12181048840284348
2.4133412837982178
0.44789156317710876
-0.29612937569618225
0.005328347906470299
-0.24362370371818542
1.5012720823287964
1.301270842552185
-0.09929271042346954
0.01787468045949936
2.2394115924835205
0.5567229986190796
-2.684558868408203
0.006224450655281544
-1.376099705696106
1.5660243034362793
1.7535408735275269
-0.2074904888868332
0.4901290237903595
-0.291797012090683
0.43261170387268066
-0.4816562831401825
-2.282285213470459
1.3223936557769775
-1.8709672689437866
1.5649901628494263
-1.4267373085021973
0.9240853786468506
3.3502228260040283
1.630109190940857
2.2935543060302734
-0.3270357847213745
-1.561432123184204
-0.6630468368530273
-0.34886693954467773
1.6128920316696167
-1.5965678691864014
7.74061918258667
-2.864344596862793
2.2515785694122314
1.6669234037399292
1.2130769491195679
-2.366215705871582
-1.6038100719451904
-0.14462785422801971
-1.0790491104125977
-0.7770817875862122
2.9381484985351562
2.212278366088867
-2.026772975921631
-0.048508208245038986
-0.030243437737226486
-2.270357608795166
-0.20322154462337494
0.9157883524894714
0.32849639654159546
-1.014041781425476
0.18277879059314728
-0.15090642869472504
1.2105036973953247
0.39532986283302307
-0.4880761504173279
0.11149151623249054
-0.3254951536655426
-4.053816795349121
0.6764820218086243
0.47360268235206604
-1.590429663658142
-1.2121899127960205
0.41562944650650024
0.8427627682685852
-1.9954537153244019
-2.113490343093872
0.2014077752828598
1.2273141145706177
1.4438073635101318
-1.1813701391220093
1.3433133363723755
-0.6283641457557678
-0.127760112285614
1.1679987907409668
-2.9100635051727295
0.21508505940437317
-0.11523865163326263
-1.7982271909713745
-1.2818440198898315
-1.2193909883499146
-1.5717509984970093
-0.05092449486255646
-1.304680347442627
1.549128532409668
-1.580378770828247
-0.6472795009613037
-0.49572908878326416
-2.340224027633667
-1.4242335557937622
-0.8110665678977966
-1.7533069849014282
1.9432835578918457
0.6967340707778931
-0.3852137327194214
0.617498517036438
-1.997471570968628
-1.9914413690567017
1.9318498373031616
-1.9159337282180786
0.9433650374412537
-0.9207868576049805
-2.1882050037384033
0.3640406131744385
0.46391361951828003
-2.8383638858795166
4.23499870300293
0.38219329714775085
-2.3939051628112793
-2.412797451019287
1.097425937652588
1.5184721946716309
0.06154823675751686
0.49590328335762024
3.5673201084136963
1.906303882598877
-0.061245452612638474
2.36126971244812
2.272327184677124
0.41047805547714233
-0.20246045291423798
1.6403017044067383
0.09014701843261719
-2.302651882171631
1.2321566343307495
-2.4965224266052246
-1.429697036743164
-0.11145533621311188
2.298537492752075
0.31113919615745544
-1.6763039827346802
6.111762523651123
-1.0082331895828247
1.5143910646438599
0.2844376862049103
1.2640665769577026
-2.881751775741577
0.17758141458034515
1.151185154914856
-0.22120970487594604
-0.7963799834251404
0.0650671124458313
-2.4356048107147217
3.12391996383667
0.3817923069000244
-1.3189915418624878
-0.7830602526664734
-0.5291885733604431
-0.8189513087272644
-0.4970339834690094
-0.008140932768583298
0.37595072388648987
-0.9804629683494568
-0.3574390411376953
-0.11136423051357269
0.42307475209236145
-1.0643552541732788
-1.7744393348693848
4.00566291809082
-2.655832290649414
-0.6015662550926208
-0.38349777460098267
-0.5364298820495605
1.4498636722564697
-1.6638375520706177
-1.018674373626709
1.1320899724960327
