1.372653841972351
1.9337224960327148
-0.4275858998298645
0.4596683084964752
1.9057152271270752
3.106982946395874
2.1602563858032227
1.6434028148651123
0.06552610546350479
0.3455650806427002
1.2767369747161865
-0.13176943361759186
-0.1681782305240631
0.37980300188064575
-0.16727633774280548
-0.18414244055747986
-0.11949538439512253
4.2040324211120605
-1.1167619228363037
-0.33154118061065674
1.8045151233673096
-0.314454585313797
0.8291177153587341
0.060471728444099426
2.4582302570343018
-0.1914435625076294
-2.013202428817749
1.2157825231552124
-0.5040612816810608
-0.8614220023155212
2.08113169670105
-1.4329688549041748
-0.2547272741794586
-0.6720346808433533
0.017445551231503487
-0.07057728618383408
-0.3827537000179291
-0.7437044382095337
-0.9502413868904114
0.7895709872245789
-0.911175012588501
0.14091317355632782
0.21259371936321259
-0.11106931418180466
0.22444988787174225
1.2093552350997925
2.2933242321014404
-0.38162875175476074
0.9689541459083557
1.88567316532135
-3.435973644256592
0.5867056846618652
-0.6594189405441284
2.2747883796691895
0.09890039265155792
-0.5196927189826965
-0.21610325574874878
2.1012771129608154
1.024592638015747
-0.9634917378425598
0.8030243515968323
1.8049066066741943
0.9587990045547485
-0.1680099368095398
-0.2888306975364685
2.2219905853271484
-0.14596179127693176
2.9123611450195312
-0.32895010709762573
2.616666078567505
-0.46688371896743774
1.4191994667053223
-0.24241407215595245
0.5533518195152283
0.1224985271692276
-0.3820447623729706
-0.6503905653953552
2.437650442123413
-0.2231157273054123
0.13065744936466217
-0.6796942353248596
1.3461031913757324
3.147887945175171
-0.18944089114665985
-0.4538835883140564
-0.06187332421541214
-0.26856890320777893
0.9185468554496765
2.369023323059082
-0.8875912427902222
2.4488131999969482
1.8383169174194336
-0.2692020833492279
0.5959022045135498
-0.5075090527534485
0.5106468200683594
0.18953660130500793
-0.7051762342453003
-0.20727065205574036
1.6565181016921997
-0.7230657935142517
5.081488132476807
-0.14157989621162415
-1.012129783630371
0.9769508838653564
-0.45813024044036865
1.7318780422210693
0.6706257462501526
-0.10114211589097977
-0.8264219760894775
2.573836326599121
-0.15365388989448547
0.6363381147384644
-0.6033428311347961
-0.25108280777931213
-0.43604031205177307
-0.7901143431663513
0.5144621133804321
-0.44929590821266174
2.015575885772705
2.205611228942871
1.9522440433502197
1.7779512405395508
-0.4828623831272125
0.11404155194759369
-0.6167870163917542
0.435130774974823
-2.5241901874542236
