-0.8380622267723083
1.7236346006393433
1.0753852128982544
5.406935214996338
-0.21935757994651794
2.5349674224853516
1.8743445873260498
0.37743285298347473
-1.3430581092834473
-2.359955310821533
2.9356725215911865
-0.1393032968044281
-0.32060229778289795
1.22487473487854
6.934377670288086
0.048457350581884384
-2.885932445526123
-4.998370170593262
-1.7351621389389038
1.25632643699646
2.3503270149230957
-0.6055347919464111
1.4260979890823364
-3.6893906593322754
4.622538089752197
5.135907173156738
5.952358397842694e-12
-1.1263833045959473
-0.3689599931240082
0.3570095896720886
0.30449190735816956
-2.2181029319763184
3.426830530166626
2.0188581943511963
2.427125930786133
-0.394407719373703
0.3498125970363617
0.20094384253025055
4.7825093269348145
-2.6256532669067383
-2.1039958000183105
1.1463919878005981
4.476925373077393
-1.4054594039916992
-0.057918377220630646
1.7099052667617798
-3.3073644638061523
0.30402636528015137
1.6390596628189087
-4.481595993041992
-0.18058444559574127
1.7705951929092407
1.1450966596603394
-5.685144901275635
-1.6947873830795288
5.208076477050781
3.5033891201019287
0.5275927782058716
0.6249585747718811
-1.4430943727493286
0.049936048686504364
2.301568031311035
0.14850766956806183
-2.610595703125
-0.019807107746601105
-1.6575127840042114
-1.115456461906433
0.8683634400367737
0.012106886133551598
-3.285139799118042
0.37592053413391113
-1.924492597579956
4.200704097747803
-1.647125482559204
0.6712297797203064
-2.1434381008148193
-0.5112970471382141
1.7757158279418945
5.863362789154053
0.04620823264122009
-0.6597887873649597
0.8050860166549683
0.2670997977256775
0.5318676829338074
0.21255554258823395
-0.3860892653465271
2.247321844100952
3.819565534591675
2.9709174633026123
-3.084920883178711
-1.7288544178009033
3.602198600769043
-1.8522225618362427
0.6974464654922485
1.2118701934814453
0.6121085286140442
0.7936697006225586
1.5422018766403198
1.9496740102767944
-0.6463059782981873
-0.7735143303871155
-0.6562687754631042
-1.6051663160324097
3.750851631164551
0.36420223116874695
2.8927059173583984
0.39696794748306274
0.6508342027664185
3.207308769226074
3.083224058151245
-1.276071548461914
-0.41552314162254333
-2.652188301086426
0.3393714129924774
-1.7202650308609009
0.4519014358520508
4.1641364097595215
1.0227078199386597
1.3929048776626587
2.570166826248169
2.5616726875305176
0.28574153780937195
-2.2306792736053467
-3.6387016773223877
-2.6104891300201416
1.0477412939071655
3.4315245151519775
-1.031477451324463
