0.998857030230234
1.2609371732690096
1.6023127815754326
1.1026635914055847
1.1738003291998131
1.0946066421584668
1.0865693268933123
0.9490210940686749
0.8748279203415938
1.071924630397951
1.0536102788749626
1.2635535540837914
1.4265979928722778
1.0552786750105716
1.3251029518005322
1.2589619097715932
1.0988503261239526
0.9587369150017341
1.1897614983766323
1.3208099244427063
0.7943300941914564
1.2558601632360473
1.6633172531854117
1.3523509909856333
0.6374754225911224
1.3222099352425105
0.03162277660168379
1.4295809599989104
1.074164904989293
0.9086639618580286
0.9614453475146829
1.8704383867645176
1.3970420996890278
1.0507907006501702
1.464943706225071
1.4333669127737396
1.7142207239751774
1.0299011777487899
0.9732222910360563
1.4180038325065611
1.0458587501041297
1.2909033656634414
1.5893008871196146
1.2433801651300205
1.06158158539782
1.2080162304867872
0.816000740642305
1.368649365283394
0.8652457834012626
1.508322697947962
0.9066791575871017
1.1154006116868467
1.5789515005325323
0.9750491574928866
1.8238800390473402
1.7627263744882609
0.9684190558923338
0.9816306540927371
1.1862889995535366
0.8664236817184322
1.2138544995848615
0.9613734308174688
0.7493887721713856
1.2689615518623802
1.1822803427984372
1.1295295028683565
1.8686348834352158
1.1632493325614204
1.117542109624126
1.1224576838446023
1.5346911401070482
0.8273750441903187
1.2358411752851133
0.9601471361514572
0.7445709992852828
1.6441046229993388
1.105301786181526
0.7523300302745946
1.202862679160043
1.1765510653767166
1.2831930271256509
1.3381678209932129
1.0651721790986626
1.2074128375768824
1.187350595411589
1.23379747463666
0.9386569264746006
1.1585401386556624
1.2183118965900077
1.5671385999145586
1.0506669791672172
0.7970220099584548
1.344099336858608
1.0208030519211149
1.1991731023891894
1.285586698756222
1.1292773950955772
1.0381248435537644
1.1268395964296996
1.0175406133433502
1.2692076570767394
1.3603958860078837
1.245975481979983
1.1966144033050679
0.9676367058883034
1.420666552438169
1.0272568123007382
1.110843149462801
1.2522180242128662
1.734518255142648
1.017036256108261
1.0189262499789267
1.1817628205477317
1.4562014186106675
1.2584338629693483
1.2317623838278704
1.047750909839946
0.7572740122658164
1.2067375743345576
0.881548904427698
1.0481023061043608
1.0214614199216265
0.9743078897988552
1.2547385336258319
1.1437718919837245
1.156691420965402
0.8218203253019895
0.8717621506702135
