1.0505603551864624
0.5791072249412537
1.7620713710784912
1.8447983264923096
1.4102650880813599
0.6025693416595459
1.2427473068237305
0.42947298288345337
1.2638131380081177
3.0332565307617188
1.291975736618042
1.2162904739379883
1.7493304014205933
0.8867027163505554
1.1491891145706177
1.2301182746887207
1.9711542129516602
2.4378459453582764
1.3337074518203735
1.2019774913787842
0.41821420192718506
1.332363247871399
1.0023927688598633
1.2757372856140137
1.2621961832046509
1.176705002784729
0.18780168890953064
3.936685085296631
1.7225306034088135
1.4645646810531616
1.014816403388977
2.505195140838623
1.4646716117858887
2.3376903533935547
1.3978766202926636
1.6022223234176636
1.8232336044311523
1.3092907667160034
1.5724056959152222
1.2238941192626953
1.122282862663269
2.149646043777466
1.7109366655349731
2.030679225921631
1.071030855178833
3.162093162536621
0.9509240388870239
2.55161190032959
1.432460069656372
3.337695837020874
2.3438217639923096
4.096003532409668
1.8906047344207764
0.6992272138595581
1.9952480792999268
1.9334553480148315
1.2514283657073975
0.8338545560836792
1.2539124488830566
0.8611384630203247
2.356153726577759
1.800184726715088
1.025579810142517
2.0587923526763916
2.7044100761413574
0.8234906196594238
1.7019035816192627
1.3431929349899292
1.538852572441101
0.634037435054779
1.5361623764038086
0.753654956817627
1.1811867952346802
0.9837735295295715
1.2203129529953003
1.727891445159912
2.66385555267334
1.5999342203140259
1.1387205123901367
4.045380115509033
2.094417095184326
3.300565481185913
1.312078595161438
1.2191437482833862
2.3449480533599854
1.833592414855957
1.1962400674819946
2.4983158111572266
2.1856038570404053
2.598224401473999
1.0752722024917603
0.18756729364395142
2.1248538494110107
1.458522081375122
1.259456992149353
2.3376646041870117
0.8713664412498474
1.3184831142425537
0.9530054926872253
0.43815097212791443
2.57513427734375
1.6357994079589844
1.7364449501037598
1.632588267326355
1.245958685874939
1.741518259048462
3.4467556476593018
3.6992363929748535
1.2533646821975708
2.031567096710205
1.944176435470581
1.024195909500122
3.4560749530792236
1.7721812725067139
1.589185357093811
2.034227132797241
1.7553043365478516
1.2228533029556274
3.228978395462036
0.786794126033783
0.6011682748794556
1.4916824102401733
1.9134666919708252
1.3706929683685303
1.0319803953170776
1.5389900207519531
0.6749168038368225
1.961572527885437
