-11.405539512634277
21.479312896728516
-4.2115278244018555
8.438092231750488
-14.539859771728516
-33.241153717041016
9.251031875610352
-1.838761806488037
4.453225612640381
-9.616656303405762
-7.227707862854004
3.7747514247894287
4.94670295715332
6.579701900482178
3.6041722297668457
3.438868761062622
-5.236863136291504
-36.021759033203125
1.1295740604400635
2.71761417388916
-2.278195381164551
3.522662401199341
8.301484107971191
4.332825660705566
5.333955764770508
-3.1984434127807617
3.9181657483695774e-35
-17.01238250732422
4.067208766937256
1.7837334871292114
-0.4636934697628021
2.507750988006592
-3.4949758052825928
-4.152346134185791
4.265408039093018
4.9965386390686035
4.619119644165039
1.9824061393737793
2.0055747032165527
11.125611305236816
1.027856469154358
8.885468482971191
-6.97745418548584
-6.396264553070068
3.9869022369384766
-16.153589248657227
4.433755397796631
-6.507615566253662
0.7798957824707031
-18.233274459838867
0.34586960077285767
-13.041760444641113
3.824470281600952
-24.649822235107422
7.945101737976074
4.7039408683776855
1.8343113660812378
1.0364973545074463
-11.537679672241211
0.2674548029899597
-9.590766906738281
-15.574862480163574
1.5800162553787231
6.435298919677734
-7.5326972007751465
6.21147346496582
-5.673539638519287
-30.166982650756836
3.6574676036834717
-23.25905418395996
3.1407582759857178
-1.5865442752838135
-3.5073142051696777
-1.2450577020645142
1.6751075983047485
3.60083270072937
6.434207439422607
-6.972023010253906
3.4226577281951904
-12.774407386779785
4.0326409339904785
-19.962631225585938
32.497886657714844
4.023181438446045
6.0390448570251465
5.2273688316345215
3.108847141265869
-11.851685523986816
-25.252717971801758
5.2110443115234375
28.02286720275879
-0.2535155713558197
-5.594949245452881
7.452324390411377
3.0710113048553467
-9.155533790588379
3.4461512565612793
-2.178656816482544
3.0315146446228027
2.1561028957366943
-5.51905632019043
-48.049644470214844
-5.100486755371094
2.173656940460205
-1.5876933336257935
4.068112373352051
-14.613700866699219
-13.356858253479004
4.404693126678467
2.9622933864593506
-22.80148696899414
3.5771496295928955
-12.997040748596191
3.950150966644287
4.287511348724365
-4.188944339752197
2.2372448444366455
0.15354502201080322
-7.549600124359131
1.178115963935852
-20.329946517944336
-16.44672966003418
-15.092690467834473
2.9411098957061768
4.223176956176758
2.7859530448913574
4.399007320404053
0.34940168261528015
