6.414531180539485
4.808278258397767
3.343375579120827
7.183410580862143
7.28443102958664
3.5995526215937668
5.507521997547245
1.6181150939567461
4.797509025497654
9.577549110312576
5.128033049954513
3.750002362059803
3.1765346897031828
4.727082892000803
3.7145259911088315
3.2800998053834225
6.520346311019454
10.400097403436979
1.7267625997593687
3.0087173608484234
1.7613401359847385
3.037737257996584
7.26687687257746
3.9996795020450815
4.910170872778047
3.121903919166215
0.03162277660168379
12.667361379210883
3.4091420033365543
3.1053475335029743
2.92471217768974
2.936126156562585
2.5715613907011865
3.4076223952323077
4.054296406430626
3.207710010435383
3.9451139888564435
2.779043471214274
2.9905597573620755
6.596238996313306
1.605964625200577
8.299180945003558
4.318383951973821
6.4599352187932855
4.25126388785324
12.857515799111976
3.3710407877592963
6.613045366437062
6.097909970798428
14.183772620911503
1.320812406444334
10.819073242436032
3.8807638525454795
5.7062441785935185
6.119458909393051
4.836570742755927
2.661531842932946
3.00605981681227
5.693915517434179
0.8464498140878275
8.376305810047619
10.522120498045565
3.3188833344250614
6.916017871010649
7.7737660754206725
4.134917224207736
3.5982186540849597
8.284186570288458
3.2938365332801793
4.654838868004451
4.05085123982749
2.880957786984346
3.6760000329251126
3.197103145211015
3.5481010806319127
4.355094594004761
7.529589241243223
6.356623216922946
4.2013465012667135
9.206171516658845
4.035917501780327
9.896593294558013
8.495342132701905
3.05703942586116
6.067396611046799
5.394193807048736
3.4984748209316687
8.840713280256912
9.336947134214126
6.900287009641677
6.311704421264989
0.7355962790794915
5.9960502161489675
5.471385785013452
4.270220123977985
7.168621219452754
3.4336209103287985
2.7707669278173026
3.7785066569290993
1.43684607053143
6.703926559646867
7.646208025019018
4.104980041975787
4.012520575069547
5.421365638222604
3.4513746392313873
10.26580376437768
10.713760708456505
3.7455058285147533
3.9738024384337662
9.219946241242747
4.2604634648048005
10.06311528835085
3.6462937881199626
5.035023720618156
4.5910286219956635
2.9009384636228606
4.931787839696307
6.294247712018801
3.765426260234643
3.4768396264196304
6.920507606896287
8.937818432237071
3.7262815710737462
3.8742503488263194
3.8728812271529565
3.858809404326793
0.9035727059771546
