0.5831775665283203
1.9215826988220215
3.4378719329833984
0.8774945735931396
0.6169440150260925
0.26172682642936707
2.248974561691284
-0.2447841763496399
1.1395082473754883
-0.3882750868797302
0.8866655826568604
0.9443756341934204
1.3490287065505981
1.2039366960525513
0.9026145339012146
0.9412865042686462
1.055673599243164
-0.2967627942562103
0.5875062942504883
0.7977685332298279
-0.31100767850875854
2.079618215560913
1.3883765935897827
1.094178318977356
-0.3939169943332672
5.0925726890563965
0.3631698787212372
2.428285598754883
1.2508739233016968
0.46531420946121216
-0.3751947581768036
0.6266501545906067
3.910538911819458
1.5288530588150024
0.9724964499473572
1.4572863578796387
1.317337989807129
0.6487654447555542
1.972741723060608
1.567094326019287
0.4498206377029419
1.2991901636123657
3.7945399284362793
1.336574912071228
0.8105872273445129
0.14567086100578308
-0.401909738779068
1.7005054950714111
2.99678111076355
0.739567220211029
-0.04094647616147995
-0.15897132456302643
1.2691081762313843
3.1636838912963867
1.4210810661315918
0.964243471622467
0.31174612045288086
-0.4819120764732361
4.156665325164795
0.1893286556005478
0.48391836881637573
-0.26190638542175293
0.13581153750419617
1.1956822872161865
3.396057367324829
3.0971860885620117
3.410808801651001
3.067776679992676
0.8062162399291992
2.019914150238037
0.7871634364128113
2.5830469131469727
5.073938369750977
2.903620719909668
0.29152965545654297
0.7916620373725891
3.147735595703125
-0.5945455431938171
0.8008582592010498
-0.9483228325843811
0.14052268862724304
0.5336587429046631
-0.12843693792819977
0.98098224401474
4.8560099601745605
0.8787803053855896
0.6319108009338379
0.9402900338172913
1.9541577100753784
0.6973505616188049
-0.48354482650756836
-0.20881877839565277
2.0941708087921143
0.7686622142791748
0.703031063079834
-0.04524005949497223
0.9717221856117249
4.664058685302734
0.8106683492660522
-0.4092629551887512
0.7423145771026611
2.0354819297790527
3.6904258728027344
2.8575878143310547
3.1859381198883057
1.0240103006362915
-0.1461038440465927
-0.3940632939338684
1.4084943532943726
0.6398042440414429
0.5027081370353699
0.6265162825584412
-0.4516669511795044
0.9637579917907715
0.8213435411453247
1.102508544921875
0.5833215117454529
2.8851637840270996
0.09849777072668076
2.7108609676361084
3.9536988735198975
0.21228525042533875
-0.7017835378646851
0.6182478666305542
1.1920632123947144
0.669510006904602
1.0155959129333496
-1.8493883609771729
