1.3378880023956299
0.9094302654266357
0.8835077881813049
0.8211981654167175
1.196392297744751
1.257109522819519
0.8412998914718628
1.3480561971664429
0.9053627252578735
2.2652101516723633
1.0138659477233887
0.8745387196540833
0.7773464322090149
0.8459746837615967
0.857749879360199
0.8275043964385986
1.6216663122177124
1.414892554283142
0.6877801418304443
0.7876650094985962
1.3518279790878296
0.8021928071975708
1.1318429708480835
0.9022344946861267
1.2000912427902222
0.7952947616577148
0.695227861404419
0.9452536702156067
0.6374673247337341
0.8600526452064514
1.1726515293121338
0.7804738283157349
0.7063391208648682
0.6395825743675232
0.9263350963592529
0.7593841552734375
0.9032653570175171
0.7635577917098999
0.7614461779594421
0.964581310749054
0.6444105505943298
0.9326700568199158
0.9153830409049988
1.1367710828781128
0.816007673740387
1.7916477918624878
1.4340016841888428
1.0540335178375244
0.7848830819129944
1.4757531881332397
0.927263617515564
1.7832998037338257
0.8402031064033508
1.0051987171173096
1.0054806470870972
0.9500924348831177
0.7921626567840576
1.5174634456634521
0.9309170246124268
0.6044690608978271
1.5768632888793945
1.8058834075927734
0.9934628009796143
0.9048352241516113
0.861388623714447
0.8595909476280212
0.8263196349143982
1.0032192468643188
0.7203653454780579
0.9697555303573608
1.0304358005523682
0.7416725754737854
0.7932526469230652
0.7048216462135315
0.8050763607025146
0.9870474934577942
0.7937379479408264
1.652530550956726
0.8816319704055786
2.015045404434204
1.0582129955291748
1.19508695602417
1.6301848888397217
0.7626250386238098
1.0682086944580078
0.9059309959411621
0.7267199754714966
1.1016273498535156
0.9050753712654114
0.8458582758903503
1.6214182376861572
1.1250357627868652
0.9370568990707397
0.8380392789840698
0.8650988936424255
1.799768090248108
0.9031601548194885
0.7585388422012329
0.8404191136360168
1.2152595520019531
1.4489444494247437
1.0112388134002686
0.7537519931793213
0.9761919379234314
0.8310067057609558
0.7757595181465149
1.54302179813385
1.8966013193130493
0.7217258214950562
0.9267880320549011
1.058025598526001
0.7773278951644897
1.9673928022384644
0.824984610080719
0.8259881734848022
1.0674962997436523
0.7703341841697693
0.7199526429176331
1.586931824684143
0.8442040681838989
0.8747795224189758
1.345088005065918
2.010024309158325
0.7940593361854553
0.8288987874984741
0.8262848258018494
0.8511068820953369
1.2692183256149292
